Fol_2018-01-15.10_23_14.5_.txt     Output is probe cell, reduced cell, NCDist distance between
0    -166.52470  80.68010 -154.53871 -126.74871  73.32209 -145.65523       -73.85861 -46.06861  -7.35801 -85.84460 -64.97513 -80.68010      8.98773e-14
1    -164.11200  80.40482 -152.90339 -127.48919  70.29982 -147.46520       -72.49858 -47.08437 -10.10500 -83.70718 -67.06038 -80.40482      4.40681
2    -161.69929  80.12953 -151.26807 -128.22966  67.27755 -149.27516       -71.13854 -48.10013 -12.85198 -81.56976 -69.14563 -80.12953      8.81363
3    -159.28659  79.85424 -149.63275 -128.97014  64.25527 -151.08512       -69.77851 -49.11590 -15.59897 -79.43235 -71.23088 -79.85424      13.2204
4    -156.87388  79.57895 -147.99743 -129.71062  61.23300 -152.89509       -68.41848 -50.13166 -18.34595 -77.29493 -73.31613 -79.57895      17.6273
5    -154.46118  79.30367 -146.36211 -130.45109  58.21073 -154.70505       -67.05844 -51.14743 -21.09294 -75.15751 -75.40138 -79.30367      22.0341
6    -152.04847  79.02838 -144.72679 -131.19157  55.18846 -156.51501       -65.69841 -52.16319 -23.83992 -73.02009 -77.48663 -79.02838      26.4409
7    -149.63577  78.75309 -143.09147 -131.93204  52.16618 -158.32498       -64.33838 -53.17895 -26.58691 -70.88268 -79.57189 -78.75309      30.8477
8    -147.22306  78.47780 -141.45615 -132.67252  49.14391 -160.13494       -62.97835 -54.19472 -29.33389 -68.74526 -81.65714 -78.47780      34.5275
9    -144.81036  78.20252 -139.82083 -133.41300  46.12164 -161.94490       -61.61831 -55.21048 -32.08088 -66.60784 -83.74239 -78.20252      34.8424
10    -142.39765  77.92723 -138.18551 -134.15347  43.09937 -163.75487       -60.25828 -56.22624 -34.82786 -64.47042 -85.82764 -77.92723      35.7026
11    -139.98494  77.65194 -136.55019 -134.89395  40.07709 -165.56483       -58.89825 -57.24201 -37.57485 -62.33300 -87.91289 -77.65194      37.0702
12    -137.57224  77.37665 -134.91487 -135.63442  37.05482 -167.37479       -57.53822 -58.25777 -40.32183 -60.19559 -89.99814 -77.37665      38.8916
13    -135.15953  77.10136 -133.27955 -136.37490  34.03255 -169.18476       -56.17818 -59.27354 -43.06882 -58.05817 -92.08339 -77.10136      41.1067
14    -132.74683  76.82608 -131.64423 -137.11538  31.01028 -170.99472       -54.81815 -45.81580 -60.28930 -55.92075 -76.82608 -94.16864      43.6556
15    -130.33412  76.55079 -130.00891 -137.85585  27.98800 -172.80468       -53.45812 -48.56279 -61.30506 -53.78333 -76.55079 -96.25389      46.4832
16    -127.92142  76.27550 -128.37359 -138.59633  24.96573 -174.61465       -52.09808 -51.30977 -62.32083 -51.64592 -76.27550 -98.33915      49.542
17    -125.50871  76.00021 -126.73826 -139.33681  21.94346 -176.42461       -50.73805 -54.05676 -63.33659 -49.50850 -76.00021 -100.42440      52.7918
18    -123.09601  75.72493 -125.10294 -140.07728  18.92118 -178.23457       -49.37802 -56.80374 -64.35236 -47.37108 -75.72493 -102.50965      56.1995
19    -120.68330  75.44964 -123.46762 -140.81776  15.89891 -180.04454       -48.01799 -59.55073 -65.36812 -45.23366 -75.44964 -104.59490      59.738
20    -118.27059  75.17435 -121.83230 -141.55823  12.87664 -181.85450       -46.65795 -62.29771 -66.38388 -43.09624 -75.17435 -106.68015      61.4738
21    -115.85789  74.89906 -120.19698 -142.29871   9.85437 -183.66446       -45.29792 -65.04470 -67.39965 -40.95883 -74.89906 -108.76540      61.4752
22    -113.44518  74.62377 -118.56166 -143.03919   6.83209 -185.47443       -43.93789 -67.79168 -68.41541 -38.82141 -74.62377 -110.85065      61.7916
23    -111.03248  74.34849 -116.92634 -143.77966   3.80982 -187.28439       -74.34849 -36.68399 -69.43118 -70.53867 -42.57786 -112.93590      62.4183
24    -108.61977  74.07320 -115.29102 -144.52014   0.78755 -189.09435       -74.07320 -34.54657 -70.44694 -73.28565 -41.21782 -115.02115      63.3461
25    -106.20707  73.79791 -113.65570 -145.26061  -2.23472 -190.90432       -73.79791 -32.40916 -71.46270 -76.03264 -39.85779 -117.10641      64.5619
26    -103.79436  73.52262 -112.02038 -146.00109  -5.25700 -192.71428       -73.52262 -30.27174 -72.47847 -78.77962 -38.49776 -119.19166      66.05
27    -101.38166  73.24734 -110.38506 -146.74157  -8.27927 -194.52424       -73.24734 -28.13432 -73.49423 -81.52661 -37.13772 -121.27691      67.7924
28    -98.96895  72.97205 -108.74974 -147.48204 -11.30154 -196.33421       -25.99690 -72.97205 -74.50999 -35.77769 -84.27359 -123.36216      69.77
29    -96.55625  72.69676 -107.11442 -148.22252 -14.32381 -198.14417       -23.85948 -72.69676 -75.52576 -34.41766 -87.02058 -125.44741      71.9634
30    -94.14354  72.42147 -105.47910 -148.96299 -17.34609 -199.95413       -21.72207 -72.42147 -76.54152 -33.05763 -89.76756 -127.53266      74.3536
31    -91.73083  72.14618 -103.84378 -149.70347 -20.36836 -201.76410       -19.58465 -72.14618 -77.55729 -31.69759 -92.51454 -129.61791      76.9222
32    -89.31813  71.87090 -102.20846 -150.44395 -23.39063 -203.57406       -17.44723 -71.87090 -78.57305 -30.33756 -95.26153 -131.70316      79.6519
33    -86.90542  71.59561 -100.57314 -151.18442 -26.41291 -205.38402       -15.30981 -71.59561 -79.58881 -28.97753 -98.00851 -133.78842      82.5268
34    -84.49272  71.32032 -98.93782 -151.92490 -29.43518 -207.19399       -13.17240 -71.32032 -80.60458 -27.61750 -100.75550 -135.87367      85.5321
35    -82.08001  71.04503 -97.30250 -152.66538 -32.45745 -209.00395       -11.03498 -71.04503 -81.62034 -26.25746 -103.50248 -137.95892      88.6548
36    -79.66731  70.76975 -95.66718 -153.40585 -35.47972 -210.81391        -8.89756 -70.76975 -82.63611 -24.89743 -106.24947 -140.04417      91.8827
37    -77.25460  70.49446 -94.03186 -154.14633 -38.50200 -212.62388        -6.76014 -70.49446 -83.65187 -23.53740 -108.99645 -142.12942      95.2052
38    -74.84190  70.21917 -92.39654 -154.88680 -41.52427 -214.43384        -4.62272 -70.21917 -84.66763 -22.17736 -111.74344 -144.21467      98.6128
39    -72.42919  69.94388 -90.76121 -155.62728 -44.54654 -216.24380        -2.48531 -69.94388 -85.68340 -20.81733 -114.49042 -146.29992      99.4979
40    -70.01648  69.66860 -89.12589 -156.36776 -47.56881 -218.05377        -0.34789 -69.66860 -86.69916 -19.45730 -117.23741 -148.38517      102.861    *****
41    -67.60378  69.39331 -87.49057 -157.10823 -50.59109 -219.86373        -1.78953 -67.60378 -118.19487 -19.88679 -85.92540 -148.68090      102.682
42    -65.19107  69.11802 -85.85525 -157.84871 -53.61336 -221.67370        -3.92695 -65.19107 -118.80443 -20.66418 -84.80374 -148.62873      101.659
43    -62.77837  68.84273 -84.21993 -158.58918 -56.63563 -223.48366        -6.06436 -62.77837 -119.41400 -21.44156 -83.68209 -148.57656      100.75
44    -60.36566  68.56744 -82.58461 -159.32966 -59.65790 -225.29362        -8.20178 -60.36566 -120.02357 -22.21895 -82.56044 -148.52440      99.9601
45    -57.95296  68.29216 -80.94929 -160.07014 -62.68018 -227.10359       -10.33920 -57.95296 -120.63313 -22.99634 -81.43878 -148.47223      99.2908
46    -55.54025  68.01687 -79.31397 -160.81061 -65.70245 -228.91355       -12.47662 -55.54025 -121.24270 -23.77372 -80.31713 -148.42006      98.745
47    -53.12755  67.74158 -77.67865 -161.55109 -68.72472 -230.72351       -14.61403 -53.12755 -121.85227 -24.55111 -79.19547 -148.36790      98.3245
48    -50.71484  67.46629 -76.04333 -162.29157 -71.74700 -232.53348       -16.75145 -122.46184 -50.71484 -25.32849 -148.31573 -78.07382      98.0312
49    -48.30214  67.19101 -74.40801 -163.03204 -74.76927 -234.34344       -18.88887 -123.07140 -48.30214 -26.10588 -148.26356 -76.95217      97.8661
50    -45.88943  66.91572 -72.77269 -163.77252 -77.79154 -236.15340       -21.02629 -123.68097 -45.88943 -26.88326 -148.21140 -75.83051      97.8298
51    -43.47672  66.64043 -71.13737 -164.51299 -80.81381 -237.96337       -23.16371 -124.29054 -43.47672 -27.66065 -148.15923 -74.70886      97.9226
52    -41.06402  66.36514 -69.50205 -165.25347 -83.83609 -239.77333       -25.30112 -124.90010 -41.06402 -28.43803 -148.10706 -73.58720      97.1314
53    -38.65131  66.08985 -67.86673 -165.99395 -86.85836 -241.58329       -27.43854 -125.50967 -38.65131 -29.21542 -148.05490 -72.46555      95.9716
54    -36.23861  65.81457 -66.23141 -166.73442 -89.88063 -243.39326       -29.57596 -126.11924 -36.23861 -29.99280 -148.00273 -71.34390      94.9307
55    -33.82590  65.53928 -64.59609 -167.47490 -92.90290 -245.20322       -31.71338 -126.72881 -33.82590 -30.77019 -147.95056 -70.22224      94.0126
56    -31.41320  65.26399 -62.96077 -168.21537 -95.92518 -247.01318       -33.85079 -127.33837 -31.41320 -31.54757 -147.89840 -69.10059      93.2211
57    -29.00049  64.98870 -61.32545 -168.95585 -98.94745 -248.82315       -35.98821 -127.94794 -29.00049 -32.32496 -147.84623 -67.97893      92.5593
58    -26.58779  64.71342 -59.69013 -169.69633 -101.96972 -250.63311       -38.12563 -128.55751 -26.58779 -33.10234 -147.79406 -66.85728      92.03
59    -24.17508  64.43813 -58.05481 -170.43680 -104.99199 -252.44307       -40.26305 -129.16707 -24.17508 -33.87973 -147.74190 -65.73563      91.6356
60    -21.76237  64.16284 -56.41949 -171.17728 -108.01427 -254.25304       -42.40047 -129.77664 -21.76237 -34.65711 -147.68973 -64.61397      91.3777
61    -19.34967  63.88755 -54.78416 -171.91776 -111.03654 -256.06300       -44.53788 -130.38621 -19.34967 -35.43450 -147.63756 -63.49232      91.2576
62    -16.93696  63.61226 -53.14884 -172.65823 -114.05881 -257.87296       -46.67530 -130.99578 -16.93696 -36.21188 -147.58540 -62.37067      91.2758
63    -14.52426  63.33698 -51.51352 -173.39871 -117.08108 -259.68293       -48.81272 -131.60534 -14.52426 -36.98927 -147.53323 -61.24901      91.0746
64    -12.11155  63.06169 -49.87820 -174.13918 -120.10336 -261.49289       -50.95014 -132.21491 -12.11155 -37.76665 -147.48106 -60.12736      91.0006
65     -9.69885  62.78640 -48.24288 -174.87966 -123.12563 -263.30285       -53.08755 -132.82448  -9.69885 -38.54404 -147.42890 -59.00570      91.0653
66     -7.28614  62.51111 -46.60756 -175.62014 -126.14790 -265.11282       -147.37673 -39.32142  -7.28614 -133.43404 -55.22497 -57.88405      91.2684
67     -4.87344  62.23583 -44.97224 -176.36061 -129.17018 -266.92278       -147.32456 -40.09881  -4.87344 -134.04361 -57.36239 -56.76240      91.609
68     -2.46073  61.96054 -43.33692 -177.10109 -132.19245 -268.73274       -147.27240 -40.87619  -2.46073 -134.65318 -59.49981 -55.64074      80.6685    *****
69     -0.04803  61.68525 -41.70160 -177.84156 -135.21472 -270.54271       -147.22023 -41.65358  -0.04803 -135.26275 -61.63723 -54.51909      81.5801
70      2.36468  61.40996 -40.06628 -178.58204 -138.23699 -272.35267        -2.36468 -61.40996 -40.06628 -55.76212 -133.50763 -144.80338      89.4456    *****
71      4.77739  61.13468 -38.43096 -179.32252 -141.25927 -274.16263        -4.77739 -61.13468 -38.43096 -57.05317 -131.70449 -142.33851      93.8085
72      7.19009  60.85939 -36.79564 -180.06299 -144.28154 -275.97260        -7.19009 -60.85939 -36.79564 -58.34422 -129.90136 -139.87364      89.6434
73      9.60280  60.58410 -35.16032 -180.80347 -147.30381 -277.78256        -9.60280 -60.58410 -35.16032 -59.63527 -128.09822 -137.40877      85.5041
74     12.01550  60.30881 -33.52500 -181.54395 -150.32608 -279.59252       -12.01550 -60.30881 -33.52500 -60.92632 -126.29508 -134.94390      81.3948
75     14.42821  60.03352 -31.88968 -182.28442 -153.34836 -281.40249       -14.42821 -60.03352 -31.88968 -62.21737 -124.49194 -132.47902      77.3201
76     16.84091  59.75824 -30.25436 -183.02490 -156.37063 -283.21245       -16.84091 -59.75824 -30.25436 -63.50842 -122.68880 -130.01415      73.2858
77     19.25362  59.48295 -28.61904 -183.76537 -159.39290 -285.02241       -19.25362 -59.48295 -28.61904 -64.79948 -120.88566 -127.54928      69.2991
78     21.66632  59.20766 -26.98372 -184.50585 -162.41517 -286.83238       -21.66632 -59.20766 -26.98372 -66.09053 -119.08253 -125.08441      65.3685
79     24.07903  58.93237 -25.34840 -185.24633 -165.43745 -288.64234       -24.07903 -58.93237 -25.34840 -67.38158 -117.27939 -122.61953      61.5048
80     26.49174  58.65709 -23.71308 -185.98680 -168.45972 -290.45230       -26.49174 -58.65709 -23.71308 -68.67263 -115.47625 -120.15466      57.7215
81     28.90444  58.38180 -22.07776 -186.72728 -171.48199 -292.26227       -28.90444 -58.38180 -22.07776 -69.96368 -113.67311 -117.68979      54.0355
82     31.31715  58.10651 -20.44244 -187.46775 -174.50427 -294.07223       -31.31715 -58.10651 -20.44244 -71.25473 -111.86997 -115.22492      50.4681
83     33.72985  57.83122 -18.80711 -188.20823 -177.52654 -295.88219       -33.72985 -57.83122 -18.80711 -72.54579 -110.06683 -112.76005      47.0463
84     36.14256  57.55593 -17.17179 -188.94871 -180.54881 -297.69216       -36.14256 -57.55593 -17.17179 -73.83684 -108.26370 -110.29517      43.8042
85     38.55526  57.28065 -15.53647 -189.68918 -183.57108 -299.50212       -38.55526 -57.28065 -15.53647 -75.12789 -106.46056 -107.83030      40.7847
86     40.96797  57.00536 -13.90115 -190.42966 -186.59336 -301.31208       -40.96797 -57.00536 -13.90115 -76.41894 -104.65742 -105.36543      38.0409
87     43.38067  56.73007 -12.26583 -191.17014 -189.61563 -303.12205       -43.38067 -56.73007 -12.26583 -77.70999 -102.85428 -102.90056      35.6364
88     45.79338  56.45478 -10.63051 -191.91061 -192.63790 -304.93201       -45.79338 -56.45478 -10.63051 -79.00104 -101.05114 -100.43569      33.6441
89     48.20609  56.17950  -8.99519 -192.65109 -195.66017 -306.74197       -48.20609 -56.17950  -8.99519 -80.29210 -99.24800 -97.97081      32.1408
90     50.61879  55.90421  -7.35987 -193.39156 -198.68245 -308.55194       -50.61879 -55.90421  -7.35987 -81.58315 -97.44487 -95.50594      31.1972
91     53.03150  55.62892  -5.72455 -194.13204 -201.70472 -310.36190       -53.03150 -55.62892  -5.72455 -82.87420 -95.64173 -93.04107      30.8646
92     55.44420  55.35363  -4.08923 -194.87252 -204.72699 -312.17187       -55.44420 -55.35363  -4.08923 -84.16525 -93.83859 -90.57620      31.1628
93     57.85691  55.07834  -2.45391 -195.61299 -207.74926 -313.98183       -57.85691 -55.07834  -2.45391 -85.45630 -92.03545 -88.11133      25.5238    *****
94     60.26961  54.80306  -0.81859 -196.35347 -210.77154 -315.79179       -60.26961 -54.80306  -0.81859 -86.74735 -90.23231 -85.64645      22.1126
95     62.68232  54.52777   0.81673 -197.09394 -213.79381 -317.60176       -87.61244 -53.71104  -0.81673 -87.22168 -61.86559 -83.99831      17.6901
96     65.09502  54.25248   2.45205 -197.83442 -216.81608 -319.41172       -84.17398 -51.80043  -2.45205 -86.87741 -62.64297 -83.16876      13.2676
97     67.50773  53.97719   4.08737 -198.57490 -219.83836 -321.22168       -80.73553 -49.88982  -4.08737 -86.53314 -63.42036 -82.33921      8.84504
98     69.92043  53.70191   5.72269 -199.31537 -222.86063 -323.03165       -77.29707 -47.97921  -5.72269 -86.18887 -64.19774 -81.50966      4.42252
99     72.33314  53.42662   7.35801 -200.05585 -225.88290 -324.84161       -73.85861 -46.06861  -7.35801 -85.84460 -64.97513 -80.68010      4.92278e-14
