PointDistanceFollower   Jun 17 2018   mode =  LINE3 
LINE3_RAND%_.15_0.txt      Output is S6 probe cell, C3 reduced cell,  S6Dist CS6Dist  distance between 
Compute times (msec)     S6Dist   47   CS6Dist  1
PointDistanceFollower  Jun 17 2018  mode = LINE3
LINE3_RAND%_.15_0.txt     Output is S6 probe cell, C3 reduced cell, S6Dist CS6Dist distance between
0    -1311.60351 718.60282 -3454.68455 -3915.71502 2097.32454 -2573.59445     (-571.639,-593.001) (-1032.669,-1311.604) (-785.721,-1261.991)      16.85834 -2271.92293 -2803.06481 940.02088 -2208.15685 -2413.61654     (-923.163,-940.021) (-1863.044,-1268.136) (-1331.902,-1473.596)      973.311  973.311  
1    -1291.41336 692.58598 -3442.87764 -3885.26411 2068.50436 -2581.87998     (-597.282,-598.827) (-1039.669,-1291.413) (-777.091,-1290.467)      37.04849 -2297.93977 -2791.25790 970.47179 -2236.97703 -2421.90206     (-933.423,-970.472) (-1820.786,-1266.505) (-1327.468,-1451.430)      958.268  958.268  
2    -1271.22321 666.56913 -3431.07074 -3854.81319 2039.68418 -2590.16550     (-622.926,-604.654) (-1046.668,-1271.223) (-768.461,-1318.942)      57.23864 -2323.95661 -2779.45099 1000.92271 -2265.79721 -2430.18758     (-943.684,-1000.923) (-1778.528,-1264.874) (-1323.034,-1429.265)      946.513  946.513  
3    -1251.03306 640.55229 -3419.26383 -3824.36228 2010.86401 -2598.45102     (-648.569,-610.481) (-1053.667,-1251.033) (-759.831,-1347.418)      77.42879 -2349.97345 -2767.64409 1031.37362 -2294.61738 -2438.47310     (-953.945,-1031.374) (-1736.270,-1263.244) (-1318.600,-1407.099)      938.168  938.168  
4    -1230.84291 614.53545 -3407.45692 -3793.91136 1982.04383 -2606.73654     (-674.212,-616.307) (-1060.667,-1230.843) (-751.201,-1375.894)      97.61894 -2375.99030 -2755.83718 1061.82453 -2323.43756 -2446.75862     (-964.206,-1061.825) (-1694.013,-1261.613) (-1314.166,-1384.934)      933.325  933.325  
5    -1210.65276 588.51860 -3395.65001 -3763.46045 1953.22366 -2615.02206     (-699.855,-622.134) (-1067.666,-1210.653) (-742.571,-1404.369)     117.80909 -2402.00714 -2744.03027 1092.27545 -2352.25773 -2455.04414     (-974.466,-1092.275) (-1651.755,-1259.982) (-1309.732,-1362.769)      932.038  932.038  
6    -1190.46261 562.50176 -3383.84311 -3733.00953 1924.40348 -2623.30758     (-725.499,-627.961) (-1074.665,-1190.463) (-733.941,-1432.845)     137.99924 -2428.02398 -2732.22336 1122.72636 -2381.07791 -2463.32966     (-984.727,-1122.726) (-1609.497,-1258.352) (-1305.298,-1340.603)      934.323  934.323  
7    -1170.27246 536.48492 -3372.03620 -3702.55862 1895.58330 -2631.59310     (-751.142,-633.788) (-1081.664,-1170.272) (-725.311,-1461.321)     158.18939 -2454.04083 -2720.41646 1153.17728 -2409.89809 -2471.61519     (-994.988,-1153.177) (-1567.239,-1256.721) (-1300.864,-1318.438)      940.153  940.153  
8    -1150.08232 510.46808 -3360.22929 -3672.10770 1866.76313 -2639.87862     (-776.785,-639.614) (-1088.664,-1150.082) (-716.681,-1489.796)     178.37954 -2480.05767 -2708.60955 1183.62819 -2438.71826 -2479.90071     (-1005.249,-1183.628) (-1524.981,-1255.090) (-1296.429,-1296.273)      945.361  945.361  
9    -1129.89217 484.45123 -3348.42239 -3641.65679 1837.94295 -2648.16414     (-802.429,-645.441) (-1095.663,-1129.892) (-708.051,-1518.272)     198.56969 -2506.07451 -2696.80264 1214.07911 -2467.53844 -2488.18623     (-1015.509,-1214.079) (-1482.724,-1253.459) (-1291.995,-1274.107)      948.794  948.794  
10    -1109.70202 458.43439 -3336.61548 -3611.20587 1809.12278 -2656.44966     (-828.072,-651.268) (-1102.662,-1109.702) (-699.421,-1546.748)     218.75984 -2532.09135 -2684.99573 1244.53002 -2496.35861 -2496.47175     (-1025.770,-1244.530) (-1440.466,-1251.829) (-1287.561,-1251.942)      955.708  955.708  
11    -1089.51187 432.41755 -3324.80857 -3580.75496 1780.30260 -2664.73519     (-853.715,-657.094) (-1109.662,-1089.512) (-690.791,-1575.223)     238.94999 -2558.10820 -2673.18883 1274.98094 -2525.17879 -2504.75727     (-1036.031,-1274.981) (-1398.208,-1250.198) (-1283.127,-1229.776)      966.027  966.027  
12    -1069.32172 406.40071 -3313.00166 -3550.30405 1751.48242 -2673.02071     (-879.359,-662.921) (-1116.661,-1069.322) (-682.161,-1603.699)     259.14014 -2584.12504 -2661.38192 1305.43185 -2553.99897 -2513.04279     (-1046.292,-1305.432) (-1355.950,-1248.567) (-1278.693,-1207.611)      979.644  979.644  
13    -1049.13157 380.38386 -3301.19476 -3519.85313 1722.66225 -2681.30623     (-905.002,-668.748) (-1123.660,-1049.132) (-673.531,-1632.175)     279.33028 -2610.14188 -2649.57501 1335.88277 -2582.81914 -2521.32831     (-1056.552,-1335.883) (-1313.692,-1246.936) (-1274.259,-1185.446)      982.647  982.647  
14    -1028.94142 354.36702 -3289.38785 -3489.40222 1693.84207 -2689.59175     (-930.645,-674.574) (-1130.659,-1028.941) (-664.901,-1660.650)     299.52043 -2636.15872 -2637.76811 1366.33368 -2611.63932 -2529.61383     (-1066.813,-1366.334) (-1271.434,-1245.306) (-1269.825,-1163.280)      972.038  972.038  
15    -1008.75127 328.35018 -3277.58094 -3458.95130 1665.02189 -2697.87727     (-956.288,-680.401) (-1137.659,-1008.751) (-656.271,-1689.126)     319.71058 -2662.17557 -2625.96120 1396.78460 -2640.45949 -2537.89935     (-1077.074,-1396.785) (-1229.177,-1243.675) (-1265.391,-1141.115)      963.331  963.331  
16    -988.56112 302.33333 -3265.77403 -3428.50039 1636.20172 -2706.16279     (-981.932,-686.228) (-1144.658,-988.561) (-647.641,-1717.602)     339.90073 -2688.19241 -2614.15429 1427.23551 -2669.27967 -2546.18487     (-1087.335,-1427.236) (-1186.919,-1242.044) (-1260.957,-1118.949)      947.992  947.992  
17    -968.37097 276.31649 -3253.96713 -3398.04947 1607.38154 -2714.44831     (-1007.575,-692.054) (-1151.657,-968.371) (-639.011,-1746.077)     360.09088 -2714.20925 -2602.34738 1457.68642 -2698.09985 -2554.47039     (-1097.596,-1457.686) (-1144.661,-1240.413) (-1256.523,-1096.784)      934.844  934.844  
18    -948.18082 250.29965 -3242.16022 -3367.59856 1578.56137 -2722.73383     (-1033.218,-697.881) (-1158.657,-948.181) (-630.381,-1774.553)     380.28103 -2740.22610 -2590.54048 1488.13734 -2726.92002 -2562.75592     (-1107.856,-1488.137) (-1102.403,-1238.783) (-1252.089,-1074.619)      908.267  908.267  
19    -927.99067 224.28281 -3230.35331 -3337.14764 1549.74119 -2731.01935     (-1058.862,-703.708) (-1165.656,-927.991) (-621.751,-1803.029)     400.47118 -2766.24294 -2578.73357 1518.58825 -2755.74020 -2571.04144     (-1118.117,-1518.588) (-1060.145,-1237.152) (-1247.655,-1052.453)      884.662  884.662  
20    -907.80052 198.26596 -3218.54641 -3306.69673 1520.92101 -2739.30487     (-1084.505,-709.535) (-1172.655,-907.801) (-613.120,-1831.504)     420.66133 -2792.25978 -2566.92666 1549.03917 -2784.56037 -2579.32696     (-1128.378,-1549.039) (-1017.887,-1235.521) (-1243.221,-1030.288)      864.274  864.274  
21    -887.61037 172.24912 -3206.73950 -3276.24581 1492.10084 -2747.59040     (-1110.148,-715.361) (-1179.655,-887.610) (-604.490,-1859.980)     440.85148 -2818.27662 -2555.11976 1579.49008 -2813.38055 -2587.61248     (-1138.639,-1579.490) (-975.630,-1233.890) (-1238.787,-1008.122)      847.334  847.334  
22    -867.42022 146.23228 -3194.93259 -3245.79490 1463.28066 -2755.87592     (-1135.791,-721.188) (-1186.654,-867.420) (-595.860,-1888.456)     461.04163 -2844.29347 -2543.31285 1609.94100 -2842.20073 -2595.89800     (-1148.899,-1609.941) (-933.372,-1232.260) (-1234.352,-985.957)      834.054  834.054  
23    -847.23007 120.21544 -3183.12568 -3215.34398 1434.46049 -2764.16144     (-1161.435,-727.015) (-1193.653,-847.230) (-587.230,-1916.931)     481.23178 -2870.31031 -2531.50594 1640.39191 -2871.02090 -2604.18352     (-1159.160,-1640.392) (-891.114,-1230.629) (-1229.918,-963.792)      824.608  824.608  
24    -827.03992  94.19859 -3171.31878 -3184.89307 1405.64031 -2772.44696     (-1187.078,-732.841) (-1200.652,-827.040) (-578.600,-1945.407)     501.42193 -2896.32715 -2519.69903 1670.84283 -2899.84108 -2612.46904     (-1169.421,-1670.843) (-848.856,-1228.998) (-1225.484,-941.626)      819.131  819.131  
25    -806.84977  68.18175 -3159.51187 -3154.44216 1376.82013 -2780.73248     (-1212.721,-738.668) (-1207.652,-806.850) (-569.970,-1973.883)     521.61208 -2922.34399 -2507.89213 1701.29374 -2928.66126 -2620.75456     (-1179.682,-1701.294) (-806.598,-1227.368) (-1221.050,-919.461)      817.703  817.703  
26    -786.65962  42.16491 -3147.70496 -3123.99124 1347.99996 -2789.01800     (-1238.365,-744.495) (-1214.651,-786.660) (-561.340,-2002.358)     541.80223 -2948.36084 -2496.08522 1731.74466 -2957.48143 -2629.04008     (-1189.942,-1731.745) (-764.341,-1225.737) (-1216.616,-897.295)      820.343  820.343  
27    -766.46947  16.14806 -3135.89806 -3093.54033 1319.17978 -2797.30352     (-1264.008,-750.321) (-1221.650,-766.469) (-552.710,-2030.834)     561.99238 -2974.37768 -2484.27831 1762.19557 -2986.30161 -2637.32560     (-1200.203,-1762.196) (-722.083,-1224.106) (-1212.182,-875.130)      827.013  827.013  
28    -746.27932  -9.86878 -3124.09115 -3063.08941 1290.35961 -2805.58904     (-1289.651,-756.148) (-1228.650,-746.279) (-544.080,-2059.310)     582.18253 -3000.39452 -2472.47140 1792.64648 -3015.12178 -2645.61113     (-1210.464,-1792.646) (-679.825,-1222.475) (-1207.748,-852.965)      837.618  837.618  
29    -726.08918 -35.88562 -3112.28424 -3032.63850 1261.53943 -2813.87456     (-1315.295,-761.975) (-1235.649,-726.089) (-535.450,-2087.785)     602.37268 -3026.41137 -2460.66450 1823.09740 -3043.94196 -2653.89665     (-1220.725,-1823.097) (-637.567,-1220.845) (-1203.314,-830.799)      852.009  852.009  
30    -705.89903 -61.90246 -3100.47733 -3002.18758 1232.71925 -2822.16008     (-1340.938,-767.801) (-1242.648,-705.899) (-526.820,-2116.261)     622.56283 -3052.42821 -2448.85759 1853.54831 -3072.76214 -2662.18217     (-1230.985,-1853.548) (-595.309,-1219.214) (-1198.880,-808.634)      870  870  
31    -685.70888 -87.91931 -3088.67043 -2971.73667 1203.89908 -2830.44560     (-1366.581,-773.628) (-1249.647,-685.709) (-518.190,-2144.737)     642.75298 -3078.44505 -2437.05068 1883.99923 -3101.58231 -2670.46769     (-1241.246,-1883.999) (-553.051,-1217.583) (-1194.446,-786.468)      891.372  891.372  
32    -665.51873 -113.93615 -3076.86352 -2941.28575 1175.07890 -2838.73113     (-1392.224,-779.455) (-1256.647,-665.519) (-509.560,-2173.212)     662.94313 -3104.46189 -2425.24378 1914.45014 -3130.40249 -2678.75321     (-1251.507,-1914.450) (-510.794,-1215.952) (-1190.012,-764.303)      915.888  915.888  
33    -645.32858 -139.95299 -3065.05661 -2910.83484 1146.25873 -2847.01665     (-1417.868,-785.282) (-1263.646,-645.329) (-500.930,-2201.688)     683.13328 -3130.47874 -2413.43687 1944.90106 -3159.22266 -2687.03873     (-1261.768,-1944.901) (-468.536,-1214.322) (-1185.578,-742.138)      943.304  943.304  
34    -625.13843 -165.96983 -3053.24970 -2880.38392 1117.43855 -2855.30217     (-1443.511,-791.108) (-1270.645,-625.138) (-492.300,-2230.164)     703.32342 -3156.49558 -2401.62996 1975.35197 -3188.04284 -2695.32425     (-1272.029,-1975.352) (-426.278,-1212.691) (-1181.144,-719.972)      973.375  973.375  
35    -604.94828 -191.98668 -3041.44280 -2849.93301 1088.61837 -2863.58769     (-1469.154,-796.935) (-1277.645,-604.948) (-483.670,-2258.639)     723.51357 -3182.51242 -2389.82305 2005.80289 -3216.86302 -2703.60977     (-1282.289,-2005.803) (-384.020,-1211.060) (-1176.710,-697.807)      1005.86  1005.86  
36    -584.75813 -218.00352 -3029.63589 -2819.48210 1059.79820 -2871.87321     (-1494.798,-802.762) (-1284.644,-584.758) (-475.040,-2287.115)     743.70372 -3208.52926 -2378.01615 2036.25380 -3245.68319 -2711.89529     (-1292.550,-2036.254) (-341.762,-1209.429) (-1172.275,-675.641)      1040.54  1040.54  
37    -564.56798 -244.02036 -3017.82898 -2789.03118 1030.97802 -2880.15873     (-1520.441,-808.588) (-1291.643,-564.568) (-466.410,-2315.591)     763.89387 -3234.54611 -2366.20924 2066.70472 -3274.50337 -2720.18081     (-1302.811,-2066.705) (-299.505,-1207.799) (-1167.841,-653.476)      1077.19  1077.19  
38    -544.37783 -270.03720 -3006.02208 -2758.58027 1002.15785 -2888.44425     (-1546.084,-814.415) (-1298.642,-544.378) (-457.780,-2344.066)     784.08402 -3260.56295 -2354.40233 2097.15563 -3303.32354 -2728.46633     (-1313.072,-2097.156) (-257.247,-1206.168) (-1163.407,-631.311)      1115.63  1115.63  
39    -524.18768 -296.05405 -2994.21517 -2728.12935 973.33767 -2896.72977     (-1571.728,-820.242) (-1305.642,-524.188) (-449.150,-2372.542)     804.27417 -3286.57979 -2342.59542 2127.60655 -3332.14372 -2736.75186     (-1323.332,-2127.607) (-214.989,-1204.537) (-1158.973,-609.145)      1155.68  1155.68  
40    -503.99753 -322.07089 -2982.40826 -2697.67844 944.51749 -2905.01529     (-1597.371,-826.068) (-1312.641,-503.998) (-440.520,-2401.018)     824.46432 -3312.59664 -2330.78852 2158.05746 -3360.96390 -2745.03738     (-1333.593,-2158.057) (-172.731,-1202.906) (-1154.539,-586.980)      1197.17  1197.17  
41    -483.80738 -348.08773 -2970.60135 -2667.22752 915.69732 -2913.30081     (-1623.014,-831.895) (-1319.640,-483.807) (-431.890,-2429.493)     844.65447 -3338.61348 -2318.98161 2188.50837 -3389.78407 -2753.32290     (-1343.854,-2188.508) (-130.473,-1201.276) (-1150.105,-564.815)      1239.96  1239.96  
42    -463.61723 -374.10458 -2958.79445 -2636.77661 886.87714 -2921.58634     (-1648.657,-837.722) (-1326.640,-463.617) (-423.260,-2457.969)     864.84462 -3364.63032 -2307.17470 2218.95929 -3418.60425 -2761.60842     (-1354.115,-2218.959) (-88.215,-1199.645) (-1145.671,-542.649)      1283.91  1283.91  
43    -443.42708 -400.12142 -2946.98754 -2606.32569 858.05696 -2929.87186     (-1674.301,-843.549) (-1333.639,-443.427) (-414.630,-2486.445)     885.03477 -3390.64716 -2295.36780 2249.41020 -3447.42442 -2769.89394     (-1364.375,-2249.410) (-45.958,-1198.014) (-1141.237,-520.484)      1328.93  1328.93  
44    -423.23693 -426.13826 -2935.18063 -2575.87478 829.23679 -2938.15738     (-1699.944,-849.375) (-1340.638,-423.237) (-406.000,-2514.920)     905.22492 -3416.66401 -2283.56089 2279.86112 -3476.24460 -2778.17946     (-1374.636,-2279.861) (-3.700,-1196.383) (-1136.803,-498.318)      1352.24  1353.72  
45    -403.04678 -452.15510 -2923.37372 -2545.42386 800.41661 -2946.44290     (-1725.587,-855.202) (-1347.637,-403.047) (-397.370,-2543.396)     925.41507 -3442.68085 -2271.75398 2310.31203 -3505.06478 -2786.46498     (-437.595,-2271.754) (-38.558,-1233.311) (-1093.811,-1346.339)      1356.44  1356.44  
46    -382.85663 -478.17195 -2911.56682 -2514.97295 771.59644 -2954.72842     (-1751.231,-861.029) (-1354.637,-382.857) (-388.740,-2571.872)     945.60522 -3468.69769 -2259.94707 2340.76295 -3533.88495 -2794.75050     (-373.172,-2259.947) (-80.816,-1273.938) (-1047.119,-1314.342)      1367.81  1367.81  
47    -362.66648 -504.18879 -2899.75991 -2484.52203 742.77626 -2963.01394     (-1776.874,-866.855) (-1361.636,-362.666) (-380.110,-2600.347)     965.79537 -3494.71453 -2248.14017 2371.21386 -3562.70513 -2803.03602     (-308.748,-2248.140) (-123.074,-1314.565) (-1000.427,-1282.345)      1386.99  1386.99  
48    -342.47633 -530.20563 -2887.95300 -2454.07112 713.95608 -2971.29946     (-1802.517,-872.682) (-1368.635,-342.476) (-371.480,-2628.823)     985.98552 -3520.73138 -2236.33326 2401.66478 -3591.52530 -2811.32154     (-244.325,-2236.333) (-165.332,-1355.192) (-953.735,-1250.348)      1413.67  1413.67  
49    -322.28618 -556.22247 -2876.14610 -2423.62021 685.13591 -2979.58498     (-1828.160,-878.509) (-1375.635,-322.286) (-362.850,-2657.299)     1006.17567 -3546.74822 -2224.52635 2432.11569 -3620.34548 -2819.60707     (-179.902,-2224.526) (-207.589,-1395.819) (-907.043,-1218.351)      1447.42  1447.42  
50    -302.09603 -582.23932 -2864.33919 -2393.16929 656.31573 -2987.87050     (-1853.804,-884.335) (-1382.634,-302.096) (-354.220,-2685.774)     1026.36582 -3572.76506 -2212.71944 2462.56661 -3649.16566 -2827.89259     (-115.479,-2212.719) (-249.847,-1436.446) (-860.351,-1186.354)      1398.7  1437.13  
51    -281.90589 -608.25616 -2852.53228 -2362.71838 627.49556 -2996.15602     (-1879.447,-890.162) (-1389.633,-281.906) (-345.590,-2714.250)     1046.55597 -3598.78191 -2200.91254 2493.01752 -3677.98583 -2836.17811     (-51.056,-2200.913) (-292.105,-1477.073) (-813.659,-1154.357)      1331.57  1348.05  
52    -261.71574 -634.27300 -2840.72537 -2332.26746 598.67538 -3004.44154     (-1905.090,-895.989) (-1396.632,-261.716) (-336.960,-2742.726)     1066.74612 -3624.79875 -2189.10563 2523.46844 -3706.80601 -2844.46363     (-13.368,-2202.473) (-320.995,-753.600) (-1504.333,-1108.992)      1277.15  1277.15  
53    -241.52559 -660.28985 -2828.91847 -2301.81655 569.85520 -3012.72707     (-1930.734,-901.815) (-1403.632,-241.526) (-328.330,-2771.201)     1086.93627 -3650.81559 -2177.29872 2553.91935 -3735.62619 -2852.74915     (-77.791,-2255.090) (-298.830,-642.485) (-1480.537,-1012.572)      1268.03  1268.03  
54    -221.33544 -686.30669 -2817.11156 -2271.36563 541.03503 -3021.01259     (-1956.377,-907.642) (-1410.631,-221.335) (-319.700,-2799.677)     1107.12642 -3676.83243 -2165.49182 2584.37026 -3764.44636 -2861.03467     (-142.214,-2307.706) (-276.664,-531.370) (-1456.741,-916.151)      1282.17  1282.17  
55    -201.14529 -712.32353 -2805.30465 -2240.91472 512.21485 -3029.29811     (-1982.020,-913.469) (-1417.630,-201.145) (-311.070,-2828.153)     1127.31656 -3702.84928 -2153.68491 2614.82118 -3793.26654 -2869.32019     (-206.637,-2360.322) (-254.499,-420.255) (-1432.944,-819.731)      1318.8  1318.8  
56    -180.95514 -738.34037 -2793.49774 -2210.46380 483.39468 -3037.58363     (-2007.664,-919.296) (-1424.630,-180.955) (-302.440,-2856.628)     1147.50671 -3728.86612 -2141.87800 2645.27209 -3822.08671 -2877.60571     (-271.060,-2412.938) (-232.334,-309.139) (-1409.148,-723.311)      1376.14  1376.14  
57    -160.76499 -764.35722 -2781.69084 -2180.01289 454.57450 -3045.86915     (-2033.307,-925.122) (-1431.629,-160.765) (-293.810,-2885.104)     1167.69686 -3754.88296 -2130.07109 2675.72301 -3850.90689 -2885.89123     (-335.484,-2465.555) (-210.168,-198.024) (-1385.352,-626.891)      1451.73  1451.73  
58    -140.57484 -790.37406 -2769.88393 -2149.56197 425.75432 -3054.15467     (-2058.950,-930.949) (-1438.628,-140.575) (-285.179,-2913.580)     1187.88701 -3780.89980 -2118.26419 2706.17392 -3879.72707 -2894.17675     (-399.907,-2518.171) (-188.003,-86.909) (-1361.556,-530.470)      1526.51  1526.51  
59    -120.38469 -816.39090 -2758.07702 -2119.11106 396.93415 -3062.44019     (-2084.593,-936.776) (-1445.627,-120.385) (-276.549,-2942.056)     1208.07716 -3806.91665 -2106.45728 2736.62484 -3908.54724 -2902.46228     (-1313.554,-2546.582) (-190.043,-24.206) (-440.124,-409.844)      1592.99  1596.64  
60    -100.19454 -842.40774 -2746.27012 -2088.66014 368.11397 -3070.72571     (-2110.237,-942.602) (-1452.627,-100.195) (-267.919,-2970.531)     1228.26731 -3832.93349 -2094.65037 2767.07575 -3937.36742 -2910.74780     (-1178.643,-2488.083) (-278.993,-135.321) (-393.432,-202.309)      1654.82  1670.07  
61    -80.00439 -868.42459 -2734.46321 -2058.20923 339.29380 -3079.01123     (-2135.880,-948.429) (-1459.626,-80.004) (-259.289,-2999.007)     1248.45746 -3858.95033 -2082.84346 2797.52667 -3966.18759 -2919.03332     (-362.716,-2424.357) (-1038.505,-241.209) (-351.967,-5.227)      1553.2  1553.2  
62    -59.81424 -894.44143 -2722.65630 -2027.75832 310.47362 -3087.29675     (-2161.523,-954.256) (-1466.625,-59.814) (-250.659,-3027.483)     1268.64761 -3884.96717 -2071.03656 2827.97758 -3995.00777 -2927.31884     (-244.130,-2158.323) (-696.058,-144.789) (-512.811,-212.762)      1484.93  1484.93  
63    -39.62409 -920.45827 -2710.84939 -1997.30740 281.65344 -3095.58228     (-2187.167,-960.082) (-1473.625,-39.624) (-242.029,-3055.958)     1288.83776 -3910.98402 -2059.22965 2858.42850 -4023.82795 -2935.60436     (-125.545,-1892.289) (-353.612,-48.369) (-673.654,-420.297)      1395.06  1395.06  
64    -19.43394 -946.47512 -2699.04249 -1966.85649 252.83327 -3103.86780     (-2212.810,-965.909) (-1480.624,-19.434) (-233.399,-3084.434)     1309.02791 -3937.00086 -2047.42274 2888.87941 -4052.64812 -2943.88988     (-745.354,-18.124) (-1537.111,-6.959) (-41.092,-620.874)      1326.06  1333.28  
65      0.75621 -972.49196 -2687.23558 -1936.40557 224.01309 -3112.15332     (-224.013,-970.980) (-1488.379,-0.756) (-2237.697,-3112.153)     1329.21806 -3963.01770 -2035.61584 2919.33032 -4081.46830 -2952.17540     (-50.448,-32.962) (-162.075,-140.796) (-88.240,-179.937)      2087.75  2087.75  
66     20.94636 -998.50880 -2675.42867 -1905.95466 195.19291 -3120.43884                            1349.40821 -3989.03455 -2023.80893 2949.78124 -4110.28847 -2960.46092     invalid  
67     41.13651 -1024.52564 -2663.62176 -1875.50374 166.37274 -3128.72436                            1369.59836 -4015.05139 -2012.00202 2980.23215 -4139.10865 -2968.74644     invalid  
68     61.32666 -1050.54249 -2651.81486 -1845.05283 137.55256 -3137.00988                            1389.78851 -4041.06823 -2000.19511 3010.68307 -4167.92883 -2977.03196     invalid  
69     81.51681 -1076.55933 -2640.00795 -1814.60191 108.73239 -3145.29540                            1409.97866 -4067.08507 -1988.38821 3041.13398 -4196.74900 -2985.31748     invalid  
70    101.70696 -1102.57617 -2628.20104 -1784.15100  79.91221 -3153.58092                            1430.16881 -4093.10192 -1976.58130 3071.58490 -4225.56918 -2993.60301     invalid  
71    121.89711 -1128.59301 -2616.39414 -1753.70008  51.09203 -3161.86644                            1450.35896 -4119.11876 -1964.77439 3102.03581 -4254.38935 -3001.88853     invalid  
72    142.08725 -1154.60986 -2604.58723 -1723.24917  22.27186 -3170.15196                            1470.54911 -4145.13560 -1952.96749 3132.48673 -4283.20953 -3010.17405     invalid  
73    162.27740 -1180.62670 -2592.78032 -1692.79826  -6.54832 -3178.43749                            1490.73926 -4171.15244 -1941.16058 3162.93764 -4312.02971 -3018.45957     invalid  
74    182.46755 -1206.64354 -2580.97341 -1662.34734 -35.36849 -3186.72301                            1510.92941 -4197.16929 -1929.35367 3193.38856 -4340.84988 -3026.74509     invalid  
75    202.65770 -1232.66039 -2569.16651 -1631.89643 -64.18867 -3195.00853                            1531.11956 -4223.18613 -1917.54676 3223.83947 -4369.67006 -3035.03061     invalid  
76    222.84785 -1258.67723 -2557.35960 -1601.44551 -93.00885 -3203.29405                            1551.30970 -4249.20297 -1905.73986 3254.29039 -4398.49024 -3043.31613     invalid  
77    243.03800 -1284.69407 -2545.55269 -1570.99460 -121.82902 -3211.57957                            1571.49985 -4275.21982 -1893.93295 3284.74130 -4427.31041 -3051.60165     invalid  
78    263.22815 -1310.71091 -2533.74579 -1540.54368 -150.64920 -3219.86509                            1591.69000 -4301.23666 -1882.12604 3315.19221 -4456.13059 -3059.88717     invalid  
79    283.41830 -1336.72776 -2521.93888 -1510.09277 -179.46937 -3228.15061                            1611.88015 -4327.25350 -1870.31913 3345.64313 -4484.95076 -3068.17269     invalid  
80    303.60845 -1362.74460 -2510.13197 -1479.64185 -208.28955 -3236.43613                            1632.07030 -4353.27034 -1858.51223 3376.09404 -4513.77094 -3076.45822     invalid  
81    323.79860 -1388.76144 -2498.32506 -1449.19094 -237.10973 -3244.72165                            1652.26045 -4379.28719 -1846.70532 3406.54496 -4542.59112 -3084.74374     invalid  
82    343.98875 -1414.77828 -2486.51816 -1418.74002 -265.92990 -3253.00717                            1672.45060 -4405.30403 -1834.89841 3436.99587 -4571.41129 -3093.02926     invalid  
83    364.17890 -1440.79513 -2474.71125 -1388.28911 -294.75008 -3261.29269                            1692.64075 -4431.32087 -1823.09151 3467.44679 -4600.23147 -3101.31478     invalid  
84    384.36905 -1466.81197 -2462.90434 -1357.83819 -323.57025 -3269.57822                            1712.83090 -4457.33771 -1811.28460 3497.89770 -4629.05164 -3109.60030     invalid  
85    404.55920 -1492.82881 -2451.09743 -1327.38728 -352.39043 -3277.86374                            1733.02105 -4483.35456 -1799.47769 3528.34862 -4657.87182 -3117.88582     invalid  
86    424.74935 -1518.84566 -2439.29053 -1296.93637 -381.21061 -3286.14926                            1753.21120 -4509.37140 -1787.67078 3558.79953 -4686.69200 -3126.17134     invalid  
87    444.93950 -1544.86250 -2427.48362 -1266.48545 -410.03078 -3294.43478                            1773.40135 -4535.38824 -1775.86388 3589.25045 -4715.51217 -3134.45686     invalid  
88    465.12965 -1570.87934 -2415.67671 -1236.03454 -438.85096 -3302.72030                            1793.59150 -4561.40509 -1764.05697 3619.70136 -4744.33235 -3142.74238     invalid  
89    485.31980 -1596.89618 -2403.86981 -1205.58362 -467.67114 -3311.00582                            1813.78165 -4587.42193 -1752.25006 3650.15227 -4773.15252 -3151.02790     invalid  
90    505.50995 -1622.91303 -2392.06290 -1175.13271 -496.49131 -3319.29134                            1833.97180 -4613.43877 -1740.44315 3680.60319 -4801.97270 -3159.31343     invalid  
91    525.70010 -1648.92987 -2380.25599 -1144.68179 -525.31149 -3327.57686                            1854.16195 -4639.45561 -1728.63625 3711.05410 -4830.79288 -3167.59895     invalid  
92    545.89025 -1674.94671 -2368.44908 -1114.23088 -554.13166 -3335.86238                            1874.35210 -4665.47246 -1716.82934 3741.50502 -4859.61305 -3175.88447     invalid  
93    566.08039 -1700.96355 -2356.64218 -1083.77996 -582.95184 -3344.14790                            1894.54225 -4691.48930 -1705.02243 3771.95593 -4888.43323 -3184.16999     invalid  
94    586.27054 -1726.98040 -2344.83527 -1053.32905 -611.77202 -3352.43343                            1914.73240 -4717.50614 -1693.21553 3802.40685 -4917.25340 -3192.45551     invalid  
95    606.46069 -1752.99724 -2333.02836 -1022.87813 -640.59219 -3360.71895                            1934.92255 -4743.52298 -1681.40862 3832.85776 -4946.07358 -3200.74103     invalid  
96    626.65084 -1779.01408 -2321.22145 -992.42722 -669.41237 -3369.00447                            1955.11270 -4769.53983 -1669.60171 3863.30868 -4974.89376 -3209.02655     invalid  
97    646.84099 -1805.03092 -2309.41455 -961.97631 -698.23254 -3377.28999                            1975.30284 -4795.55667 -1657.79480 3893.75959 -5003.71393 -3217.31207     invalid  
98    667.03114 -1831.04777 -2297.60764 -931.52539 -727.05272 -3385.57551                            1995.49299 -4821.57351 -1645.98790 3924.21051 -5032.53411 -3225.59759     invalid  
99    687.22129 -1857.06461 -2285.80073 -901.07448 -755.87290 -3393.86103                            2015.68314 -4847.59036 -1634.18099 3954.66142 -5061.35429 -3233.88311     invalid  
