PointDistanceFollower   Jun 17 2018   mode =  LINE3 
LINE3_RAND%_.9_0.txt      Output is S6 probe cell, C3 reduced cell,  S6Dist CS6Dist  distance between 
Compute times (msec)     S6Dist   39   CS6Dist  2
PointDistanceFollower  Jun 17 2018  mode = LINE3
LINE3_RAND%_.9_0.txt     Output is S6 probe cell, C3 reduced cell, S6Dist CS6Dist distance between
0    -1411.43549 -2062.54206 -46.82168 -2280.38837 -1628.81402 698.54987     (-1363.992,-1581.838) (-712.886,-930.264) (-745.372,-698.550)     1200.02940 -2835.42943 -2880.80105 1254.03952 -1287.57769 -1662.79582     (-54.010,-1254.040) (-1626.762,-33.538) (-1581.390,-408.756)      1139.21  1157.58  
1    -1431.87841 -2022.29610 -64.79142 -2297.51853 -1606.63207 676.06861     (-1346.227,-1621.450) (-755.810,-930.563) (-740.860,-676.069)     1179.58648 -2795.18347 -2898.77078 1236.90936 -1265.39575 -1685.27708     (-57.323,-1236.909) (-1661.861,-28.486) (-1558.274,-448.368)      1126.32  1145.25  
2    -1452.32132 -1982.05014 -82.76115 -2314.64869 -1584.45013 653.58736     (-1328.463,-1661.061) (-798.734,-930.863) (-736.349,-653.587)     1159.14356 -2754.93750 -2916.74052 1219.77920 -1243.21380 -1707.75834     (-60.636,-1219.779) (-1696.961,-23.435) (-1535.158,-487.979)      1116.57  1136.09  
3    -1472.76424 -1941.80418 -100.73089 -2331.77885 -1562.26819 631.10610     (-1310.698,-1700.673) (-841.658,-931.162) (-731.837,-631.106)     1138.70065 -2714.69154 -2934.71025 1202.64903 -1221.03186 -1730.23959     (-63.948,-1202.649) (-1732.061,-18.383) (-1512.043,-527.591)      1110.05  1130.22  
4    -1493.20715 -1901.55821 -118.70062 -2348.90901 -1540.08624 608.62485     (-1292.933,-1740.284) (-884.582,-931.461) (-727.325,-608.625)     1118.25773 -2674.44558 -2952.67999 1185.51887 -1198.84992 -1752.72085     (-67.261,-1185.519) (-1767.161,-13.331) (-1488.927,-567.202)      1106.8  1127.69  
5    -1513.65007 -1861.31225 -136.67035 -2366.03918 -1517.90430 586.14359     (-1275.169,-1779.896) (-927.506,-931.761) (-722.814,-586.144)     1097.81482 -2634.19962 -2970.64972 1168.38871 -1176.66797 -1775.20210     (-70.574,-1168.389) (-1802.261,-8.279) (-1465.811,-606.813)      1106.86  1128.06  
6    -1534.09298 -1821.06629 -154.64009 -2383.16934 -1495.72236 563.66233     (-1257.404,-1819.507) (-970.431,-932.060) (-718.302,-563.662)     1077.37190 -2593.95365 -2988.61945 1151.25855 -1154.48603 -1797.68336     (-73.887,-1151.259) (-1837.361,-3.227) (-1442.695,-646.425)      1110.22  1131.69  
7    -1554.53590 -1780.82033 -172.60982 -2400.29950 -1473.54041 541.18108     (-1239.639,-1859.118) (-1013.355,-932.359) (-713.791,-541.181)     1056.92899 -2553.70769 -3006.58919 1134.12839 -1132.30409 -1820.16462     (-1417.755,-1132.304) (-1874.285,-1.824) (-75.375,-684.212)      1112.45  1136.77  
8    -1574.97882 -1740.57436 -190.57956 -2417.42966 -1451.35847 518.69982     (-1221.875,-1898.730) (-1056.279,-932.659) (-709.279,-518.700)     1036.48607 -2513.46173 -3024.55892 1116.99822 -1110.12214 -1842.64587     (-1389.587,-1110.122) (-1914.437,-6.876) (-73.636,-718.772)      1113.13  1137.01  
9    -1595.42173 -1700.32840 -208.54929 -2434.55983 -1429.17653 496.21856     (-1204.110,-1938.341) (-1099.203,-932.958) (-704.768,-496.219)     1016.04315 -2473.21577 -3042.52866 1099.86806 -1087.94020 -1865.12713     (-1361.420,-1087.940) (-1954.588,-11.928) (-71.897,-753.331)      1117.5  1141.1  
10    -1615.86465 -1660.08244 -226.51903 -2451.68999 -1406.99458 473.73731     (-1186.345,-1977.953) (-1142.127,-933.257) (-700.256,-473.737)     995.60024 -2432.96980 -3060.49839 1082.73790 -1065.75826 -1887.60839     (-1333.252,-1065.758) (-1994.740,-16.980) (-70.158,-787.891)      1125.52  1148.98  
11    -1636.30756 -1619.83648 -244.48876 -2468.82015 -1384.81264 451.25605     (-1168.580,-2017.564) (-1185.052,-933.557) (-695.745,-451.256)     975.15732 -2392.72384 -3078.46813 1065.60774 -1043.57631 -1910.08964     (-1305.085,-1043.576) (-2034.892,-22.031) (-68.419,-822.450)      1137.11  1160.55  
12    -1656.75048 -1579.59051 -262.45850 -2485.95031 -1362.63070 428.77480     (-1150.816,-2057.176) (-1227.976,-933.856) (-691.233,-428.775)     954.71441 -2352.47788 -3096.43786 1048.47757 -1021.39437 -1932.57090     (-1276.917,-1021.394) (-2075.043,-27.083) (-66.680,-857.010)      1152.17  1175.69  
13    -1677.19340 -1539.34455 -280.42823 -2503.08047 -1340.44875 406.29354     (-1133.051,-2096.787) (-1270.900,-934.155) (-686.722,-406.294)     934.27149 -2312.23192 -3114.40760 1031.34741 -999.21243 -1955.05215     (-1248.750,-999.212) (-2115.195,-32.135) (-64.941,-891.570)      1170.56  1194.22  
14    -1697.63631 -1499.09859 -298.39796 -2520.21064 -1318.26681 383.81228     (-1115.286,-2136.398) (-1313.824,-934.455) (-682.210,-383.812)     913.82857 -2271.98595 -3132.37733 1014.21725 -977.03048 -1977.53341     (-1220.582,-977.030) (-2155.347,-37.187) (-63.202,-926.129)      1192.13  1214.17  
15    -1718.07923 -1458.85263 -316.36770 -2537.34080 -1296.08487 361.33103     (-1097.522,-2176.010) (-1356.748,-934.754) (-677.699,-361.331)     893.38566 -2231.73999 -3150.34706 997.08709 -954.84854 -2000.01467     (-1192.414,-954.849) (-2195.499,-42.239) (-61.463,-960.689)      1216.7  1236.84  
16    -1738.52214 -1418.60666 -334.33743 -2554.47096 -1273.90292 338.84977     (-1079.757,-2215.621) (-1399.672,-935.053) (-673.187,-338.850)     872.94274 -2191.49403 -3168.31680 979.95693 -932.66660 -2022.49592     (-1164.247,-932.667) (-2235.650,-47.290) (-59.724,-995.249)      1236.02  1259.31  
17    -1758.96506 -1378.36070 -352.30717 -2571.60112 -1251.72098 316.36852     (-1061.992,-2255.233) (-1442.597,-935.352) (-668.676,-316.369)     852.49983 -2151.24807 -3186.28653 962.82676 -910.48465 -2044.97718     (-1136.079,-910.485) (-2275.802,-52.342) (-57.985,-1029.808)      1257.99  1281.3  
18    -1779.40797 -1338.11474 -370.27690 -2588.73129 -1229.53904 293.88726     (-1044.227,-2294.844) (-1485.521,-935.652) (-664.164,-293.887)     832.05691 -2111.00210 -3204.25627 945.69660 -888.30271 -2067.45843     (-1107.912,-888.303) (-2315.954,-57.394) (-56.246,-1064.368)      1282.79  1306.13  
19    -1799.85089 -1297.86878 -388.24664 -2605.86145 -1207.35709 271.40600     (-1026.463,-2334.455) (-1528.445,-935.951) (-659.653,-271.406)     811.61400 -2070.75614 -3222.22600 928.56644 -866.12077 -2089.93969     (-1079.744,-866.121) (-2356.105,-62.446) (-54.507,-1098.928)      1310.28  1332.65  
20    -1820.29381 -1257.62281 -406.21637 -2622.99161 -1185.17515 248.92475     (-1008.698,-2374.067) (-1571.369,-936.250) (-655.141,-248.925)     791.17108 -2030.51018 -3240.19574 911.43628 -843.93882 -2112.42095     (-1051.576,-843.939) (-2396.257,-67.497) (-52.768,-1133.487)      1340.28  1360.69  
21    -1840.73672 -1217.37685 -424.18610 -2640.12177 -1162.99321 226.44349     (-990.933,-2413.678) (-1614.293,-936.550) (-650.630,-226.443)     770.72816 -1990.26422 -3258.16547 894.30611 -821.75688 -2134.90220     (-1023.409,-821.757) (-2436.409,-72.549) (-51.029,-1168.047)      1372.63  1391.24  
22    -1861.17964 -1177.13089 -442.15584 -2657.25193 -1140.81126 203.96224     (-973.169,-2453.290) (-1657.217,-936.849) (-646.118,-203.962)     750.28525 -1950.01825 -3276.13520 877.17595 -799.57494 -2157.38346     (-995.241,-799.575) (-2476.560,-77.601) (-49.290,-1202.606)      1407.16  1424.12  
23    -1881.62255 -1136.88493 -460.12557 -2674.38210 -1118.62932 181.48098     (-955.404,-2492.901) (-1700.142,-937.148) (-641.607,-181.481)     729.84233 -1909.77229 -3294.10494 860.04579 -777.39299 -2179.86471     (-967.074,-777.393) (-2516.712,-82.653) (-47.551,-1237.166)      1443.72  1459.18  
24    -1902.06547 -1096.63896 -478.09531 -2691.51226 -1096.44738 158.99972     (-937.639,-2532.513) (-1743.066,-937.448) (-637.095,-159.000)     709.39942 -1869.52633 -3312.07467 842.91563 -755.21105 -2202.34597     (-938.906,-755.211) (-2556.864,-87.705) (-45.812,-1271.726)      1482.17  1496.24  
25    -1922.50839 -1056.39300 -496.06504 -2708.64242 -1074.26543 136.51847     (-919.875,-2572.124) (-1785.990,-937.747) (-632.584,-136.518)     688.95650 -1829.28037 -3330.04441 825.78547 -733.02911 -2224.82723     (-910.739,-733.029) (-2597.015,-92.756) (-44.073,-1306.285)      1522.35  1535.17  
26    -1942.95130 -1016.14704 -514.03478 -2725.77258 -1052.08349 114.03721     (-902.110,-2611.735) (-1828.914,-938.046) (-628.072,-114.037)     668.51358 -1789.03440 -3348.01414 808.65530 -710.84716 -2247.30848     (-882.571,-710.847) (-2637.167,-97.808) (-42.334,-1340.845)      1564.13  1575.81  
27    -1963.39422 -975.90108 -532.00451 -2742.90275 -1029.90155  91.55595     (-884.345,-2651.347) (-1871.838,-938.346) (-623.560,-91.556)     648.07067 -1748.78844 -3365.98388 791.52514 -688.66522 -2269.78974     (-854.403,-688.665) (-2677.319,-102.860) (-40.595,-1375.405)      1607.39  1618.03  
28    -1983.83713 -935.65511 -549.97425 -2760.03291 -1007.71960  69.07470     (-866.580,-2690.958) (-1914.762,-938.645) (-619.049,-69.075)     627.62775 -1708.54248 -3383.95361 774.39498 -666.48328 -2292.27100     (-826.236,-666.483) (-2717.470,-107.912) (-38.856,-1409.964)      1652.01  1661.7  
29    -2004.28005 -895.40915 -567.94398 -2777.16307 -985.53766  46.59344     (-848.816,-2730.570) (-1957.687,-938.944) (-614.537,-46.593)     607.18484 -1668.29652 -3401.92335 757.26482 -644.30133 -2314.75225     (-798.068,-644.301) (-2757.622,-112.963) (-37.116,-1444.524)      1697.89  1706.71  
30    -2024.72296 -855.16319 -585.91371 -2794.29323 -963.35572  24.11219     (-831.051,-2770.181) (-2000.611,-939.244) (-610.026,-24.112)     586.74192 -1628.05055 -3419.89308 740.13465 -622.11939 -2337.23351     (-769.901,-622.119) (-2797.774,-118.015) (-35.377,-1479.084)      1744.92  1752.95  
31    -2045.16588 -814.91723 -603.88345 -2811.42339 -941.17377   1.63093     (-813.286,-2809.792) (-2043.535,-939.543) (-605.514,-1.631)     566.29901 -1587.80459 -3437.86281 723.00449 -599.93745 -2359.71476     (-741.733,-599.937) (-2837.925,-123.067) (-33.638,-1513.643)      1793.02  1800.33  
32    -2065.60880 -774.67126 -621.85318 -2828.55356 -918.99183 -20.85033     (-2065.609,-2828.554) (-774.671,-918.992) (-621.853,-20.850)     545.85609 -1547.55863 -3455.83255 705.87433 -577.75550 -2382.19602     (-713.565,-577.756) (-2878.077,-128.119) (-31.899,-1548.203)      1842.1  1848.74  
33    -2086.05171 -734.42530 -639.82292 -2845.68372 -896.80989 -43.33158     (-2086.052,-2845.684) (-734.425,-896.810) (-639.823,-43.332)     525.41317 -1507.31267 -3473.80228 688.74417 -555.57356 -2404.67728     (-685.398,-555.574) (-2918.229,-133.171) (-30.160,-1582.763)      1892.08  1898.11  
34    -2106.49463 -694.17934 -657.79265 -2862.81388 -874.62794 -65.81284     (-2106.495,-2862.814) (-694.179,-874.628) (-657.793,-65.813)     504.97026 -1467.06670 -3491.77202 671.61401 -533.39162 -2427.15853     (-657.230,-533.392) (-2958.380,-138.222) (-28.421,-1617.322)      1942.9  1948.36  
35    -2126.93754 -653.93338 -675.76239 -2879.94404 -852.44600 -88.29409     (-2126.938,-2879.944) (-653.933,-852.446) (-675.762,-88.294)     484.52734 -1426.82074 -3509.74175 654.48384 -511.20967 -2449.63979     (-629.063,-511.210) (-2998.532,-143.274) (-26.682,-1651.882)      1994.49  1999.43  
36    -2147.38046 -613.68741 -693.73212 -2897.07421 -830.26406 -110.77535     (-2147.380,-2897.074) (-613.687,-830.264) (-693.732,-110.775)     464.08443 -1386.57478 -3527.71149 637.35368 -489.02773 -2472.12104     (-600.895,-489.028) (-3038.684,-148.326) (-24.943,-1686.441)      2046.79  2051.24  
37    -2167.82338 -573.44145 -711.70186 -2914.20437 -808.08211 -133.25661     (-2167.823,-2914.204) (-573.441,-808.082) (-711.702,-133.257)     443.64151 -1346.32882 -3545.68122 620.22352 -466.84579 -2494.60230     (-572.728,-466.846) (-3078.835,-153.378) (-23.204,-1721.001)      2099.76  2103.75  
38    -2188.26629 -533.19549 -729.67159 -2931.33453 -785.90017 -155.73786     (-2188.266,-2931.335) (-533.195,-785.900) (-729.672,-155.738)     423.19859 -1306.08285 -3563.65096 603.09336 -444.66384 -2517.08356     (-544.560,-444.664) (-3118.987,-158.430) (-21.465,-1755.561)      2153.33  2156.91  
39    -2208.70921 -492.94953 -747.64132 -2948.46469 -763.71822 -178.21912     (-2208.709,-2948.465) (-492.950,-763.718) (-747.641,-178.219)     402.75568 -1265.83689 -3581.62069 585.96319 -422.48190 -2539.56481     (-516.392,-422.482) (-3159.139,-163.481) (-19.726,-1790.120)      2207.47  2210.65  
40    -2229.15212 -452.70356 -765.61106 -2965.59485 -741.53628 -200.70038     (-2229.152,-2965.595) (-452.704,-741.536) (-765.611,-200.700)     382.31276 -1225.59093 -3599.59042 568.83303 -400.29996 -2562.04607     (-488.225,-400.300) (-3199.290,-168.533) (-17.987,-1824.680)      2252.33  2264.95  
41    -2249.59504 -412.45760 -783.58079 -2982.72502 -719.35434 -223.18163     (-2249.595,-2982.725) (-412.458,-719.354) (-783.581,-223.182)     361.86985 -1185.34497 -3617.56016 551.70287 -378.11801 -2584.52732     (-460.057,-378.118) (-3239.442,-173.585) (-16.248,-1859.240)      2282.87  2298.81  
42    -2270.03795 -372.21164 -801.55053 -2999.85518 -697.17239 -245.66289     (-2270.038,-2999.855) (-372.212,-697.172) (-801.551,-245.663)     341.42693 -1145.09900 -3635.52989 534.57271 -355.93607 -2607.00858     (-431.890,-355.936) (-3279.594,-178.637) (-14.509,-1893.799)      2314.8  2329.21  
43    -2290.48087 -331.96568 -819.52026 -3016.98534 -674.99045 -268.14414     (-2290.481,-3016.985) (-331.966,-674.990) (-819.520,-268.144)     320.98402 -1104.85304 -3653.49963 517.44255 -333.75413 -2629.48984     (-403.722,-333.754) (-3319.746,-183.688) (-12.770,-1928.359)      2348.05  2361.09  
44    -2310.92379 -291.71971 -837.49000 -3034.11550 -652.80851 -290.62540     (-2310.924,-3034.116) (-291.720,-652.809) (-837.490,-290.625)     300.54110 -1064.60708 -3671.46936 500.31238 -311.57218 -2651.97109     (-375.554,-311.572) (-3359.897,-188.740) (-11.031,-1962.919)      2382.56  2394.37  
45    -2331.36670 -251.47375 -855.45973 -3051.24567 -630.62656 -313.10666     (-2331.367,-3051.246) (-251.474,-630.627) (-855.460,-313.107)     280.09818 -1024.36112 -3689.43910 483.18222 -289.39024 -2674.45235     (-347.387,-289.390) (-3400.049,-193.792) (-9.292,-1997.478)      2418.28  2428.98  
46    -2351.80962 -211.22779 -873.42947 -3068.37583 -608.44462 -335.58791     (-2351.810,-3068.376) (-211.228,-608.445) (-873.429,-335.588)     259.65527 -984.11515 -3707.40883 466.05206 -267.20830 -2696.93361     (-319.219,-267.208) (-3440.201,-198.844) (-7.553,-2032.038)      2455.17  2464.85  
47    -2372.25253 -170.98183 -891.39920 -3085.50599 -586.26268 -358.06917     (-2372.253,-3085.506) (-170.982,-586.263) (-891.399,-358.069)     239.21235 -943.86919 -3725.37857 448.92190 -245.02635 -2719.41486     (-291.052,-245.026) (-3480.352,-203.896) (-5.814,-2066.597)      2493.16  2501.89  
48    -2392.69545 -130.73586 -909.36893 -3102.63615 -564.08073 -380.55042     (-2392.695,-3102.636) (-130.736,-564.081) (-909.369,-380.550)     218.76944 -903.62323 -3743.34830 431.79173 -222.84441 -2741.89612     (-262.884,-222.844) (-3520.504,-208.947) (-4.075,-2101.157)      2532.2  2540.05  
49    -2413.13837 -90.48990 -927.33867 -3119.76631 -541.89879 -403.03168     (-2413.138,-3119.766) (-90.490,-541.899) (-927.339,-403.032)     198.32652 -863.37727 -3761.31803 414.66157 -200.66247 -2764.37737     (-234.717,-200.662) (-3560.656,-213.999) (-2.336,-2135.717)      2572.26  2579.26  
50    -2433.58128 -50.24394 -945.30840 -3136.89648 -519.71685 -425.51294     (-2433.581,-3136.896) (-50.244,-519.717) (-945.308,-425.513)     177.88360 -823.13130 -3779.28777 397.53141 -178.48052 -2786.85863     (-206.549,-178.481) (-3600.807,-219.051) (-0.597,-2170.276)      2613.28  2619.47  
51    -2454.02420  -9.99798 -963.27814 -3154.02664 -497.53490 -447.99419     (-2454.024,-3154.027) (-9.998,-497.535) (-963.278,-447.994)     157.44069 -782.88534 -3797.25750 380.40125 -156.29858 -2809.33989     (-177.239,-3639.817) (-155.156,-222.961) (-1.142,-2205.978)      2650.21  2673.97  
52    -2474.46711  30.24799 -981.24787 -3171.15680 -475.35296 -470.47545     (-440.227,-3140.909) (-30.248,-505.601) (-951.000,-2444.219)     136.99777 -742.63938 -3815.22724 363.27109 -134.11664 -2831.82114     (-147.333,-3678.229) (-131.235,-226.273) (-2.881,-2242.277)      2688.78  2711.97  
53    -2494.91003  70.49395 -999.21761 -3188.28696 -453.17102 -492.95670     (-422.463,-3117.793) (-70.494,-523.665) (-928.724,-2424.416)     116.55486 -702.39342 -3833.19697 346.14092 -111.93469 -2854.30240     (-117.426,-3716.642) (-107.315,-229.586) (-4.620,-2278.575)      2728.36  2746.74  
54    -2515.35294 110.73991 -1017.18734 -3205.41713 -430.98907 -515.43796     (-404.698,-3094.677) (-110.740,-541.729) (-906.447,-2404.613)      96.11194 -662.14745 -3851.16671 329.01076 -89.75275 -2876.78365     (-87.519,-3755.055) (-83.394,-232.899) (-6.359,-2314.874)      2768.92  2782.77  
55    -2535.79586 150.98587 -1035.15708 -3222.54729 -408.80713 -537.91922     (-386.933,-3071.561) (-150.986,-559.793) (-884.171,-2384.810)      75.66903 -621.90149 -3869.13644 311.88060 -67.57080 -2899.26491     (-57.613,-3793.467) (-59.473,-236.212) (-8.098,-2351.173)      2810.42  2819.99  
56    -2556.23878 191.23183 -1053.12681 -3239.67745 -386.62519 -560.40047     (-369.169,-3048.446) (-191.232,-577.857) (-861.895,-2365.007)      55.22611 -581.65553 -3887.10618 294.75044 -45.38886 -2921.74617     (-27.706,-3831.880) (-35.552,-239.524) (-9.837,-2387.471)      2852.81  2858.36  
57    -2576.68169 231.47780 -1071.09654 -3256.80761 -364.44324 -582.88173     (-351.404,-3025.330) (-231.478,-595.921) (-839.619,-2345.204)      34.78319 -541.40957 -3905.07591 277.62027 -23.20692 -2944.22742     (-2.200,-3872.493) (-9.430,-9.376) (-240.637,-2421.570)      2896.4  2897.92  
58    -2597.12461 271.72376 -1089.06628 -3273.93777 -342.26130 -605.36299     (-333.639,-3002.214) (-271.724,-613.985) (-817.343,-2325.401)      14.34028 -501.16360 -3923.04564 260.49011  -1.02497 -2966.70868     (-2371.274,-13.315) (-3884.125,-32.107) (-12.290,-181.936)      2895.01  2896.61  
59    -2617.56752 311.96972 -1107.03601 -3291.06794 -320.07936 -627.84424     (-315.875,-2979.098) (-311.970,-632.049) (-795.066,-2305.598)      -6.10264 -460.91764 -3941.01538 243.35995  21.15697 -2989.18994     (-2299.918,-15.054) (-3874.695,-62.014) (-36.211,-125.435)      2877.6  2882.46  
60    -2638.01044 352.21568 -1125.00575 -3308.19810 -297.89741 -650.32550     (-298.110,-2955.982) (-352.216,-650.113) (-772.790,-2285.795)     -26.54555 -420.67168 -3958.98511 226.22979  43.33891 -3011.67119     (-2228.561,-16.793) (-3865.266,-91.920) (-60.132,-68.935)      2862.54  2869.72  
61    -2658.45336 392.46165 -1142.97548 -3325.32826 -275.71547 -672.80675     (-280.345,-2932.867) (-392.462,-668.177) (-750.514,-2265.992)     -46.98847 -380.42572 -3976.95485 209.09963  65.52086 -3034.15245     (-2157.205,-18.532) (-3855.837,-121.827) (-84.053,-12.435)      2845.11  2855.73  
62    -2678.89627 432.70761 -1160.94522 -3342.45842 -253.53353 -695.28801     (-262.580,-2909.751) (-432.708,-686.241) (-728.238,-2246.189)     -67.43139 -340.17975 -3994.92458 191.96946  87.70280 -3056.63370     (-3826.136,-23.795) (-128.246,-83.873) (-2017.988,-20.271)      3038.48  2828.09  
63    -2699.33919 472.95357 -1178.91495 -3359.58859 -231.35158 -717.76927     (-244.816,-2886.635) (-472.954,-704.305) (-705.961,-2226.386)     -87.87430 -299.93379 -4012.89432 174.83930 109.88474 -3079.11496     (-3814.968,-78.556) (-153.906,-2.518) (-1835.369,-22.010)      2961.42  2797.18  
64    -2719.78210 513.19953 -1196.88469 -3376.71875 -209.16964 -740.25052     (-227.051,-2863.519) (-513.200,-722.369) (-683.685,-2206.583)     -108.31722 -259.68783 -4030.86405 157.70914 132.06669 -3101.59622     (-203.923,-0.608) (-3779.442,-23.141) (-1518.217,-54.480)      2854.42  2748.33  
65    -2740.22502 553.44550 -1214.85442 -3393.84891 -186.98770 -762.73178     (-209.286,-2840.403) (-553.445,-740.433) (-661.409,-2186.780)     -128.76013 -219.44187 -4048.83379 140.57898 154.24863 -3124.07747     (-905.617,-27.886) (-0.070,-281.761) (-25.419,-3716.096)      2741.62  2741.62  
66    -2760.66793 593.69146 -1232.82415 -3410.97907 -164.80575 -785.21303                            -149.20305 -179.19590 -4066.80352 123.44881 176.43057 -3146.55873     invalid  
67    -2781.11085 633.93742 -1250.79389 -3428.10923 -142.62381 -807.69429                            -169.64596 -138.94994 -4084.77325 106.31865 198.61252 -3169.03998     invalid  
68    -2801.55377 674.18338 -1268.76362 -3445.23940 -120.44187 -830.17555                            -190.08888 -98.70398 -4102.74299  89.18849 220.79446 -3191.52124     invalid  
69    -2821.99668 714.42935 -1286.73336 -3462.36956 -98.25992 -852.65680                            -210.53180 -58.45802 -4120.71272  72.05833 242.97640 -3214.00250     invalid  
70    -2842.43960 754.67531 -1304.70309 -3479.49972 -76.07798 -875.13806                            -230.97471 -18.21205 -4138.68246  54.92817 265.15835 -3236.48375     invalid  
71    -2862.88251 794.92127 -1322.67283 -3496.62988 -53.89604 -897.61932                            -251.41763  22.03391 -4156.65219  37.79800 287.34029 -3258.96501     invalid  
72    -2883.32543 835.16723 -1340.64256 -3513.76005 -31.71409 -920.10057                            -271.86054  62.27987 -4174.62193  20.66784 309.52223 -3281.44626     invalid  
73    -2903.76835 875.41320 -1358.61230 -3530.89021  -9.53215 -942.58183                            -292.30346 102.52583 -4192.59166   3.53768 331.70418 -3303.92752     invalid  
74    -2924.21126 915.65916 -1376.58203 -3548.02037  12.64979 -965.06308                            -312.74638 142.77180 -4210.56140 -13.59248 353.88612 -3326.40878     invalid  
75    -2944.65418 955.90512 -1394.55176 -3565.15053  34.83174 -987.54434                            -333.18929 183.01776 -4228.53113 -30.72265 376.06806 -3348.89003     invalid  
76    -2965.09709 996.15108 -1412.52150 -3582.28069  57.01368 -1010.02560                            -353.63221 223.26372 -4246.50086 -47.85281 398.25001 -3371.37129     invalid  
77    -2985.54001 1036.39705 -1430.49123 -3599.41086  79.19562 -1032.50685                            -374.07512 263.50968 -4264.47060 -64.98297 420.43195 -3393.85255     invalid  
78    -3005.98292 1076.64301 -1448.46097 -3616.54102 101.37757 -1054.98811                            -394.51804 303.75564 -4282.44033 -82.11313 442.61389 -3416.33380     invalid  
79    -3026.42584 1116.88897 -1466.43070 -3633.67118 123.55951 -1077.46936                            -414.96095 344.00161 -4300.41007 -99.24329 464.79584 -3438.81506     invalid  
80    -3046.86876 1157.13493 -1484.40044 -3650.80134 145.74145 -1099.95062                            -435.40387 384.24757 -4318.37980 -116.37346 486.97778 -3461.29631     invalid  
81    -3067.31167 1197.38090 -1502.37017 -3667.93151 167.92340 -1122.43188                            -455.84679 424.49353 -4336.34954 -133.50362 509.15972 -3483.77757     invalid  
82    -3087.75459 1237.62686 -1520.33990 -3685.06167 190.10534 -1144.91313                            -476.28970 464.73949 -4354.31927 -150.63378 531.34167 -3506.25883     invalid  
83    -3108.19750 1277.87282 -1538.30964 -3702.19183 212.28728 -1167.39439                            -496.73262 504.98546 -4372.28900 -167.76394 553.52361 -3528.74008     invalid  
84    -3128.64042 1318.11878 -1556.27937 -3719.32199 234.46923 -1189.87564                            -517.17553 545.23142 -4390.25874 -184.89411 575.70555 -3551.22134     invalid  
85    -3149.08334 1358.36475 -1574.24911 -3736.45215 256.65117 -1212.35690                            -537.61845 585.47738 -4408.22847 -202.02427 597.88750 -3573.70259     invalid  
86    -3169.52625 1398.61071 -1592.21884 -3753.58232 278.83311 -1234.83816                            -558.06137 625.72334 -4426.19821 -219.15443 620.06944 -3596.18385     invalid  
87    -3189.96917 1438.85667 -1610.18858 -3770.71248 301.01506 -1257.31941                            -578.50428 665.96931 -4444.16794 -236.28459 642.25138 -3618.66511     invalid  
88    -3210.41208 1479.10263 -1628.15831 -3787.84264 323.19700 -1279.80067                            -598.94720 706.21527 -4462.13768 -253.41475 664.43333 -3641.14636     invalid  
89    -3230.85500 1519.34860 -1646.12805 -3804.97280 345.37894 -1302.28193                            -619.39011 746.46123 -4480.10741 -270.54492 686.61527 -3663.62762     invalid  
90    -3251.29791 1559.59456 -1664.09778 -3822.10297 367.56089 -1324.76318                            -639.83303 786.70719 -4498.07715 -287.67508 708.79721 -3686.10888     invalid  
91    -3271.74083 1599.84052 -1682.06751 -3839.23313 389.74283 -1347.24444                            -660.27594 826.95316 -4516.04688 -304.80524 730.97916 -3708.59013     invalid  
92    -3292.18375 1640.08648 -1700.03725 -3856.36329 411.92477 -1369.72569                            -680.71886 867.19912 -4534.01661 -321.93540 753.16110 -3731.07139     invalid  
93    -3312.62666 1680.33245 -1718.00698 -3873.49345 434.10672 -1392.20695                            -701.16178 907.44508 -4551.98635 -339.06557 775.34304 -3753.55264     invalid  
94    -3333.06958 1720.57841 -1735.97672 -3890.62361 456.28866 -1414.68821                            -721.60469 947.69104 -4569.95608 -356.19573 797.52499 -3776.03390     invalid  
95    -3353.51249 1760.82437 -1753.94645 -3907.75378 478.47060 -1437.16946                            -742.04761 987.93701 -4587.92582 -373.32589 819.70693 -3798.51516     invalid  
96    -3373.95541 1801.07033 -1771.91619 -3924.88394 500.65255 -1459.65072                            -762.49052 1028.18297 -4605.89555 -390.45605 841.88887 -3820.99641     invalid  
97    -3394.39833 1841.31630 -1789.88592 -3942.01410 522.83449 -1482.13197                            -782.93344 1068.42893 -4623.86529 -407.58621 864.07082 -3843.47767     invalid  
98    -3414.84124 1881.56226 -1807.85566 -3959.14426 545.01644 -1504.61323                            -803.37636 1108.67489 -4641.83502 -424.71638 886.25276 -3865.95892     invalid  
99    -3435.28416 1921.80822 -1825.82539 -3976.27443 567.19838 -1527.09449                            -823.81927 1148.92086 -4659.80476 -441.84654 908.43470 -3888.44018     invalid  
