PointDistanceFollower   Jun 17 2018   mode =  LINE3 
LINE3_RAND%_.0_0.txt      Output is S6 probe cell, C3 reduced cell,  S6Dist CS6Dist  distance between 
Compute times (msec)     S6Dist   35   CS6Dist  2
PointDistanceFollower  Jun 17 2018  mode = LINE3
LINE3_RAND%_.0_0.txt     Output is S6 probe cell, C3 reduced cell, S6Dist CS6Dist distance between
0    1627.56106 -2853.66299 -2998.36447 677.99066 -2639.87833 -3347.15494     (-1627.561,-949.570) (-1226.102,-1370.803) (-1012.317,-1719.594)     -950.44070 -139.60782 -1353.43426 -627.80658 117.97935 -597.21284     (-1235.455,-509.827) (-257.587,-117.979) (-832.461,-479.233)      1951.27  1951.27  
1    1600.52381 -2831.24783 -2983.34646 664.43284 -2615.46571 -3358.32559     (-1600.524,-936.091) (-1230.724,-1382.823) (-1014.942,-1757.802)     -977.47795 -117.19265 -1338.41624 -641.36440 142.39198 -608.38350     (-1196.024,-498.972) (-259.585,-142.392) (-835.086,-465.992)      1951.6  1951.6  
2    1573.48657 -2808.83266 -2968.32844 650.87502 -2591.05308 -3369.49625     (-1573.487,-922.612) (-1235.346,-1394.842) (-1017.567,-1796.010)     -1004.51519 -94.77749 -1323.39822 -654.92222 166.80461 -619.55415     (-1156.594,-488.118) (-261.582,-166.805) (-837.711,-452.750)      1953.19  1953.19  
3    1546.44932 -2786.41750 -2953.31042 637.31720 -2566.64046 -3380.66690     (-1546.449,-909.132) (-1239.968,-1406.861) (-1020.191,-1834.218)     -1031.55244 -72.36232 -1308.38021 -668.48004 191.21723 -630.72481     (-1117.163,-477.263) (-263.580,-191.217) (-840.335,-439.508)      1956.02  1956.02  
4    1519.41207 -2764.00233 -2938.29241 623.75937 -2542.22783 -3391.83756     (-1519.412,-895.653) (-1244.590,-1418.880) (-1022.816,-1872.425)     -1058.58969 -49.94716 -1293.36219 -682.03786 215.62986 -641.89547     (-1077.732,-466.408) (-265.577,-215.630) (-842.960,-426.266)      1960.11  1960.11  
5    1492.37482 -2741.58716 -2923.27439 610.20155 -2517.81521 -3403.00821     (-1492.375,-882.173) (-1249.212,-1430.900) (-1025.440,-1910.633)     -1085.62693 -27.53199 -1278.34417 -695.59568 240.04248 -653.06612     (-1038.302,-455.553) (-267.574,-240.042) (-845.584,-413.024)      1965.44  1965.44  
6    1465.33758 -2719.17200 -2908.25637 596.64373 -2493.40258 -3414.17887     (-1465.338,-868.694) (-1253.834,-1442.919) (-1028.065,-1948.841)     -1112.66418  -5.11683 -1263.32616 -709.15350 264.45511 -664.23678     (-998.871,-444.698) (-269.572,-264.455) (-848.209,-399.782)      1972  1972  
7    1438.30033 -2696.75683 -2893.23835 583.08591 -2468.98995 -3425.34952     (-1438.300,-855.214) (-1258.457,-1454.938) (-1030.690,-1987.049)     -1139.70143  17.29834 -1248.30814 -722.71132 288.86773 -675.40743     (-959.440,-433.844) (-271.569,-288.868) (-850.834,-386.540)      1979.77  1979.77  
8    1411.26308 -2674.34167 -2878.22034 569.52809 -2444.57733 -3436.52018     (-1411.263,-841.735) (-1263.079,-1466.957) (-1033.314,-2025.257)     -1166.73868  39.71351 -1233.29012 -736.26914 313.28036 -686.57809     (-920.010,-422.989) (-273.567,-313.280) (-853.458,-373.298)      1988.75  1988.75  
9    1384.22583 -2651.92650 -2863.20232 555.97027 -2420.16470 -3447.69084     (-1384.226,-828.256) (-1267.701,-1478.976) (-1035.939,-2063.465)     -1193.77592  62.12867 -1218.27210 -749.82697 337.69298 -697.74874     (-880.579,-412.134) (-275.564,-337.693) (-856.083,-360.056)      1998.92  1998.92  
10    1357.18859 -2629.51134 -2848.18430 542.41245 -2395.75208 -3458.86149     (-1357.189,-814.776) (-1272.323,-1490.996) (-1038.563,-2101.673)     -1220.81317  84.54384 -1203.25409 -763.38479 362.10561 -708.91940     (-841.148,-401.279) (-277.562,-362.106) (-858.708,-346.814)      2010.26  2010.26  
11    1330.15134 -2607.09617 -2833.16629 528.85463 -2371.33945 -3470.03215     (-1330.151,-801.297) (-1276.945,-1503.015) (-1041.188,-2139.881)     -1247.85042 106.95900 -1188.23607 -776.94261 386.51824 -720.09005     (-801.718,-390.424) (-279.559,-386.518) (-861.332,-333.572)      2021.8  2021.8  
12    1303.11409 -2584.68101 -2818.14827 515.29681 -2346.92683 -3481.20280     (-1303.114,-787.817) (-1281.567,-1515.034) (-1043.813,-2178.089)     -1274.88767 129.37417 -1173.21805 -790.50043 410.93086 -731.26071     (-762.287,-379.570) (-281.557,-410.931) (-863.957,-320.330)      2033.6  2033.6  
13    1276.07685 -2562.26584 -2803.13025 501.73899 -2322.51420 -3492.37346     (-1276.077,-774.338) (-1286.189,-1527.053) (-1046.437,-2216.297)     -1301.92491 151.78933 -1158.20004 -804.05825 435.34349 -742.43136     (-722.857,-368.715) (-283.554,-435.343) (-866.581,-307.088)      2046.53  2046.53  
14    1249.03960 -2539.85067 -2788.11224 488.18117 -2298.10158 -3503.54411     (-1249.040,-760.858) (-1290.811,-1539.073) (-1049.062,-2254.505)     -1328.96216 174.20450 -1143.18202 -817.61607 459.75611 -753.60202     (-683.426,-357.860) (-285.552,-459.756) (-869.206,-293.846)      2060.57  2060.57  
15    1222.00235 -2517.43551 -2773.09422 474.62334 -2273.68895 -3514.71477     (-1222.002,-747.379) (-1295.433,-1551.092) (-1051.687,-2292.712)     -1355.99941 196.61966 -1128.16400 -831.17389 484.16874 -764.77267     (-643.995,-347.005) (-287.549,-484.169) (-871.831,-280.604)      2075.69  2075.69  
16    1194.96510 -2495.02034 -2758.07620 461.06552 -2249.27632 -3525.88542     (-1194.965,-733.900) (-1300.055,-1563.111) (-1054.311,-2330.920)     -1383.03665 219.03483 -1113.14599 -844.73171 508.58136 -775.94333     (-604.565,-336.150) (-289.547,-508.581) (-874.455,-267.362)      2091.88  2091.88  
17    1167.92786 -2472.60518 -2743.05818 447.50770 -2224.86370 -3537.05608     (-1167.928,-720.420) (-1304.677,-1575.130) (-1056.936,-2369.128)     -1410.07390 241.45000 -1098.12797 -858.28953 532.99399 -787.11398     (-565.134,-325.296) (-291.544,-532.994) (-877.080,-254.120)      2108.49  2108.49  
18    1140.89061 -2450.19001 -2728.04017 433.94988 -2200.45107 -3548.22673     (-1140.891,-706.941) (-1309.299,-1587.150) (-1059.560,-2407.336)     -1437.11115 263.86516 -1083.10995 -871.84735 557.40661 -798.28464     (-525.703,-314.441) (-293.541,-557.407) (-879.705,-240.878)      2117.21  2117.21  
19    1113.85336 -2427.77485 -2713.02215 420.39206 -2176.03845 -3559.39739     (-1113.853,-693.461) (-1313.921,-1599.169) (-1062.185,-2445.544)     -1464.14840 286.28033 -1068.09193 -885.40517 581.81924 -809.45529     (-486.273,-303.586) (-295.539,-581.819) (-882.329,-227.636)      2127.06  2127.06  
20    1086.81611 -2405.35968 -2698.00413 406.83424 -2151.62582 -3570.56804     (-1086.816,-679.982) (-1318.544,-1611.188) (-1064.810,-2483.752)     -1491.18564 308.69549 -1053.07392 -898.96300 606.23187 -820.62595     (-446.842,-292.731) (-297.536,-606.232) (-884.954,-214.394)      2138  2138  
21    1059.77887 -2382.94452 -2682.98612 393.27642 -2127.21320 -3581.73870     (-1059.779,-666.502) (-1323.166,-1623.207) (-1067.434,-2521.960)     -1518.22289 331.11066 -1038.05590 -912.52082 630.64449 -831.79660     (-407.411,-281.876) (-299.534,-630.644) (-887.578,-201.152)      2150.03  2150.03  
22    1032.74162 -2360.52935 -2667.96810 379.71860 -2102.80057 -3592.90935     (-1032.742,-653.023) (-1327.788,-1635.226) (-1070.059,-2560.168)     -1545.26014 353.52582 -1023.03788 -926.07864 655.05712 -842.96726     (-367.981,-271.022) (-301.531,-655.057) (-890.203,-187.910)      2163.13  2163.13  
23    1005.70437 -2338.11419 -2652.95008 366.16078 -2078.38795 -3604.08001     (-1005.704,-639.544) (-1332.410,-1647.246) (-1072.684,-2598.376)     -1572.29739 375.94099 -1008.01987 -939.63646 679.46974 -854.13791     (-328.550,-260.167) (-303.529,-679.470) (-892.828,-174.668)      2177.28  2177.28  
24    978.66713 -2315.69902 -2637.93206 352.60296 -2053.97532 -3615.25066     (-978.667,-626.064) (-1337.032,-1659.265) (-1075.308,-2636.584)     -1599.33463 398.35615 -993.00185 -953.19428 703.88237 -865.30857     (-289.119,-249.312) (-305.526,-703.882) (-895.452,-161.426)      2192.46  2192.46  
25    951.62988 -2293.28385 -2622.91405 339.04514 -2029.56269 -3626.42132     (-951.630,-612.585) (-1341.654,-1671.284) (-1077.933,-2674.791)     -1626.37188 420.77132 -977.98383 -966.75210 728.29499 -876.47922     (-249.689,-238.457) (-307.524,-728.295) (-898.077,-148.184)      2208.64  2208.64  
26    924.59263 -2270.86869 -2607.89603 325.48732 -2005.15007 -3637.59197     (-924.593,-599.105) (-1346.276,-1683.303) (-1080.557,-2712.999)     -1653.40913 443.18649 -962.96581 -980.30992 752.70762 -887.64988     (-210.258,-227.602) (-309.521,-752.708) (-900.702,-134.942)      2225.81  2225.81  
27    897.55538 -2248.45352 -2592.87801 311.92949 -1980.73744 -3648.76263     (-897.555,-585.626) (-1350.898,-1695.323) (-1083.182,-2751.207)     -1680.44637 465.60165 -947.94780 -993.86774 777.12024 -898.82053     (-170.828,-216.747) (-311.519,-777.120) (-903.326,-121.700)      2243.82  2243.82  
28    870.51814 -2226.03836 -2577.86000 298.37167 -1956.32482 -3659.93328     (-870.518,-572.146) (-1355.520,-1707.342) (-1085.807,-2789.415)     -1707.48362 488.01682 -932.92978 -1007.42556 801.53287 -909.99119     (-131.397,-205.893) (-313.516,-801.533) (-905.951,-108.458)      2261.58  2261.58  
29    843.48089 -2203.62319 -2562.84198 284.81385 -1931.91219 -3671.10394     (-843.481,-558.667) (-1360.142,-1719.361) (-1088.431,-2827.623)     -1734.52087 510.43198 -917.91176 -1020.98338 825.94550 -921.16184     (-91.966,-195.038) (-315.514,-825.945) (-908.575,-95.216)      2280.28  2280.28  
30    816.44364 -2181.20803 -2547.82396 271.25603 -1907.49957 -3682.27459     (-816.444,-545.188) (-1364.764,-1731.380) (-1091.056,-2865.831)     -1761.55812 532.84715 -902.89375 -1034.54120 850.35812 -932.33250     (-52.536,-184.183) (-317.511,-850.358) (-911.200,-81.974)      2299.9  2299.9  
31    789.40639 -2158.79286 -2532.80595 257.69821 -1883.08694 -3693.44525     (-789.406,-531.708) (-1369.386,-1743.400) (-1093.681,-2904.039)     -1788.59536 555.26231 -887.87573 -1048.09902 874.77075 -943.50315     (-13.105,-173.328) (-319.508,-874.771) (-913.825,-68.732)      2320.41  2320.41  
32    762.36915 -2136.37770 -2517.78793 244.14039 -1858.67432 -3704.61590     (-762.369,-518.229) (-1374.009,-1755.419) (-1096.305,-2942.247)     -1815.63261 577.67748 -872.85771 -1061.65685 899.18337 -954.67381     (-26.326,-188.799) (-295.180,-890.124) (-872.858,-29.165)      2334.83  2335.73  
33    735.33190 -2113.96253 -2502.76991 230.58257 -1834.26169 -3715.78656     (-735.332,-504.749) (-1378.631,-1767.438) (-1098.930,-2980.455)     -1842.66986 600.09264 -857.83970 -1075.21467 923.59600 -965.84446     (-234.239,-193.867) (-42.248,-829.810) (-881.348,-23.508)      2347.13  2347.13  
34    708.29465 -2091.54736 -2487.75189 217.02475 -1809.84907 -3726.95721     (-708.295,-491.270) (-1383.253,-1779.457) (-1101.554,-3018.663)     -1869.70711 622.50781 -842.82168 -1088.77249 948.00862 -977.01512     (-144.133,-169.770) (-29.006,-740.331) (-919.002,-76.180)      2401.05  2401.05  
35    681.25741 -2069.13220 -2472.73388 203.46693 -1785.43644 -3738.12787     (-681.257,-477.790) (-1387.875,-1791.476) (-1104.179,-3056.870)     -1896.74435 644.92297 -827.80366 -1102.33031 972.42125 -988.18578     (-54.028,-145.674) (-15.765,-650.852) (-956.657,-128.853)      2462.36  2462.36  
36    654.22016 -2046.71703 -2457.71586 189.90911 -1761.02381 -3749.29852     (-654.220,-464.311) (-1392.497,-1803.496) (-1106.804,-3095.078)     -1923.78160 667.33814 -812.78564 -1115.88813 996.83387 -999.35643     (-111.892,-124.099) (-33.556,-991.789) (-491.740,-2.523)      2543.7  2543.7  
37    627.18291 -2024.30187 -2442.69784 176.35129 -1736.61119 -3760.46918     (-627.183,-450.832) (-1397.119,-1815.515) (-1109.428,-3133.286)     -1950.81885 689.75331 -797.76763 -1129.44595 1021.24650 -1010.52709     (-28.889,-65.322) (-10.719,-151.030) (-1042.685,-57.686)      2751.13  2751.13  
38    600.14566 -2001.88670 -2427.67983 162.79346 -1712.19856 -3771.63983                            -1977.85609 712.16847 -782.74961 -1143.00377 1045.65913 -1021.69774     invalid  
39    573.10842 -1979.47154 -2412.66181 149.23564 -1687.78594 -3782.81049                            -2004.89334 734.58364 -767.73159 -1156.56159 1070.07175 -1032.86840     invalid  
40    546.07117 -1957.05637 -2397.64379 135.67782 -1663.37331 -3793.98115                            -2031.93059 756.99880 -752.71358 -1170.11941 1094.48438 -1044.03905     invalid  
41    519.03392 -1934.64121 -2382.62578 122.12000 -1638.96069 -3805.15180                            -2058.96784 779.41397 -737.69556 -1183.67723 1118.89700 -1055.20971     invalid  
42    491.99667 -1912.22604 -2367.60776 108.56218 -1614.54806 -3816.32246                            -2086.00508 801.82913 -722.67754 -1197.23505 1143.30963 -1066.38036     invalid  
43    464.95943 -1889.81087 -2352.58974  95.00436 -1590.13544 -3827.49311                            -2113.04233 824.24430 -707.65952 -1210.79288 1167.72225 -1077.55102     invalid  
44    437.92218 -1867.39571 -2337.57172  81.44654 -1565.72281 -3838.66377                            -2140.07958 846.65946 -692.64151 -1224.35070 1192.13488 -1088.72167     invalid  
45    410.88493 -1844.98054 -2322.55371  67.88872 -1541.31018 -3849.83442                            -2167.11683 869.07463 -677.62349 -1237.90852 1216.54750 -1099.89233     invalid  
46    383.84769 -1822.56538 -2307.53569  54.33090 -1516.89756 -3861.00508                            -2194.15407 891.48980 -662.60547 -1251.46634 1240.96013 -1111.06298     invalid  
47    356.81044 -1800.15021 -2292.51767  40.77308 -1492.48493 -3872.17573                            -2221.19132 913.90496 -647.58746 -1265.02416 1265.37275 -1122.23364     invalid  
48    329.77319 -1777.73505 -2277.49966  27.21526 -1468.07231 -3883.34639                            -2248.22857 936.32013 -632.56944 -1278.58198 1289.78538 -1133.40429     invalid  
49    302.73594 -1755.31988 -2262.48164  13.65743 -1443.65968 -3894.51704                            -2275.26581 958.73529 -617.55142 -1292.13980 1314.19801 -1144.57495     invalid  
50    275.69870 -1732.90472 -2247.46362   0.09961 -1419.24706 -3905.68770                            -2302.30306 981.15046 -602.53341 -1305.69762 1338.61063 -1155.74560     invalid  
51    248.66145 -1710.48955 -2232.44560 -13.45821 -1394.83443 -3916.85835                            -2329.34031 1003.56562 -587.51539 -1319.25544 1363.02326 -1166.91626     invalid  
52    221.62420 -1688.07439 -2217.42759 -27.01603 -1370.42181 -3928.02901                            -2356.37756 1025.98079 -572.49737 -1332.81326 1387.43588 -1178.08691     invalid  
53    194.58695 -1665.65922 -2202.40957 -40.57385 -1346.00918 -3939.19966                            -2383.41480 1048.39595 -557.47935 -1346.37108 1411.84851 -1189.25757     invalid  
54    167.54971 -1643.24405 -2187.39155 -54.13167 -1321.59655 -3950.37032                            -2410.45205 1070.81112 -542.46134 -1359.92891 1436.26113 -1200.42822     invalid  
55    140.51246 -1620.82889 -2172.37354 -67.68949 -1297.18393 -3961.54097                            -2437.48930 1093.22629 -527.44332 -1373.48673 1460.67376 -1211.59888     invalid  
56    113.47521 -1598.41372 -2157.35552 -81.24731 -1272.77130 -3972.71163                            -2464.52655 1115.64145 -512.42530 -1387.04455 1485.08638 -1222.76953     invalid  
57     86.43797 -1575.99856 -2142.33750 -94.80513 -1248.35868 -3983.88228                            -2491.56379 1138.05662 -497.40729 -1400.60237 1509.49901 -1233.94019     invalid  
58     59.40072 -1553.58339 -2127.31949 -108.36295 -1223.94605 -3995.05294                            -2518.60104 1160.47178 -482.38927 -1414.16019 1533.91164 -1245.11084     invalid  
59     32.36347 -1531.16823 -2112.30147 -121.92077 -1199.53343 -4006.22359                            -2545.63829 1182.88695 -467.37125 -1427.71801 1558.32426 -1256.28150     invalid  
60      5.32622 -1508.75306 -2097.28345 -135.47860 -1175.12080 -4017.39425                            -2572.67553 1205.30211 -452.35323 -1441.27583 1582.73689 -1267.45215     invalid  
61    -21.71102 -1486.33790 -2082.26543 -149.03642 -1150.70818 -4028.56490                            -2599.71278 1227.71728 -437.33522 -1454.83365 1607.14951 -1278.62281     invalid  
62    -48.74827 -1463.92273 -2067.24742 -162.59424 -1126.29555 -4039.73556                            -2626.75003 1250.13244 -422.31720 -1468.39147 1631.56214 -1289.79346     invalid  
63    -75.78552 -1441.50756 -2052.22940 -176.15206 -1101.88292 -4050.90621                            -2653.78728 1272.54761 -407.29918 -1481.94929 1655.97476 -1300.96412     invalid  
64    -102.82277 -1419.09240 -2037.21138 -189.70988 -1077.47030 -4062.07687                            -2680.82452 1294.96277 -392.28117 -1495.50711 1680.38739 -1312.13477     invalid  
65    -129.86001 -1396.67723 -2022.19337 -203.26770 -1053.05767 -4073.24752                            -2707.86177 1317.37794 -377.26315 -1509.06494 1704.80001 -1323.30543     invalid  
66    -156.89726 -1374.26207 -2007.17535 -216.82552 -1028.64505 -4084.41818                            -2734.89902 1339.79311 -362.24513 -1522.62276 1729.21264 -1334.47609     invalid  
67    -183.93451 -1351.84690 -1992.15733 -230.38334 -1004.23242 -4095.58883                            -2761.93627 1362.20827 -347.22712 -1536.18058 1753.62527 -1345.64674     invalid  
68    -210.97175 -1329.43174 -1977.13931 -243.94116 -979.81980 -4106.75949                            -2788.97351 1384.62344 -332.20910 -1549.73840 1778.03789 -1356.81740     invalid  
69    -238.00900 -1307.01657 -1962.12130 -257.49898 -955.40717 -4117.93014                            -2816.01076 1407.03860 -317.19108 -1563.29622 1802.45052 -1367.98805     invalid  
70    -265.04625 -1284.60141 -1947.10328 -271.05680 -930.99455 -4129.10080                            -2843.04801 1429.45377 -302.17306 -1576.85404 1826.86314 -1379.15871     invalid  
71    -292.08350 -1262.18624 -1932.08526 -284.61463 -906.58192 -4140.27146                            -2870.08525 1451.86893 -287.15505 -1590.41186 1851.27577 -1390.32936     invalid  
72    -319.12074 -1239.77107 -1917.06725 -298.17245 -882.16929 -4151.44211                            -2897.12250 1474.28410 -272.13703 -1603.96968 1875.68839 -1401.50002     invalid  
73    -346.15799 -1217.35591 -1902.04923 -311.73027 -857.75667 -4162.61277                            -2924.15975 1496.69926 -257.11901 -1617.52750 1900.10102 -1412.67067     invalid  
74    -373.19524 -1194.94074 -1887.03121 -325.28809 -833.34404 -4173.78342                            -2951.19700 1519.11443 -242.10100 -1631.08532 1924.51364 -1423.84133     invalid  
75    -400.23249 -1172.52558 -1872.01320 -338.84591 -808.93142 -4184.95408                            -2978.23424 1541.52960 -227.08298 -1644.64314 1948.92627 -1435.01198     invalid  
76    -427.26973 -1150.11041 -1856.99518 -352.40373 -784.51879 -4196.12473                            -3005.27149 1563.94476 -212.06496 -1658.20096 1973.33890 -1446.18264     invalid  
77    -454.30698 -1127.69525 -1841.97716 -365.96155 -760.10617 -4207.29539                            -3032.30874 1586.35993 -197.04695 -1671.75879 1997.75152 -1457.35329     invalid  
78    -481.34423 -1105.28008 -1826.95914 -379.51937 -735.69354 -4218.46604                            -3059.34599 1608.77509 -182.02893 -1685.31661 2022.16415 -1468.52395     invalid  
79    -508.38147 -1082.86492 -1811.94113 -393.07719 -711.28092 -4229.63670                            -3086.38323 1631.19026 -167.01091 -1698.87443 2046.57677 -1479.69460     invalid  
80    -535.41872 -1060.44975 -1796.92311 -406.63501 -686.86829 -4240.80735                            -3113.42048 1653.60542 -151.99289 -1712.43225 2070.98940 -1490.86526     invalid  
81    -562.45597 -1038.03459 -1781.90509 -420.19283 -662.45566 -4251.97801                            -3140.45773 1676.02059 -136.97488 -1725.99007 2095.40202 -1502.03591     invalid  
82    -589.49322 -1015.61942 -1766.88708 -433.75065 -638.04304 -4263.14866                            -3167.49497 1698.43575 -121.95686 -1739.54789 2119.81465 -1513.20657     invalid  
83    -616.53046 -993.20425 -1751.86906 -447.30848 -613.63041 -4274.31932                            -3194.53222 1720.85092 -106.93884 -1753.10571 2144.22727 -1524.37722     invalid  
84    -643.56771 -970.78909 -1736.85104 -460.86630 -589.21779 -4285.48997                            -3221.56947 1743.26609 -91.92083 -1766.66353 2168.63990 -1535.54788     invalid  
85    -670.60496 -948.37392 -1721.83302 -474.42412 -564.80516 -4296.66063                            -3248.60672 1765.68125 -76.90281 -1780.22135 2193.05253 -1546.71853     invalid  
86    -697.64221 -925.95876 -1706.81501 -487.98194 -540.39254 -4307.83128                            -3275.64396 1788.09642 -61.88479 -1793.77917 2217.46515 -1557.88919     invalid  
87    -724.67945 -903.54359 -1691.79699 -501.53976 -515.97991 -4319.00194                            -3302.68121 1810.51158 -46.86677 -1807.33699 2241.87778 -1569.05984     invalid  
88    -751.71670 -881.12843 -1676.77897 -515.09758 -491.56729 -4330.17259                            -3329.71846 1832.92675 -31.84876 -1820.89482 2266.29040 -1580.23050     invalid  
89    -778.75395 -858.71326 -1661.76096 -528.65540 -467.15466 -4341.34325                            -3356.75571 1855.34191 -16.83074 -1834.45264 2290.70303 -1591.40115     invalid  
90    -805.79119 -836.29810 -1646.74294 -542.21322 -442.74204 -4352.51390                            -3383.79295 1877.75708  -1.81272 -1848.01046 2315.11565 -1602.57181     invalid  
91    -832.82844 -813.88293 -1631.72492 -555.77104 -418.32941 -4363.68456                            -3410.83020 1900.17224  13.20529 -1861.56828 2339.52828 -1613.74246     invalid  
92    -859.86569 -791.46776 -1616.70691 -569.32886 -393.91678 -4374.85521                            -3437.86745 1922.58741  28.22331 -1875.12610 2363.94090 -1624.91312     invalid  
93    -886.90294 -769.05260 -1601.68889 -582.88668 -369.50416 -4386.02587                            -3464.90469 1945.00257  43.24133 -1888.68392 2388.35353 -1636.08377     invalid  
94    -913.94018 -746.63743 -1586.67087 -596.44451 -345.09153 -4397.19652                            -3491.94194 1967.41774  58.25934 -1902.24174 2412.76616 -1647.25443     invalid  
95    -940.97743 -724.22227 -1571.65285 -610.00233 -320.67891 -4408.36718                            -3518.97919 1989.83291  73.27736 -1915.79956 2437.17878 -1658.42509     invalid  
96    -968.01468 -701.80710 -1556.63484 -623.56015 -296.26628 -4419.53783                            -3546.01644 2012.24807  88.29538 -1929.35738 2461.59141 -1669.59574     invalid  
97    -995.05193 -679.39194 -1541.61682 -637.11797 -271.85366 -4430.70849                            -3573.05368 2034.66324 103.31340 -1942.91520 2486.00403 -1680.76640     invalid  
98    -1022.08917 -656.97677 -1526.59880 -650.67579 -247.44103 -4441.87914                            -3600.09093 2057.07840 118.33141 -1956.47302 2510.41666 -1691.93705     invalid  
99    -1049.12642 -634.56161 -1511.58079 -664.23361 -223.02841 -4453.04980                            -3627.12818 2079.49357 133.34943 -1970.03085 2534.82928 -1703.10771     invalid  
