PointDistanceFollower   Jun 17 2018   mode =  LINE3 
LINE3_RAND%_.37_0.txt      Output is S6 probe cell, C3 reduced cell,  S6Dist CS6Dist  distance between 
Compute times (msec)     S6Dist   54   CS6Dist  2
PointDistanceFollower  Jun 17 2018  mode = LINE3
LINE3_RAND%_.37_0.txt     Output is S6 probe cell, C3 reduced cell, S6Dist CS6Dist distance between
0    -2786.92821 -1994.76690 -501.65338 -3158.34068 -3067.37577 955.22778     (-1039.539,-2203.113) (-1831.700,-2112.148) (-1456.881,-955.228)     397.97018 -2814.23798 -1827.95394 1717.57267 -1930.98787 -1951.92005     (-1319.602,-1717.573) (-110.381,-213.415) (-1096.665,-234.347)      2133.18  2133.18  
1    -2836.20781 -1988.19402 -480.10991 -3188.29645 -3089.48435 991.83347     (-996.361,-2196.463) (-1844.374,-2097.651) (-1471.943,-991.833)     348.69058 -2807.66510 -1806.41047 1687.61690 -1953.09646 -1915.31436     (-1338.926,-1687.617) (-118.794,-265.480) (-1120.048,-227.697)      2091.47  2091.47  
2    -2885.48741 -1981.62113 -458.56644 -3218.25222 -3111.59294 1028.43915     (-953.182,-2189.813) (-1857.048,-2083.154) (-1487.006,-1028.439)     299.41098 -2801.09222 -1784.86700 1657.66113 -1975.20504 -1878.70868     (-1358.250,-1657.661) (-127.206,-317.544) (-1143.431,-221.048)      2051.16  2051.16  
3    -2934.76701 -1975.04825 -437.02297 -3248.20798 -3133.70152 1065.04484     (-910.003,-2183.163) (-1869.722,-2068.657) (-1502.068,-1065.045)     250.13139 -2794.51933 -1763.32353 1627.70536 -1997.31363 -1842.10299     (-1377.574,-1627.705) (-135.618,-369.608) (-1166.814,-214.398)      2012.36  2012.36  
4    -2984.04660 -1968.47537 -415.47950 -3278.16375 -3155.81011 1101.65052     (-866.825,-2176.513) (-1882.396,-2054.160) (-1517.130,-1101.651)     200.85179 -2787.94645 -1741.78006 1597.74959 -2019.42222 -1805.49730     (-1396.898,-1597.750) (-144.030,-421.673) (-1190.197,-207.748)      1975.15  1975.15  
5    -3033.32620 -1961.90248 -393.93603 -3308.11952 -3177.91870 1138.25621     (-823.646,-2169.863) (-1895.070,-2039.662) (-1532.192,-1138.256)     151.57219 -2781.37357 -1720.23659 1567.79382 -2041.53080 -1768.89162     (-1416.222,-1567.794) (-152.443,-473.737) (-1213.580,-201.098)      1939.62  1939.62  
6    -3082.60580 -1955.32960 -372.39256 -3338.07529 -3200.02728 1174.86190     (-780.468,-2163.213) (-1907.744,-2025.165) (-1547.254,-1174.862)     102.29259 -2774.80068 -1698.69312 1537.83806 -2063.63939 -1732.28593     (-1435.545,-1537.838) (-160.855,-525.801) (-1236.963,-194.448)      1905.87  1905.87  
7    -3131.88540 -1948.75672 -350.84909 -3368.03106 -3222.13587 1211.46758     (-737.289,-2156.563) (-1920.418,-2010.668) (-1562.317,-1211.468)      53.01300 -2768.22780 -1677.14965 1507.88229 -2085.74797 -1695.68024     (-1454.869,-1507.882) (-169.267,-577.866) (-1260.346,-187.798)      1873.98  1873.98  
8    -3181.16499 -1942.18383 -329.30562 -3397.98683 -3244.24445 1248.07327     (-694.111,-2149.914) (-1933.092,-1996.171) (-1577.379,-1248.073)       3.73340 -2761.65492 -1655.60618 1477.92652 -2107.85656 -1659.07456     (-1474.193,-1477.927) (-177.680,-629.930) (-1283.728,-181.148)      1844.07  1844.07  
9    -3230.44459 -1935.61095 -307.76215 -3427.94260 -3266.35304 1284.67896     (-650.932,-2143.264) (-1945.766,-1981.674) (-1592.441,-1284.679)     -45.54620 -2755.08203 -1634.06271 1447.97075 -2129.96515 -1622.46887     (-1493.517,-1447.971) (-186.092,-681.994) (-1307.111,-174.498)      1816.21  1816.21  
10    -3279.72419 -1929.03807 -286.21868 -3457.89836 -3288.46163 1321.28464     (-607.753,-2136.614) (-1958.440,-1967.177) (-1607.503,-1321.285)     -94.82579 -2748.50915 -1612.51924 1418.01498 -2152.07373 -1585.86318     (-1512.841,-1418.015) (-194.504,-734.059) (-1330.494,-167.848)      1790.52  1790.52  
11    -3329.00379 -1922.46518 -264.67521 -3487.85413 -3310.57021 1357.89033     (-564.575,-2129.964) (-1971.113,-1952.680) (-1622.566,-1357.890)     -144.10539 -2741.93627 -1590.97577 1388.05921 -2174.18232 -1549.25750     (-1532.165,-1388.059) (-202.917,-786.123) (-1353.877,-161.198)      1767.09  1767.09  
12    -3378.28338 -1915.89230 -243.13174 -3517.80990 -3332.67880 1394.49602     (-521.396,-2123.314) (-1983.787,-1938.183) (-1637.628,-1394.496)     -193.38499 -2735.36338 -1569.43230 1358.10344 -2196.29090 -1512.65181     (-1551.488,-1358.103) (-211.329,-838.187) (-1377.260,-154.548)      1746  1746  
13    -3427.56298 -1909.31942 -221.58827 -3547.76567 -3354.78738 1431.10170     (-478.218,-2116.664) (-1996.461,-1923.686) (-1652.690,-1431.102)     -242.66459 -2728.79050 -1547.88883 1328.14768 -2218.39949 -1476.04613     (-1570.812,-1328.148) (-219.741,-890.252) (-1400.643,-147.898)      1727.34  1727.34  
14    -3476.84258 -1902.74653 -200.04480 -3577.72144 -3376.89597 1467.70739     (-435.039,-2110.014) (-2009.135,-1909.189) (-1667.752,-1467.707)     -291.94418 -2722.21762 -1526.34536 1298.19191 -2240.50808 -1439.44044     (-1590.136,-1298.192) (-228.153,-942.316) (-1424.026,-141.249)      1711.2  1711.2  
15    -3526.12217 -1896.17365 -178.50133 -3607.67721 -3399.00456 1504.31307     (-391.861,-2103.364) (-2021.809,-1894.691) (-1682.814,-1504.313)     -341.22378 -2715.64473 -1504.80189 1268.23614 -2262.61666 -1402.83475     (-1609.460,-1268.236) (-236.566,-994.381) (-1447.409,-134.599)      1697.64  1697.64  
16    -3575.40177 -1889.60077 -156.95786 -3637.63298 -3421.11314 1540.91876     (-348.682,-2096.714) (-2034.483,-1880.194) (-1697.877,-1540.919)     -390.50338 -2709.07185 -1483.25842 1238.28037 -2284.72525 -1366.22907     (-1628.784,-1238.280) (-244.978,-1046.445) (-1470.791,-127.949)      1686.72  1686.72  
17    -3624.68137 -1883.02788 -135.41439 -3667.58874 -3443.22173 1577.52445     (-305.503,-2090.064) (-2047.157,-1865.697) (-1712.939,-1577.524)     -439.78298 -2702.49897 -1461.71495 1208.32460 -2306.83383 -1329.62338     (-1648.108,-1208.325) (-253.390,-1098.509) (-1494.174,-121.299)      1678.5  1678.5  
18    -3673.96097 -1876.45500 -113.87092 -3697.54451 -3465.33031 1614.13013     (-262.325,-2083.414) (-2059.831,-1851.200) (-1728.001,-1614.130)     -489.06257 -2695.92608 -1440.17148 1178.36883 -2328.94242 -1293.01769     (-1667.431,-1178.369) (-261.803,-1150.574) (-1517.557,-114.649)      1673.02  1673.02  
19    -3723.24056 -1869.88212 -92.32745 -3727.50028 -3487.43890 1650.73582     (-219.146,-2076.764) (-2072.505,-1836.703) (-1743.063,-1650.736)     -538.34217 -2689.35320 -1418.62801 1148.41306 -2351.05100 -1256.41201     (-1686.755,-1148.413) (-270.215,-1202.638) (-1540.940,-107.999)      1670.3  1670.3  
20    -3772.52016 -1863.30923 -70.78398 -3757.45605 -3509.54749 1687.34151     (-175.968,-2070.115) (-2085.179,-1822.206) (-1758.125,-1687.342)     -587.62177 -2682.78031 -1397.08454 1118.45730 -2373.15959 -1219.80632     (-1706.079,-1118.457) (-278.627,-1254.702) (-1564.323,-101.349)      1670.37  1670.37  
21    -3821.79976 -1856.73635 -49.24051 -3787.41182 -3531.65607 1723.94719     (-132.789,-2063.465) (-2097.853,-1807.709) (-1773.188,-1723.947)     -636.90137 -2676.20743 -1375.54107 1088.50153 -2395.26818 -1183.20063     (-1725.403,-1088.502) (-287.040,-1306.767) (-1587.706,-94.699)      1673.2  1673.2  
22    -3871.07936 -1850.16347 -27.69704 -3817.36759 -3553.76466 1760.55288     (-89.611,-2056.815) (-2110.526,-1793.212) (-1788.250,-1760.553)     -686.18096 -2669.63455 -1353.99760 1058.54576 -2417.37676 -1146.59495     (-1744.727,-1058.546) (-295.452,-1358.831) (-1611.089,-88.049)      1670.62  1678.8  
23    -3920.35895 -1843.59058  -6.15357 -3847.32336 -3575.87324 1797.15857     (-46.432,-2050.165) (-2123.200,-1778.715) (-1803.312,-1797.159)     -735.46056 -2663.06166 -1332.45413 1028.58999 -2439.48535 -1109.98926     (-1764.051,-1028.590) (-303.864,-1410.895) (-1634.472,-81.399)      1638.26  1665.08  
24    -3969.63855 -1837.01770  15.38990 -3877.27912 -3597.98183 1833.76425     (-3.253,-2043.515) (-2135.874,-1764.218) (-1818.374,-1833.764)     -784.74016 -2656.48878 -1310.91066 998.63422 -2461.59393 -1073.38358     (-1783.374,-998.634) (-312.276,-1462.960) (-1657.855,-74.749)      1608.14  1632.02  
25    -4018.91815 -1830.44482  36.93338 -3907.23489 -3620.09042 1870.36994     (-39.925,-2076.790) (-2108.623,-1793.511) (-1709.795,-1830.445)     -834.01976 -2649.91590 -1289.36719 968.67845 -2483.70252 -1036.77789     (-1802.698,-968.678) (-320.689,-1515.024) (-1681.237,-68.099)      1580.38  1601.52  
26    -4068.19775 -1823.87193  58.47685 -3937.19066 -3642.19900 1906.97562     (-83.104,-2113.319) (-2078.118,-1765.395) (-1652.120,-1823.872)     -883.29935 -2643.34301 -1267.82372 938.72268 -2505.81111 -1000.17220     (-1822.022,-938.723) (-329.101,-1567.088) (-1704.620,-61.450)      1555.11  1573.68  
27    -4117.47734 -1817.29905  80.02032 -3967.14643 -3664.30759 1943.58131     (-126.282,-2149.847) (-2047.614,-1737.279) (-1594.444,-1817.299)     -932.57895 -2636.77013 -1246.28025 908.76692 -2527.91969 -963.56652     (-1841.346,-908.767) (-337.513,-1619.153) (-1728.003,-54.800)      1532.46  1548.62  
28    -4166.75694 -1810.72617 101.56379 -3997.10220 -3686.41617 1980.18700     (-169.461,-2186.376) (-2017.109,-1709.162) (-1536.768,-1810.726)     -981.85855 -2630.19725 -1224.73678 878.81115 -2550.02828 -926.96083     (-1860.670,-878.811) (-345.926,-1671.217) (-1751.386,-48.150)      1512.55  1526.45  
29    -4216.03654 -1804.15328 123.10726 -4027.05797 -3708.52476 2016.79268     (-212.639,-2222.905) (-1986.604,-1681.046) (-1479.093,-1804.153)     -1031.13814 -2623.62436 -1203.19331 848.85538 -2572.13686 -890.35514     (-1879.994,-848.855) (-354.338,-1723.281) (-1774.769,-41.500)      1495.47  1507.25  
30    -4265.31614 -1797.58040 144.65073 -4057.01374 -3730.63335 2053.39837     (-255.818,-2259.433) (-1956.100,-1652.930) (-1421.417,-1797.580)     -1080.41774 -2617.05148 -1181.64984 818.89961 -2594.24545 -853.74946     (-1899.317,-818.900) (-362.750,-1775.346) (-1798.152,-34.850)      1481.34  1491.11  
31    -4314.59573 -1791.00752 166.19420 -4086.96950 -3752.74193 2090.00406     (-298.997,-2295.962) (-1925.595,-1624.813) (-1363.741,-1791.008)     -1129.69734 -2610.47860 -1160.10637 788.94384 -2616.35404 -817.14377     (-1918.641,-788.944) (-371.163,-1827.410) (-1821.535,-28.200)      1470.23  1478.08  
32    -4363.87533 -1784.43463 187.73767 -4116.92527 -3774.85052 2126.60974     (-342.175,-2332.491) (-1895.090,-1596.697) (-1306.066,-1784.435)     -1178.97694 -2603.90571 -1138.56290 758.98807 -2638.46262 -780.53808     (-1937.965,-758.988) (-379.575,-1879.475) (-1844.918,-21.550)      1462.22  1468.2  
33    -4413.15493 -1777.86175 209.28114 -4146.88104 -3796.95910 2163.21543     (-385.354,-2369.019) (-1864.586,-1568.581) (-1248.390,-1777.862)     -1228.25653 -2597.33283 -1117.01943 729.03230 -2660.57121 -743.93240     (-1957.289,-729.032) (-387.987,-1931.539) (-1868.301,-14.900)      1457.35  1461.5  
34    -4462.43452 -1771.28887 230.82461 -4176.83681 -3819.06769 2199.82112     (-428.532,-2405.548) (-1834.081,-1540.464) (-1190.714,-1771.289)     -1277.53613 -2590.75995 -1095.47596 699.07654 -2682.67979 -707.32671     (-1976.613,-699.077) (-396.399,-1983.603) (-1891.683,-8.250)      1455.65  1457.98  
35    -4511.71412 -1764.71598 252.36808 -4206.79258 -3841.17628 2236.42680     (-471.711,-2442.077) (-1803.576,-1512.348) (-1133.039,-1764.716)     -1326.81573 -2584.18706 -1073.93249 669.12077 -2704.78838 -670.72103     (-1995.936,-669.121) (-404.812,-2035.668) (-1915.066,-1.600)      1457.15  1457.61  
36    -4560.99372 -1758.14310 273.91155 -4236.74835 -3863.28486 2273.03249     (-514.889,-2478.605) (-1773.072,-1484.232) (-1075.363,-1758.143)     -1376.09533 -2577.61418 -1052.38902 639.16500 -2726.89697 -634.11534     (-408.174,-634.115) (-2010.211,-2082.682) (-1943.499,-5.050)      1465.1  1465.1  
37    -4610.27332 -1751.57021 295.45502 -4266.70411 -3885.39345 2309.63818     (-558.068,-2515.134) (-1742.567,-1456.115) (-1017.687,-1751.570)     -1425.37492 -2571.04130 -1030.84555 609.20923 -2749.00555 -597.50965     (-409.937,-597.510) (-2022.885,-2128.097) (-1973.532,-11.700)      1477.1  1477.1  
38    -4659.55291 -1744.99733 316.99849 -4296.65988 -3907.50203 2346.24386     (-601.247,-2551.663) (-1712.063,-1427.999) (-960.012,-1744.997)     -1474.65452 -2564.46841 -1009.30208 579.25346 -2771.11414 -560.90397     (-411.699,-560.904) (-2035.558,-2173.511) (-2003.564,-18.349)      1492.04  1492.04  
39    -4708.83251 -1738.42445 338.54196 -4326.61565 -3929.61062 2382.84955     (-644.425,-2588.191) (-1681.558,-1399.882) (-902.336,-1738.424)     -1523.93412 -2557.89553 -987.75861 549.29769 -2793.22272 -524.29828     (-413.462,-524.298) (-2048.232,-2218.926) (-2033.597,-24.999)      1509.81  1509.81  
40    -4758.11211 -1731.85156 360.08543 -4356.57142 -3951.71921 2419.45523     (-687.604,-2624.720) (-1651.053,-1371.766) (-844.660,-1731.852)     -1573.21372 -2551.32265 -966.21514 519.34192 -2815.33131 -487.69259     (-415.224,-487.693) (-2060.906,-2264.340) (-2063.630,-31.649)      1530.34  1530.34  
41    -4807.39171 -1725.27868 381.62890 -4386.52719 -3973.82779 2456.06092     (-730.782,-2661.249) (-1620.549,-1343.650) (-786.985,-1725.279)     -1622.49331 -2544.74976 -944.67167 489.38616 -2837.43990 -451.08691     (-416.986,-451.087) (-2073.580,-2309.754) (-2093.663,-38.299)      1553.49  1553.49  
42    -4856.67130 -1718.70580 403.17237 -4416.48296 -3995.93638 2492.66661     (-773.961,-2697.777) (-1590.044,-1315.533) (-729.309,-1718.706)     -1671.77291 -2538.17688 -923.12820 459.43039 -2859.54848 -414.48122     (-418.749,-414.481) (-2086.254,-2355.169) (-2123.696,-44.949)      1579.17  1579.17  
43    -4905.95090 -1712.13291 424.71584 -4446.43873 -4018.04496 2529.27229     (-817.139,-2734.306) (-1559.539,-1287.417) (-671.633,-1712.133)     -1721.05251 -2531.60400 -901.58473 429.47462 -2881.65707 -377.87553     (-420.511,-377.876) (-2098.928,-2400.583) (-2153.728,-51.599)      1607.25  1607.25  
44    -4955.23050 -1705.56003 446.25931 -4476.39449 -4040.15355 2565.87798     (-860.318,-2770.834) (-1529.035,-1259.301) (-613.958,-1705.560)     -1770.33211 -2525.03111 -880.04126 399.51885 -2903.76565 -341.26985     (-422.273,-341.270) (-2111.602,-2445.998) (-2183.761,-58.249)      1637.6  1637.6  
45    -5004.51010 -1698.98715 467.80278 -4506.35026 -4062.26213 2602.48367     (-903.497,-2807.363) (-1498.530,-1231.184) (-556.282,-1698.987)     -1819.61170 -2518.45823 -858.49779 369.56308 -2925.87424 -304.66416     (-424.036,-304.664) (-2124.276,-2491.412) (-2213.794,-64.899)      1670.1  1670.1  
46    -5053.78969 -1692.41426 489.34625 -4536.30603 -4084.37072 2639.08935     (-946.675,-2843.892) (-1468.025,-1203.068) (-498.606,-1692.414)     -1868.89130 -2511.88535 -836.95432 339.60731 -2947.98283 -268.05847     (-425.798,-268.058) (-2136.950,-2536.827) (-2243.827,-71.549)      1704.64  1704.64  
47    -5103.06929 -1685.84138 510.88972 -4566.26180 -4106.47931 2675.69504     (-989.854,-2880.420) (-1437.521,-1174.952) (-440.931,-1685.841)     -1918.17090 -2505.31246 -815.41085 309.65155 -2970.09141 -231.45279     (-427.561,-231.453) (-2149.624,-2582.241) (-2273.860,-78.199)      1741.08  1741.08  
48    -5152.34889 -1679.26850 532.43319 -4596.21757 -4128.58789 2712.30073     (-1033.032,-2916.949) (-1407.016,-1146.835) (-383.255,-1679.268)     -1967.45049 -2498.73958 -793.86738 279.69578 -2992.20000 -194.84710     (-429.323,-194.847) (-2162.298,-2627.656) (-2303.892,-84.849)      1779.31  1779.31  
49    -5201.62849 -1672.69561 553.97666 -4626.17334 -4150.69648 2748.90641     (-1076.211,-2953.478) (-1376.511,-1118.719) (-325.579,-1672.696)     -2016.73009 -2492.16670 -772.32391 249.74001 -3014.30858 -158.24142     (-431.085,-158.241) (-2174.972,-2673.070) (-2333.925,-91.499)      1819.22  1819.22  
50    -5250.90808 -1666.12273 575.52013 -4656.12911 -4172.80506 2785.51210     (-1119.389,-2990.006) (-1346.007,-1090.603) (-267.904,-1666.123)     -2066.00969 -2485.59381 -750.78044 219.78424 -3036.41717 -121.63573     (-432.848,-121.636) (-2187.645,-2718.484) (-2363.958,-98.149)      1856.8  1856.8  
51    -5300.18768 -1659.54985 597.06360 -4686.08487 -4194.91365 2822.11778     (-1162.568,-3026.535) (-1315.502,-1062.486) (-210.228,-1659.550)     -2115.28929 -2479.02093 -729.23697 189.82847 -3058.52576 -85.03004     (-434.610,-85.030) (-2200.319,-2763.899) (-2393.991,-104.798)      1894.52  1894.52  
52    -5349.46728 -1652.97696 618.60707 -4716.04064 -4217.02224 2858.72347     (-1205.747,-3063.064) (-1284.997,-1034.370) (-152.552,-1652.977)     -2164.56888 -2472.44805 -707.69350 159.87270 -3080.63434 -48.42436     (-436.372,-48.424) (-2212.993,-2809.313) (-2424.024,-111.448)      1933.85  1933.85  
53    -5398.74687 -1646.40408 640.15054 -4745.99641 -4239.13082 2895.32916     (-1248.925,-3099.592) (-1254.493,-1006.254) (-94.877,-1646.404)     -2213.84848 -2465.87516 -686.15003 129.91693 -3102.74293 -11.81867     (-438.135,-11.819) (-2225.667,-2854.728) (-2454.056,-118.098)      1974.68  1974.68  
54    -5448.02647 -1639.83120 661.69401 -4775.95218 -4261.23941 2931.93484     (-1292.104,-3136.121) (-1223.988,-978.137) (-37.201,-1639.831)     -2263.12808 -2459.30228 -664.60656  99.96117 -3124.85151  24.78702     (-464.684,-24.787) (-2459.302,-2875.355) (-2213.554,-99.961)      1985.65  1985.65  
55    -5497.30607 -1633.25831 683.23748 -4805.90795 -4283.34799 2968.54053     (-1314.807,-1173.009) (-3152.175,-929.546) (-20.475,-1653.733)     -2312.40768 -2452.72939 -643.06309  70.00540 -3146.96010  61.39270     (-503.052,-61.393) (-2452.729,-2884.164) (-2189.622,-70.005)      1967.89  1967.89  
56    -5546.58567 -1626.68543 704.78095 -4835.86372 -4305.45658 3005.14622     (-1300.310,-1084.828) (-3131.028,-843.754) (-78.150,-1704.836)     -2361.68727 -2446.15651 -621.51962  40.04963 -3169.06869  97.99839     (-541.420,-97.998) (-2446.157,-2892.973) (-2165.690,-40.050)      1952.22  1952.22  
57    -5595.86526 -1620.11255 726.32442 -4865.81949 -4327.56517 3041.75190     (-1285.813,-996.648) (-3109.881,-757.962) (-135.826,-1755.939)     -2410.96687 -2439.58363 -599.97615  10.09386 -3191.17727 134.60408     (-579.788,-134.604) (-2439.584,-2901.781) (-2141.759,-10.094)      1938.69  1938.69  
58    -5645.14486 -1613.53966 747.86789 -4895.77525 -4349.67375 3078.35759     (-1271.316,-908.468) (-3088.734,-672.170) (-193.502,-1807.041)     -2460.24647 -2433.01074 -578.43268 -19.86191 -3213.28586 171.20976     (-2413.149,-151.348) (-598.295,-2890.728) (-2137.689,-19.862)      1929.29  1938.31  
59    -5694.42446 -1606.96678 769.41136 -4925.73102 -4371.78234 3114.96328     (-1256.819,-820.287) (-3067.587,-586.378) (-251.177,-1858.144)     -2509.52607 -2426.43786 -556.88921 -49.81768 -3235.39444 207.81545     (-2376.620,-157.998) (-606.707,-2869.581) (-2143.713,-49.818)      1922.43  1944.46  
60    -5743.70406 -1600.39390 790.95483 -4955.68679 -4393.89092 3151.56896     (-1242.322,-732.107) (-3046.440,-500.586) (-308.853,-1909.247)     -2558.80566 -2419.86498 -535.34574 -79.77345 -3257.50303 244.42113     (-2340.092,-164.648) (-615.119,-2848.434) (-2149.737,-79.773)      1917.03  1951.34  
61    -5792.98365 -1593.82101 812.49830 -4985.64256 -4415.99951 3188.17465     (-1227.825,-643.927) (-3025.293,-414.794) (-366.529,-1960.350)     -2608.08526 -2413.29209 -513.80227 -109.72921 -3279.61162 281.02682     (-2303.563,-171.298) (-623.531,-2827.287) (-2155.761,-109.729)      1913.09  1958.98  
62    -5842.26325 -1587.24813 834.04177 -5015.59833 -4438.10810 3224.78033     (-1213.328,-555.746) (-3004.146,-329.002) (-424.204,-2011.453)     -2657.36486 -2406.71921 -492.25880 -139.68498 -3301.72020 317.63251     (-2267.034,-177.948) (-631.944,-2806.140) (-2161.785,-139.685)      1910.62  1967.4  
63    -5891.54285 -1580.67525 855.58524 -5045.55410 -4460.21668 3261.38602     (-1198.831,-467.566) (-2982.999,-243.210) (-481.880,-2062.555)     -2706.64446 -2400.14633 -470.71533 -169.64075 -3323.82879 354.23819     (-2230.506,-184.597) (-640.356,-2784.993) (-2167.809,-169.641)      1909.64  1955.04  
64    -5940.82245 -1574.10236 877.12871 -5075.50987 -4482.32527 3297.99171     (-1184.334,-379.386) (-2961.852,-157.418) (-539.556,-2113.658)     -2755.92405 -2393.57344 -449.17186 -199.59652 -3345.93737 390.84388     (-2193.977,-191.247) (-648.768,-2763.846) (-2173.833,-199.597)      1900.43  1942.88  
65    -5990.10204 -1567.52948 898.67218 -5105.46563 -4504.43385 3334.59739     (-1169.836,-291.205) (-2940.705,-71.626) (-597.231,-2164.761)     -2805.20365 -2387.00056 -427.62839 -229.55229 -3368.04596 427.44957     (-2157.448,-197.897) (-657.181,-2742.699) (-2179.857,-229.552)      1879.88  1924.41  
66    -6039.38164 -1560.95660 920.21565 -5135.42140 -4526.54244 3371.20308     (-640.741,-188.859) (-2933.724,-14.166) (-1141.173,-2201.698)     -2854.48325 -2380.42768 -406.08492 -259.50806 -3390.15455 464.05525     (-2120.920,-204.547) (-665.593,-2721.552) (-2185.881,-259.508)      1860.63  1907.3  
67    -6088.66124 -1554.38371 941.75912 -5165.37717 -4548.65103 3407.80877     (-612.625,-14.886) (-2998.369,-99.958) (-1040.884,-2167.008)     -2903.76284 -2373.85479 -384.54145 -289.46383 -3412.26313 500.66094     (-2084.391,-211.197) (-674.005,-2700.405) (-2191.905,-289.464)      1842.71  1891.58  
68    -6137.94084 -1547.81083 963.30259 -5195.33294 -4570.75961 3444.41445     (-743.594,-159.086) (-781.509,-26.664) (-2903.928,-1973.233)     -2953.04244 -2367.28191 -362.99798 -319.41959 -3434.37172 537.26663     (-2047.862,-217.847) (-682.418,-2679.258) (-2197.929,-319.420)      1826.17  1877.29  
69    -6187.22043 -1541.23795 984.84606 -5225.28871 -4592.86820 3481.02014     (-2733.085,-271.542) (-568.764,-61.516) (-827.934,-1703.056)     -3002.32204 -2360.70903 -341.45451 -349.37536 -3456.48030 573.87231     (-2011.334,-224.497) (-690.830,-2658.111) (-2203.953,-349.375)      1811.03  1864.47  
70    -6236.50003 -1534.66506 1006.38953 -5255.24448 -4614.97678 3517.62583     (-2535.577,-357.334) (-382.682,-149.696) (-885.610,-1406.214)     -3051.60164 -2354.13614 -319.91104 -379.33113 -3478.58889 610.47800     (-1974.805,-231.147) (-699.242,-2636.964) (-2209.977,-379.331)      1797.35  1853.15  
71    -6285.77963 -1528.09218 1027.93300 -5285.20025 -4637.08537 3554.23151     (-2338.069,-443.126) (-196.601,-237.877) (-943.285,-1109.372)     -3100.88123 -2347.56326 -298.36757 -409.28690 -3500.69748 647.08368     (-1938.276,-237.797) (-707.654,-2615.817) (-2216.001,-409.287)      1785.14  1843.37  
72    -6335.05923 -1521.51930 1049.47647 -5315.15601 -4659.19396 3590.83720     (-2140.562,-528.918) (-10.520,-326.057) (-1000.961,-812.530)     -3150.16083 -2340.99038 -276.82410 -439.24267 -3522.80606 683.68937     (-1901.748,-244.447) (-716.067,-2594.670) (-2222.025,-439.243)      1774.45  1835.16  
73    -6384.33882 -1514.94641 1071.01994 -5345.11178 -4681.30254 3627.44289     (-340.127,-439.149) (-589.798,-175.561) (-1767.493,-883.076)     -3199.44043 -2334.41749 -255.28063 -469.19844 -3544.91465 720.29506     (-1865.219,-251.097) (-724.479,-2573.523) (-2228.049,-469.198)      1765.3  1828.53  
74    -6433.61842 -1508.37353 1092.56341 -5375.06755 -4703.41113 3664.04857     (-142.796,-481.656) (-721.264,-1241.108) (-218.846,-611.874)     -3248.72003 -2327.84461 -233.73716 -499.15421 -3567.02323 756.90074     (-1828.690,-257.747) (-732.891,-2552.376) (-2234.073,-499.154)      1757.71  1823.52  
75    -6482.89802 -1501.80064 1114.10688 -5405.02332 -4725.51971 3700.65426     (-547.723,-434.606) (-786.294,-296.600) (-77.996,-78.542)     -3297.99962 -2321.27173 -212.19369 -529.10997 -3589.13182 793.50643     (-1792.162,-264.396) (-741.304,-2531.229) (-2240.097,-529.110)      1751.7  1794.47  
76    -6532.17761 -1495.22776 1135.65035 -5434.97909 -4747.62830 3737.25994                            -3347.27922 -2314.69884 -190.65022 -559.06574 -3611.24041 830.11212     invalid  
77    -6581.45721 -1488.65488 1157.19382 -5464.93486 -4769.73689 3773.86563                            -3396.55882 -2308.12596 -169.10675 -589.02151 -3633.34899 866.71780     invalid  
78    -6630.73681 -1482.08199 1178.73729 -5494.89062 -4791.84547 3810.47132                            -3445.83842 -2301.55308 -147.56328 -618.97728 -3655.45758 903.32349     invalid  
79    -6680.01641 -1475.50911 1200.28076 -5524.84639 -4813.95406 3847.07700                            -3495.11801 -2294.98019 -126.01981 -648.93305 -3677.56616 939.92918     invalid  
80    -6729.29600 -1468.93623 1221.82423 -5554.80216 -4836.06264 3883.68269                            -3544.39761 -2288.40731 -104.47634 -678.88882 -3699.67475 976.53486     invalid  
81    -6778.57560 -1462.36334 1243.36770 -5584.75793 -4858.17123 3920.28838                            -3593.67721 -2281.83443 -82.93287 -708.84459 -3721.78333 1013.14055     invalid  
82    -6827.85520 -1455.79046 1264.91117 -5614.71370 -4880.27982 3956.89406                            -3642.95681 -2275.26154 -61.38940 -738.80035 -3743.89192 1049.74624     invalid  
83    -6877.13480 -1449.21758 1286.45464 -5644.66947 -4902.38840 3993.49975                            -3692.23640 -2268.68866 -39.84593 -768.75612 -3766.00051 1086.35192     invalid  
84    -6926.41439 -1442.64469 1307.99811 -5674.62524 -4924.49699 4030.10544                            -3741.51600 -2262.11578 -18.30246 -798.71189 -3788.10909 1122.95761     invalid  
85    -6975.69399 -1436.07181 1329.54158 -5704.58100 -4946.60557 4066.71112                            -3790.79560 -2255.54289   3.24101 -828.66766 -3810.21768 1159.56329     invalid  
86    -7024.97359 -1429.49893 1351.08505 -5734.53677 -4968.71416 4103.31681                            -3840.07519 -2248.97001  24.78448 -858.62343 -3832.32626 1196.16898     invalid  
87    -7074.25319 -1422.92604 1372.62852 -5764.49254 -4990.82275 4139.92249                            -3889.35479 -2242.39713  46.32795 -888.57920 -3854.43485 1232.77467     invalid  
88    -7123.53278 -1416.35316 1394.17199 -5794.44831 -5012.93133 4176.52818                            -3938.63439 -2235.82424  67.87142 -918.53496 -3876.54344 1269.38035     invalid  
89    -7172.81238 -1409.78028 1415.71546 -5824.40408 -5035.03992 4213.13387                            -3987.91399 -2229.25136  89.41489 -948.49073 -3898.65202 1305.98604     invalid  
90    -7222.09198 -1403.20739 1437.25893 -5854.35985 -5057.14850 4249.73955                            -4037.19358 -2222.67847 110.95836 -978.44650 -3920.76061 1342.59173     invalid  
91    -7271.37158 -1396.63451 1458.80240 -5884.31562 -5079.25709 4286.34524                            -4086.47318 -2216.10559 132.50183 -1008.40227 -3942.86919 1379.19741     invalid  
92    -7320.65117 -1390.06163 1480.34587 -5914.27138 -5101.36568 4322.95093                            -4135.75278 -2209.53271 154.04530 -1038.35804 -3964.97778 1415.80310     invalid  
93    -7369.93077 -1383.48874 1501.88934 -5944.22715 -5123.47426 4359.55661                            -4185.03238 -2202.95982 175.58877 -1068.31381 -3987.08637 1452.40879     invalid  
94    -7419.21037 -1376.91586 1523.43281 -5974.18292 -5145.58285 4396.16230                            -4234.31197 -2196.38694 197.13224 -1098.26958 -4009.19495 1489.01447     invalid  
95    -7468.48996 -1370.34298 1544.97628 -6004.13869 -5167.69143 4432.76799                            -4283.59157 -2189.81406 218.67571 -1128.22534 -4031.30354 1525.62016     invalid  
96    -7517.76956 -1363.77009 1566.51975 -6034.09446 -5189.80002 4469.37367                            -4332.87117 -2183.24117 240.21918 -1158.18111 -4053.41212 1562.22584     invalid  
97    -7567.04916 -1357.19721 1588.06322 -6064.05023 -5211.90861 4505.97936                            -4382.15077 -2176.66829 261.76265 -1188.13688 -4075.52071 1598.83153     invalid  
98    -7616.32876 -1350.62433 1609.60669 -6094.00600 -5234.01719 4542.58504                            -4431.43036 -2170.09541 283.30612 -1218.09265 -4097.62930 1635.43722     invalid  
99    -7665.60835 -1344.05144 1631.15016 -6123.96176 -5256.12578 4579.19073                            -4480.70996 -2163.52252 304.84959 -1248.04842 -4119.73788 1672.04290     invalid  
