PointDistanceFollower   Jun 17 2018   mode =  LINE3 
LINE3_RAND%_.5_0.txt      Output is S6 probe cell, C3 reduced cell,  S6Dist CS6Dist  distance between 
Compute times (msec)     S6Dist   45   CS6Dist  2
PointDistanceFollower  Jun 17 2018  mode = LINE3
LINE3_RAND%_.5_0.txt     Output is S6 probe cell, C3 reduced cell, S6Dist CS6Dist distance between
0    -1503.42387 -1066.74826 -1178.45038 -148.71685 -552.62568 -648.89417     (-1503.424,-148.717) (-1066.748,-552.626) (-1178.450,-648.894)     1057.65470 -2863.96644 -3219.78919 1376.03991 -2609.67120 -1438.58655     (-318.385,-1376.040) (-1843.749,-1233.631) (-1487.927,-62.547)      1260.52  1260.52  
1    -1532.82099 -1032.73087 -1181.87675 -183.33723 -522.33583 -668.46250     (-1532.821,-183.337) (-1032.731,-522.336) (-1181.877,-668.463)     1028.25758 -2829.94906 -3223.21556 1341.41953 -2579.38135 -1458.15488     (-313.162,-1341.420) (-1881.796,-1237.962) (-1488.530,-116.735)      1287.49  1287.49  
2    -1562.21811 -998.71349 -1185.30313 -217.95762 -492.04598 -688.03083     (-1562.218,-217.958) (-998.713,-492.046) (-1185.303,-688.031)     998.86046 -2795.93167 -3226.64194 1306.79914 -2549.09149 -1477.72321     (-307.939,-1306.799) (-1919.843,-1242.292) (-1489.133,-170.924)      1318.17  1318.17  
3    -1591.61522 -964.69610 -1188.72950 -252.57800 -461.75612 -707.59916     (-1591.615,-252.578) (-964.696,-461.756) (-1188.730,-707.599)     969.46335 -2761.91428 -3230.06831 1272.17876 -2518.80164 -1497.29154     (-302.715,-1272.179) (-1957.890,-1246.623) (-1489.736,-225.113)      1352.33  1352.33  
4    -1621.01234 -930.67872 -1192.15588 -287.19839 -431.46627 -727.16749     (-1621.012,-287.198) (-930.679,-431.466) (-1192.156,-727.167)     940.06623 -2727.89690 -3233.49469 1237.55837 -2488.51179 -1516.85987     (-297.492,-1237.558) (-1995.936,-1250.953) (-1490.339,-279.301)      1389.7  1389.7  
5    -1650.40946 -896.66133 -1195.58226 -321.81877 -401.17642 -746.73582     (-1650.409,-321.819) (-896.661,-401.176) (-1195.582,-746.736)     910.66911 -2693.87951 -3236.92107 1202.93799 -2458.22194 -1536.42820     (-292.269,-1202.938) (-2033.983,-1255.284) (-1490.942,-333.490)      1430.04  1430.04  
6    -1679.80657 -862.64394 -1199.00863 -356.43916 -370.88657 -766.30415     (-1679.807,-356.439) (-862.644,-370.887) (-1199.009,-766.304)     881.27200 -2659.86213 -3240.34744 1168.31760 -2427.93209 -1555.99653     (-287.046,-1168.318) (-2072.030,-1259.614) (-1491.545,-387.679)      1473.09  1473.09  
7    -1709.20369 -828.62656 -1202.43501 -391.05954 -340.59672 -785.87248     (-1709.204,-391.060) (-828.627,-340.597) (-1202.435,-785.872)     851.87488 -2625.84474 -3243.77382 1133.69722 -2397.64223 -1575.56486     (-281.822,-1133.697) (-2110.077,-1263.945) (-1492.148,-441.868)      1511.96  1511.96  
8    -1738.60081 -794.60917 -1205.86139 -425.67993 -310.30686 -805.44081     (-1738.601,-425.680) (-794.609,-310.307) (-1205.861,-805.441)     822.47776 -2591.82736 -3247.20019 1099.07683 -2367.35238 -1595.13319     (-276.599,-1099.077) (-2148.123,-1268.276) (-1492.751,-496.056)      1538.7  1538.7  
9    -1767.99792 -760.59179 -1209.28776 -460.30031 -280.01701 -825.00914     (-1767.998,-460.300) (-760.592,-280.017) (-1209.288,-825.009)     793.08065 -2557.80997 -3250.62657 1064.45645 -2337.06253 -1614.70152     (-271.376,-1064.456) (-2186.170,-1272.606) (-1493.354,-550.245)      1568.58  1568.58  
10    -1797.39504 -726.57440 -1212.71414 -494.92070 -249.72716 -844.57747     (-1797.395,-494.921) (-726.574,-249.727) (-1212.714,-844.577)     763.68353 -2523.79258 -3254.05295 1029.83606 -2306.77268 -1634.26984     (-266.153,-1029.836) (-2224.217,-1276.937) (-1493.957,-604.434)      1601.41  1601.41  
11    -1826.79216 -692.55702 -1216.14051 -529.54108 -219.43731 -864.14580     (-1826.792,-529.541) (-692.557,-219.437) (-1216.141,-864.146)     734.28641 -2489.77520 -3257.47932 995.21568 -2276.48283 -1653.83817     (-260.929,-995.216) (-2262.264,-1281.267) (-1494.560,-658.622)      1637.03  1637.03  
12    -1856.18927 -658.53963 -1219.56689 -564.16146 -189.14746 -883.71413     (-1856.189,-564.161) (-658.540,-189.147) (-1219.567,-883.714)     704.88929 -2455.75781 -3260.90570 960.59529 -2246.19297 -1673.40650     (-255.706,-960.595) (-2300.310,-1285.598) (-1495.163,-712.811)      1675.25  1675.25  
13    -1885.58639 -624.52224 -1222.99327 -598.78185 -158.85760 -903.28246     (-1885.586,-598.782) (-624.522,-158.858) (-1222.993,-903.282)     675.49218 -2421.74043 -3264.33207 925.97491 -2215.90312 -1692.97483     (-250.483,-925.975) (-2338.357,-1289.928) (-1495.766,-767.000)      1708.74  1708.74  
14    -1914.98351 -590.50486 -1226.41964 -633.40223 -128.56775 -922.85079     (-1914.984,-633.402) (-590.505,-128.568) (-1226.420,-922.851)     646.09506 -2387.72304 -3267.75845 891.35453 -2185.61327 -1712.54316     (-245.259,-891.355) (-2376.404,-1294.259) (-1496.369,-821.189)      1730.52  1730.52  
15    -1944.38062 -556.48747 -1229.84602 -668.02262 -98.27790 -942.41912     (-1944.381,-668.023) (-556.487,-98.278) (-1229.846,-942.419)     616.69794 -2353.70566 -3271.18483 856.73414 -2155.32342 -1732.11149     (-240.036,-856.734) (-2414.451,-1298.589) (-1496.972,-875.377)      1755.24  1755.24  
16    -1973.77774 -522.47009 -1233.27239 -702.64300 -67.98805 -961.98745     (-1973.778,-702.643) (-522.470,-67.988) (-1233.272,-961.987)     587.30083 -2319.68827 -3274.61120 822.11376 -2125.03357 -1751.67982     (-234.813,-822.114) (-2452.497,-1302.920) (-1497.575,-929.566)      1782.13  1782.13  
17    -2003.17486 -488.45270 -1236.69877 -737.26339 -37.69820 -981.55578     (-2003.175,-737.263) (-488.453,-37.698) (-1236.699,-981.556)     557.90371 -2285.67088 -3278.03758 787.49337 -2094.74371 -1771.24815     (-229.590,-787.493) (-2490.544,-1307.250) (-1498.178,-983.755)      1805.03  1805.03  
18    -2032.57197 -454.43531 -1240.12515 -771.88377  -7.40834 -1001.12411     (-2032.572,-771.884) (-454.435,-7.408) (-1240.125,-1001.124)     528.50659 -2251.65350 -3281.46395 752.87299 -2064.45386 -1790.81648     (-224.366,-752.873) (-2528.591,-1311.581) (-1498.781,-1037.943)      1830.72  1830.72  
19    -2061.96909 -420.41793 -1243.55152 -806.50416  22.88151 -1020.69244     (-1220.670,-783.623) (-443.299,-22.882) (-2039.088,-997.811)     499.10948 -2217.63611 -3284.89033 718.25260 -2034.16401 -1810.38481     (-219.143,-718.253) (-2566.638,-1315.911) (-1499.384,-1092.132)      1859.09  1859.09  
20    -2091.36621 -386.40054 -1246.97790 -841.12454  53.17136 -1040.26077     (-1193.807,-787.953) (-439.572,-53.171) (-2038.195,-987.089)     469.71236 -2183.61873 -3288.31671 683.63222 -2003.87416 -1829.95314     (-213.920,-683.632) (-2604.684,-1320.242) (-1499.987,-1146.321)      1890.01  1890.01  
21    -2120.76332 -352.38316 -1250.40427 -875.74493  83.46121 -1059.82910     (-1166.943,-792.284) (-435.844,-83.461) (-2037.302,-976.368)     440.31524 -2149.60134 -3291.74308 649.01183 -1973.58431 -1849.52147     (-208.697,-649.012) (-2642.731,-1324.572) (-1500.590,-1200.510)      1923.36  1923.36  
22    -2150.16044 -318.36577 -1253.83065 -910.36531 113.75106 -1079.39743     (-1140.080,-796.614) (-432.117,-113.751) (-2036.409,-965.646)     410.91813 -2115.58395 -3295.16946 614.39145 -1943.29445 -1869.08980     (-203.473,-614.391) (-2680.778,-1328.903) (-1501.193,-1254.698)      1959.02  1959.02  
23    -2179.55756 -284.34839 -1257.25703 -944.98570 144.04092 -1098.96576     (-1113.216,-800.945) (-428.389,-144.041) (-2035.517,-954.925)     381.52101 -2081.56657 -3298.59583 579.77106 -1913.00460 -1888.65813     (-198.250,-579.771) (-2718.825,-1333.234) (-1501.796,-1308.887)      1996.86  1996.86  
24    -2208.95467 -250.33100 -1260.68340 -979.60608 174.33077 -1118.53409     (-1086.353,-805.275) (-424.662,-174.331) (-2034.624,-944.203)     352.12389 -2047.54918 -3302.02221 545.15068 -1882.71475 -1908.22646     (-193.027,-545.151) (-2756.872,-1337.564) (-1502.399,-1363.076)      2036.77  2036.77  
25    -2238.35179 -216.31361 -1264.10978 -1014.22647 204.62062 -1138.10242     (-1059.489,-809.606) (-420.934,-204.621) (-2033.731,-933.482)     322.72678 -2013.53180 -3305.44859 510.53029 -1852.42490 -1927.79479     (-187.804,-510.530) (-2794.918,-1341.895) (-1503.002,-1417.264)      2078.61  2078.61  
26    -2267.74891 -182.29623 -1267.53615 -1048.84685 234.91047 -1157.67075     (-1032.626,-813.936) (-417.207,-234.910) (-2032.838,-922.760)     293.32966 -1979.51441 -3308.87496 475.90991 -1822.13505 -1947.36312     (-182.580,-475.910) (-2832.965,-1346.225) (-1503.605,-1471.453)      2122.29  2122.29  
27    -2297.14603 -148.27884 -1270.96253 -1083.46723 265.20032 -1177.23907     (-1005.762,-818.267) (-413.479,-265.200) (-2031.946,-912.039)     263.93254 -1945.49703 -3312.30134 441.28952 -1791.84519 -1966.93145     (-177.357,-441.290) (-2871.012,-1350.556) (-1504.208,-1525.642)      2167.68  2167.68  
28    -2326.54314 -114.26146 -1274.38891 -1118.08762 295.49018 -1196.80740     (-978.899,-822.597) (-409.752,-295.490) (-2031.053,-901.317)     234.53543 -1911.47964 -3315.72772 406.66914 -1761.55534 -1986.49978     (-172.134,-406.669) (-2909.059,-1354.886) (-1504.811,-1579.831)      2214.69  2214.69  
29    -2355.94026 -80.24407 -1277.81528 -1152.70800 325.78003 -1216.37573     (-952.035,-826.928) (-406.024,-325.780) (-2030.160,-890.596)     205.13831 -1877.46225 -3319.15409 372.04876 -1731.26549 -2006.06811     (-166.910,-372.049) (-2947.105,-1359.217) (-1505.413,-1634.019)      2263.2  2263.2  
30    -2385.33738 -46.22669 -1281.24166 -1187.32839 356.06988 -1235.94406     (-925.172,-831.259) (-402.297,-356.070) (-2029.267,-879.874)     175.74119 -1843.44487 -3322.58047 337.42837 -1700.97564 -2025.63644     (-161.687,-337.428) (-2985.152,-1363.547) (-1506.016,-1688.208)      2313.13  2313.13  
31    -2414.73449 -12.20930 -1284.66803 -1221.94877 386.35973 -1255.51239     (-898.308,-835.589) (-398.569,-386.360) (-2028.375,-869.153)     146.34408 -1809.42748 -3326.00684 302.80799 -1670.68579 -2045.20477     (-156.464,-302.808) (-3023.199,-1367.878) (-1506.619,-1742.397)      2364.39  2364.39  
32    -2444.13161  21.80809 -1288.09441 -1256.56916 416.64958 -1275.08072     (-871.445,-839.920) (-394.841,-416.650) (-2027.482,-858.431)     116.94696 -1775.41010 -3329.43322 268.18760 -1640.39593 -2064.77310     (-151.241,-268.188) (-3061.246,-1372.208) (-1507.222,-1796.585)      2416.89  2416.89  
33    -2473.52873  55.82547 -1291.52079 -1291.18954 446.93944 -1294.64905     (-844.581,-844.250) (-391.114,-446.939) (-2026.589,-847.710)      87.54984 -1741.39271 -3332.85960 233.56722 -1610.10608 -2084.34143     (-146.017,-233.567) (-3099.292,-1376.539) (-1507.825,-1850.774)      2470.56  2470.56  
34    -2502.92584  89.84286 -1294.94716 -1325.80993 477.22929 -1314.21738     (-817.718,-848.581) (-387.386,-477.229) (-2025.697,-836.988)      58.15273 -1707.37533 -3336.28597 198.94683 -1579.81623 -2103.90976     (-140.794,-198.947) (-3137.339,-1380.869) (-1508.428,-1904.963)      2525.31  2525.31  
35    -2532.32296 123.86024 -1298.37354 -1360.43031 507.51914 -1333.78571     (-790.854,-852.911) (-383.659,-507.519) (-2024.804,-826.267)      28.75561 -1673.35794 -3339.71235 164.32645 -1549.52638 -2123.47809     (-135.571,-164.326) (-3175.386,-1385.200) (-1509.031,-1959.152)      2581.08  2581.08  
36    -2561.72008 157.87763 -1301.79992 -1395.05070 537.80899 -1353.35404     (-763.991,-857.242) (-379.931,-537.809) (-2023.911,-815.545)      -0.64151 -1639.34055 -3343.13872 129.70606 -1519.23653 -2143.04642     (-130.348,-129.706) (-3213.433,-1389.530) (-1509.634,-2013.340)      2637.81  2637.81  
37    -2591.11719 191.89501 -1305.22629 -1429.67108 568.09884 -1372.92237     (-737.127,-861.572) (-376.204,-568.099) (-2023.018,-804.824)     -30.03862 -1605.32317 -3346.56510  95.08568 -1488.94667 -2162.61475     (-125.124,-95.086) (-3251.479,-1393.861) (-1510.237,-2067.529)      2695.43  2695.43  
38    -2620.51431 225.91240 -1308.65267 -1464.29147 598.38870 -1392.49070     (-710.264,-865.903) (-372.476,-598.389) (-2022.126,-794.102)     -59.43574 -1571.30578 -3349.99148  60.46529 -1458.65682 -2182.18308     (-119.901,-60.465) (-3289.526,-1398.192) (-1510.840,-2121.718)      2753.89  2753.89  
39    -2649.91143 259.92979 -1312.07904 -1498.91185 628.67855 -1412.05903     (-683.400,-870.233) (-368.749,-628.679) (-2021.233,-783.380)     -88.83286 -1537.28840 -3353.41785  25.84491 -1428.36697 -2201.75141     (-114.678,-25.845) (-3327.573,-1402.522) (-1511.443,-2175.906)      2813.14  2813.14  
40    -2679.30854 293.94717 -1315.50542 -1533.53224 658.96840 -1431.62736     (-656.537,-874.564) (-365.021,-658.968) (-2020.340,-772.659)     -118.22998 -1503.27101 -3356.84423  -8.77548 -1398.07712 -2221.31974     (-118.230,-8.775) (-1503.271,-1398.077) (-3356.844,-2221.320)      2856.41  2861.89  
41    -2708.70566 327.96456 -1318.93180 -1568.15262 689.25825 -1451.19569     (-629.674,-878.894) (-361.294,-689.258) (-2019.447,-761.937)     -147.62709 -1469.25363 -3360.27060 -43.39586 -1367.78727 -2240.88807     (-147.627,-43.396) (-1469.254,-1367.787) (-3360.271,-2240.888)      2851.7  2878.49  
42    -2738.10278 361.98194 -1322.35817 -1602.77300 719.54810 -1470.76402     (-602.810,-883.225) (-357.566,-719.548) (-2018.555,-751.216)     -177.02421 -1435.23624 -3363.69698 -78.01625 -1337.49741 -2260.45640     (-177.024,-78.016) (-1435.236,-1337.497) (-3363.697,-2260.456)      2848.59  2896.16  
43    -2767.49989 395.99933 -1325.78455 -1637.39339 749.83796 -1490.33235     (-575.947,-887.555) (-353.839,-749.838) (-2017.662,-740.494)     -206.42133 -1401.21885 -3367.12336 -112.63663 -1307.20756 -2280.02473     (-206.421,-112.637) (-1401.219,-1307.208) (-3367.123,-2280.025)      2847.06  2914.91  
44    -2796.89701 430.01671 -1329.21092 -1672.01377 780.12781 -1509.90068     (-549.083,-891.886) (-350.111,-780.128) (-2016.769,-729.773)     -235.81844 -1367.20147 -3370.54973 -147.25701 -1276.91771 -2299.59306     (-235.818,-147.257) (-1367.201,-1276.918) (-3370.550,-2299.593)      2847.12  2934.77  
45    -2826.29413 464.03410 -1332.63730 -1706.63416 810.41766 -1529.46901     (-522.220,-896.216) (-346.384,-810.418) (-2015.876,-719.051)     -265.21556 -1333.18408 -3373.97611 -181.87740 -1246.62786 -2319.16139     (-265.216,-181.877) (-1333.184,-1246.628) (-3373.976,-2319.161)      2848.78  2950.2  
46    -2855.69124 498.05149 -1336.06368 -1741.25454 840.70751 -1549.03734     (-495.356,-900.547) (-342.656,-840.708) (-2014.984,-708.330)     -294.61268 -1299.16670 -3377.40248 -216.49778 -1216.33801 -2338.72972     (-294.613,-216.498) (-1299.167,-1216.338) (-3377.402,-2338.730)      2852.02  2951.46  
47    -2885.08836 532.06887 -1339.49005 -1775.87493 870.99736 -1568.60567     (-468.493,-904.878) (-338.928,-870.997) (-2014.091,-697.608)     -324.00979 -1265.14931 -3380.82886 -251.11817 -1186.04815 -2358.29805     (-324.010,-251.118) (-1265.149,-1186.048) (-3380.829,-2358.298)      2856.84  2955.15  
48    -2914.48548 566.08626 -1342.91643 -1810.49531 901.28722 -1588.17400     (-441.629,-909.208) (-335.201,-901.287) (-2013.198,-686.887)     -353.40691 -1231.13193 -3384.25524 -285.73855 -1155.75830 -2377.86638     (-353.407,-285.739) (-1231.132,-1155.758) (-3384.255,-2377.866)      2863.24  2960.99  
49    -2943.88259 600.10364 -1346.34280 -1845.11570 931.57707 -1607.74233     (-414.766,-913.539) (-331.473,-931.577) (-2012.306,-676.165)     -382.80403 -1197.11454 -3387.68161 -320.35894 -1125.46845 -2397.43471     (-382.804,-320.359) (-1197.115,-1125.468) (-3387.682,-2397.435)      2871.21  2968.81  
50    -2973.27971 634.12103 -1349.76918 -1879.73608 961.86692 -1627.31066     (-387.902,-917.869) (-327.746,-961.867) (-2011.413,-665.444)     -412.20114 -1163.09715 -3391.10799 -354.97932 -1095.17860 -2417.00304     (-412.201,-354.979) (-1163.097,-1095.179) (-3391.108,-2417.003)      2880.73  2978.46  
51    -3002.67683 668.13841 -1353.19556 -1914.35647 992.15677 -1646.87899     (-361.039,-922.200) (-324.018,-992.157) (-2010.520,-654.722)     -441.59826 -1129.07977 -3394.53437 -389.59971 -1064.88875 -2436.57137     (-441.598,-389.600) (-1129.080,-1064.889) (-3394.534,-2436.571)      2891.78  2989.83  
52    -3032.07395 702.15580 -1356.62193 -1948.97685 1022.44662 -1666.44732     (-334.175,-926.530) (-320.291,-1022.447) (-2009.627,-644.001)     -470.99538 -1095.06238 -3397.96074 -424.22009 -1034.59889 -2456.13970     (-470.995,-424.220) (-1095.062,-1034.599) (-3397.961,-2456.140)      2904.35  3002.84  
53    -3061.47106 736.17319 -1360.04831 -1983.59724 1052.73648 -1686.01565     (-307.312,-930.861) (-316.563,-1052.736) (-2008.735,-633.279)     -500.39249 -1061.04500 -3401.38712 -458.84048 -1004.30904 -2475.70803     (-500.392,-458.840) (-1061.045,-1004.309) (-3401.387,-2475.708)      2918.42  3017.41  
54    -3090.86818 770.19057 -1363.47468 -2018.21762 1083.02633 -1705.58398     (-280.448,-935.191) (-312.836,-1083.026) (-2007.842,-622.558)     -529.78961 -1027.02761 -3404.81349 -493.46086 -974.01919 -2495.27636     (-529.790,-493.461) (-1027.028,-974.019) (-3404.813,-2495.276)      2933.97  3033.48  
55    -3120.26530 804.20796 -1366.90106 -2052.83801 1113.31618 -1725.15231     (-253.585,-939.522) (-309.108,-1113.316) (-2006.949,-611.836)     -559.18673 -993.01023 -3408.23987 -528.08125 -943.72934 -2514.84468     (-559.187,-528.081) (-993.010,-943.729) (-3408.240,-2514.845)      2950.98  3051.01  
56    -3149.66241 838.22534 -1370.32744 -2087.45839 1143.60603 -1744.72064     (-226.721,-943.852) (-305.381,-1143.606) (-2006.056,-601.115)     -588.58384 -958.99284 -3411.66625 -562.70163 -913.43949 -2534.41301     (-588.584,-562.702) (-958.993,-913.439) (-3411.666,-2534.413)      2969.41  3069.93  
57    -3179.05953 872.24273 -1373.75381 -2122.07877 1173.89588 -1764.28897     (-199.858,-948.183) (-301.653,-1173.896) (-2005.164,-590.393)     -617.98096 -924.97545 -3415.09262 -597.32202 -883.14963 -2553.98134     (-617.981,-597.322) (-924.975,-883.150) (-3415.093,-2553.981)      2989.24  3090.22  
58    -3208.45665 906.26011 -1377.18019 -2156.69916 1204.18574 -1783.85730     (-172.994,-952.513) (-297.926,-1204.186) (-2004.271,-579.672)     -647.37808 -890.95807 -3418.51900 -631.94240 -852.85978 -2573.54967     (-647.378,-631.942) (-890.958,-852.860) (-3418.519,-2573.550)      3010.45  3111.83  
59    -3237.85376 940.27750 -1380.60656 -2191.31954 1234.47559 -1803.42563     (-146.131,-956.844) (-294.198,-1234.476) (-2003.378,-568.950)     -676.77519 -856.94068 -3421.94537 -666.56278 -822.56993 -2593.11800     (-676.775,-666.563) (-856.941,-822.570) (-3421.945,-2593.118)      3033.01  3133.75  
60    -3267.25088 974.29489 -1384.03294 -2225.93993 1264.76544 -1822.99396     (-119.268,-961.174) (-290.471,-1264.765) (-2002.485,-558.229)     -706.17231 -822.92330 -3425.37175 -701.18317 -792.28008 -2612.68633     (-706.172,-701.183) (-822.923,-792.280) (-3425.372,-2612.686)      3056.88  3151.9  
61    -3296.64800 1008.31227 -1387.45932 -2260.56031 1295.05529 -1842.56229     (-92.404,-965.505) (-286.743,-1295.055) (-2001.593,-547.507)     -735.56943 -788.90591 -3428.79813 -735.80355 -761.99023 -2632.25466     (-735.569,-735.804) (-788.906,-761.990) (-3428.798,-2632.255)      3082.04  3166.65  
62    -3326.04511 1042.32966 -1390.88569 -2295.18070 1325.34514 -1862.13062     (-65.541,-969.836) (-283.015,-1325.345) (-2000.700,-536.785)     -764.96654 -754.88853 -3432.22450 -770.42394 -731.70037 -2651.82299     (-764.967,-770.424) (-754.889,-731.700) (-3432.225,-2651.823)      3092.96  3182.75  
63    -3355.44223 1076.34704 -1394.31207 -2329.80108 1355.63500 -1881.69895     (-38.677,-974.166) (-279.288,-1355.635) (-1999.807,-526.064)     -794.36366 -720.87114 -3435.65088 -805.04432 -701.41052 -2671.39132     (-794.364,-805.044) (-720.871,-701.411) (-3435.651,-2671.391)      3093.38  3168.09  
64    -3384.83935 1110.36443 -1397.73845 -2364.42147 1385.92485 -1901.26728     (-11.814,-978.497) (-275.560,-1385.925) (-1998.914,-515.342)     -823.76078 -686.85375 -3439.07725 -839.66471 -671.12067 -2690.95965     (-823.761,-839.665) (-686.854,-671.121) (-3439.077,-2690.960)      3095.26  3160.61  
65    -3414.23646 1144.38181 -1401.16482 -2399.04185 1416.21470 -1920.83561     (-15.050,-997.877) (-256.783,-1982.972) (-1401.165,-489.571)     -853.15790 -652.83637 -3442.50363 -874.28509 -640.83082 -2710.52798     (-853.158,-874.285) (-652.836,-640.831) (-3442.504,-2710.528)      3098.6  3161.2  
66    -3443.63358 1178.39920 -1404.59120 -2433.66224 1446.50455 -1940.40394     (-41.913,-1029.071) (-226.192,-1955.216) (-1404.591,-451.986)     -882.55501 -618.81898 -3445.93001 -908.90548 -610.54096 -2730.09631     (-882.555,-908.905) (-618.819,-610.541) (-3445.930,-2730.096)      3103.4  3169.34  
67    -3473.03070 1212.41659 -1408.01757 -2468.28262 1476.79440 -1959.97227     (-68.777,-1060.265) (-195.601,-1927.459) (-1408.018,-414.401)     -911.95213 -584.80160 -3449.35638 -943.52586 -580.25111 -2749.66464     (-911.952,-943.526) (-584.802,-580.251) (-3449.356,-2749.665)      3106.94  3184.51  
68    -3502.42781 1246.43397 -1411.44395 -2502.90301 1507.08426 -1979.54060     (-95.640,-1091.459) (-165.010,-1899.703) (-1411.444,-376.816)     -941.34925 -550.78421 -3452.78276 -978.14625 -549.96126 -2769.23297     (-941.349,-978.146) (-550.784,-549.961) (-3452.783,-2769.233)      3111.86  3206.1  
69    -3531.82493 1280.45136 -1414.87033 -2537.52339 1537.37411 -1999.10893     (-122.504,-1122.653) (-134.419,-1871.947) (-1414.870,-339.231)     -970.74636 -516.76683 -3456.20913 -1012.76663 -519.67141 -2788.80130     (-970.746,-1012.767) (-516.767,-519.671) (-3456.209,-2788.801)      3118.23  3233.54  
70    -3561.22205 1314.46874 -1418.29670 -2572.14377 1567.66396 -2018.67726     (-149.367,-1153.847) (-103.828,-1844.191) (-1418.297,-301.646)     -1000.14348 -482.74944 -3459.63551 -1047.38702 -489.38156 -2808.36963     (-1000.143,-1047.387) (-482.749,-489.382) (-3459.636,-2808.370)      3126.03  3266.25  
71    -3590.61916 1348.48613 -1421.72308 -2606.76416 1597.95381 -2038.24558     (-176.231,-1185.041) (-73.237,-1816.435) (-1421.723,-264.061)     -1029.54060 -448.73205 -3463.06189 -1082.00740 -459.09170 -2827.93796     (-1029.541,-1082.007) (-448.732,-459.092) (-3463.062,-2827.938)      3135.26  3275.16  
72    -3620.01628 1382.50351 -1425.14945 -2641.38454 1628.24366 -2057.81391     (-203.094,-1216.235) (-42.646,-1788.678) (-1425.149,-226.476)     -1058.93771 -414.71467 -3466.48826 -1116.62778 -428.80185 -2847.50629     (-1058.938,-1116.628) (-414.715,-428.802) (-3466.488,-2847.506)      3145.9  3274.03  
73    -3649.41340 1416.52090 -1428.57583 -2676.00493 1658.53352 -2077.38224     (-229.958,-1247.429) (-12.055,-1760.922) (-1428.576,-188.891)     -1088.33483 -380.69728 -3469.91464 -1151.24817 -398.51200 -2867.07462     (-1088.335,-1151.248) (-380.697,-398.512) (-3469.915,-2867.075)      3157.95  3274.5  
74    -3678.81051 1450.53829 -1432.00221 -2710.62531 1688.82337 -2096.95057     (-132.770,-1260.087) (-18.536,-1751.702) (-1413.466,-238.285)     -1117.73195 -346.67990 -3473.34101 -1185.86855 -368.22215 -2886.64295     (-1117.732,-1185.869) (-346.680,-368.222) (-3473.341,-2886.643)      3171.37  3276.64  
75    -3708.20763 1484.55567 -1435.42858 -2745.24570 1719.11322 -2116.51890     (-64.594,-1260.690) (-49.127,-1754.537) (-1386.301,-234.558)     -1147.12906 -312.66251 -3476.76739 -1220.48894 -337.93230 -2906.21128     (-1147.129,-1220.489) (-312.663,-337.932) (-3476.767,-2906.211)      3186.17  3280.52  
76    -3737.60475 1518.57306 -1438.85496 -2779.86608 1749.40307 -2136.08723     (-3.582,-1264.875) (-76.136,-1355.555) (-1753.790,-227.248)     -1176.52618 -278.64513 -3480.19377 -1255.10932 -307.64244 -2925.77961     (-1176.526,-1255.109) (-278.645,-307.642) (-3480.194,-2925.780)      3202.31  3286.23  
77    -3767.00186 1552.59044 -1442.28133 -2814.48647 1779.69292 -2155.65556     (-71.758,-1333.654) (-38.551,-1260.214) (-1688.448,-155.344)     -1205.92330 -244.62774 -3483.62014 -1289.72971 -277.35259 -2945.34794     (-1205.923,-1289.730) (-244.628,-277.353) (-3483.620,-2945.348)      3219.77  3293.93  
78    -3796.39898 1586.60783 -1445.70771 -2849.10685 1809.98278 -2175.22389     (-139.934,-1402.433) (-0.966,-1164.874) (-1623.107,-83.441)     -1235.32041 -210.61035 -3487.04652 -1324.35009 -247.06274 -2964.91627     (-1235.320,-1324.350) (-210.610,-247.063) (-3487.047,-2964.916)      3238.55  3303.88  
79    -3825.79610 1620.62522 -1449.13409 -2883.72724 1840.27263 -2194.79222     (-25.082,-1459.675) (-11.537,-1496.065) (-1081.070,-146.410)     -1264.71753 -176.59297 -3490.47290 -1358.97048 -216.77289 -2984.48460     (-1264.718,-1358.970) (-176.593,-216.773) (-3490.473,-2984.485)      3258.6  3316.33  
80    -3855.19322 1654.64260 -1452.56046 -2918.34762 1870.56248 -2214.36055     (-7.146,-1539.991) (-60.366,-1344.017) (-853.460,-74.204)     -1294.11465 -142.57558 -3493.89927 -1393.59086 -186.48304 -3004.05293     (-1294.115,-1393.591) (-142.576,-186.483) (-3493.899,-3004.053)      3279.92  3326.2  
81    -3884.59033 1688.65999 -1455.98684 -2952.96801 1900.85233 -2233.92888     (-57.152,-1752.425) (-31.866,-1037.079) (-406.924,-11.386)     -1323.51176 -108.55820 -3497.32565 -1428.21125 -156.19318 -3023.62126     (-1323.512,-1428.211) (-108.558,-156.193) (-3497.326,-3023.621)      3302.47  3337.46  
82    -3913.98745 1722.67737 -1459.41321 -2987.58839 1931.14218 -2253.49721                            -1352.90888 -74.54081 -3500.75202 -1462.83163 -125.90333 -3043.18959     invalid  
83    -3943.38457 1756.69476 -1462.83959 -3022.20878 1961.43204 -2273.06554                            -1382.30600 -40.52342 -3504.17840 -1497.45202 -95.61348 -3062.75792     invalid  
84    -3972.78168 1790.71214 -1466.26597 -3056.82916 1991.72189 -2292.63387                            -1411.70311  -6.50604 -3507.60478 -1532.07240 -65.32363 -3082.32625     invalid  
85    -4002.17880 1824.72953 -1469.69234 -3091.44954 2022.01174 -2312.20220                            -1441.10023  27.51135 -3511.03115 -1566.69279 -35.03378 -3101.89458     invalid  
86    -4031.57592 1858.74692 -1473.11872 -3126.06993 2052.30159 -2331.77053                            -1470.49735  61.52873 -3514.45753 -1601.31317  -4.74392 -3121.46291     invalid  
87    -4060.97303 1892.76430 -1476.54510 -3160.69031 2082.59144 -2351.33886                            -1499.89446  95.54612 -3517.88390 -1635.93355  25.54593 -3141.03124     invalid  
88    -4090.37015 1926.78169 -1479.97147 -3195.31070 2112.88130 -2370.90719                            -1529.29158 129.56350 -3521.31028 -1670.55394  55.83578 -3160.59957     invalid  
89    -4119.76727 1960.79907 -1483.39785 -3229.93108 2143.17115 -2390.47552                            -1558.68870 163.58089 -3524.73666 -1705.17432  86.12563 -3180.16790     invalid  
90    -4149.16438 1994.81646 -1486.82422 -3264.55147 2173.46100 -2410.04385                            -1588.08581 197.59828 -3528.16303 -1739.79471 116.41548 -3199.73623     invalid  
91    -4178.56150 2028.83384 -1490.25060 -3299.17185 2203.75085 -2429.61218                            -1617.48293 231.61566 -3531.58941 -1774.41509 146.70534 -3219.30456     invalid  
92    -4207.95862 2062.85123 -1493.67698 -3333.79224 2234.04070 -2449.18051                            -1646.88005 265.63305 -3535.01578 -1809.03548 176.99519 -3238.87289     invalid  
93    -4237.35573 2096.86862 -1497.10335 -3368.41262 2264.33056 -2468.74884                            -1676.27717 299.65043 -3538.44216 -1843.65586 207.28504 -3258.44122     invalid  
94    -4266.75285 2130.88600 -1500.52973 -3403.03301 2294.62041 -2488.31717                            -1705.67428 333.66782 -3541.86854 -1878.27625 237.57489 -3278.00955     invalid  
95    -4296.14997 2164.90339 -1503.95610 -3437.65339 2324.91026 -2507.88550                            -1735.07140 367.68520 -3545.29491 -1912.89663 267.86474 -3297.57788     invalid  
96    -4325.54708 2198.92077 -1507.38248 -3472.27378 2355.20011 -2527.45383                            -1764.46852 401.70259 -3548.72129 -1947.51702 298.15460 -3317.14621     invalid  
97    -4354.94420 2232.93816 -1510.80886 -3506.89416 2385.48996 -2547.02216                            -1793.86563 435.71998 -3552.14766 -1982.13740 328.44445 -3336.71454     invalid  
98    -4384.34132 2266.95554 -1514.23523 -3541.51455 2415.77982 -2566.59049                            -1823.26275 469.73736 -3555.57404 -2016.75779 358.73430 -3356.28287     invalid  
99    -4413.73843 2300.97293 -1517.66161 -3576.13493 2446.06967 -2586.15882                            -1852.65987 503.75475 -3559.00042 -2051.37817 389.02415 -3375.85119     invalid  
