PointDistanceFollower   Jun 17 2018   mode =  LINE3 
LINE3_RAND%_.67_0.txt      Output is S6 probe cell, C3 reduced cell,  S6Dist CS6Dist  distance between 
Compute times (msec)     S6Dist   35   CS6Dist  1
PointDistanceFollower  Jun 17 2018  mode = LINE3
LINE3_RAND%_.67_0.txt     Output is S6 probe cell, C3 reduced cell, S6Dist CS6Dist distance between
0    1735.24432 -3177.24378 -2472.83368 437.76178 -1743.94176 -1818.21188     (-1735.244,-1297.483) (-1441.999,-737.589) (-8.697,-82.968)     -3089.50267 -30.55946 -2752.90474 -3289.41023 1787.59133 -1937.54343     (-965.313,-1501.819) (-1818.151,-1787.591) (-1301.911,-149.952)      1315.64  1323.32  
1    1716.57178 -3160.62605 -2458.21511 431.03884 -1734.71008 -1814.59599     (-1716.572,-1285.533) (-1444.054,-741.643) (-18.138,-98.024)     -3108.17520 -13.94173 -2738.28616 -3296.13316 1796.82301 -1933.92753     (-941.463,-1499.310) (-1810.765,-1796.823) (-1311.352,-137.105)      1320.64  1328.41  
2    1697.89924 -3144.00832 -2443.59653 424.31591 -1725.47840 -1810.98009     (-1697.899,-1273.583) (-1446.109,-745.697) (-27.579,-113.081)     -3126.84774   2.67600 -2723.66758 -3302.85609 1806.05470 -1930.31164     (-917.613,-1496.801) (-1803.379,-1806.055) (-1320.793,-124.257)      1326.35  1334.2  
3    1679.22671 -3127.39059 -2428.97795 417.59298 -1716.24672 -1807.36420     (-1679.227,-1261.634) (-1448.164,-749.751) (-37.020,-128.137)     -3145.52027  19.29373 -2709.04901 -3309.57903 1815.28638 -1926.69574     (-893.763,-1494.293) (-1795.993,-1815.286) (-1330.234,-111.409)      1332.76  1340.7  
4    1660.55417 -3110.77287 -2414.35938 410.87004 -1707.01504 -1803.74830     (-1660.554,-1249.684) (-1450.219,-753.805) (-46.461,-143.194)     -3164.19281  35.91145 -2694.43043 -3316.30196 1824.51806 -1923.07985     (-869.912,-1491.784) (-1788.607,-1824.518) (-1339.675,-98.562)      1339.87  1347.9  
5    1641.88164 -3094.15514 -2399.74080 404.14711 -1697.78336 -1800.13241     (-1641.882,-1237.735) (-1452.274,-757.859) (-55.902,-158.251)     -3182.86535  52.52918 -2679.81185 -3323.02489 1833.74974 -1919.46396     (-846.062,-1489.275) (-1781.221,-1833.750) (-1349.116,-85.714)      1347.66  1355.77  
6    1623.20910 -3077.53741 -2385.12222 397.42418 -1688.55167 -1796.51651     (-1623.209,-1225.785) (-1454.328,-761.913) (-65.343,-173.307)     -3201.53788  69.14691 -2665.19328 -3329.74783 1842.98142 -1915.84806     (-822.212,-1486.766) (-1773.835,-1842.981) (-1358.556,-72.867)      1356.11  1364.32  
7    1604.53656 -3060.91968 -2370.50365 390.70125 -1679.31999 -1792.90062     (-1604.537,-1213.835) (-1456.383,-765.967) (-74.783,-188.364)     -3220.21042  85.76464 -2650.57470 -3336.47076 1852.21310 -1912.23217     (-798.362,-1484.258) (-1766.448,-1852.213) (-1367.997,-60.019)      1365.23  1373.52  
8    1585.86403 -3044.30196 -2355.88507 383.97831 -1670.08831 -1789.28473     (-1585.864,-1201.886) (-1458.438,-770.021) (-84.224,-203.421)     -3238.88296 102.38236 -2635.95613 -3343.19369 1861.44478 -1908.61627     (-774.511,-1481.749) (-1759.062,-1861.445) (-1377.438,-47.171)      1374.99  1383.36  
9    1567.19149 -3027.68423 -2341.26650 377.25538 -1660.85663 -1785.66883     (-1567.191,-1189.936) (-1460.493,-774.075) (-93.665,-218.477)     -3257.55549 119.00009 -2621.33755 -3349.91662 1870.67646 -1905.00038     (-750.661,-1479.240) (-1751.676,-1870.676) (-1386.879,-34.324)      1385.38  1393.83  
10    1548.51895 -3011.06650 -2326.64792 370.53245 -1651.62495 -1782.05294     (-1548.519,-1177.987) (-1462.548,-778.129) (-103.106,-233.534)     -3276.22803 135.61782 -2606.71897 -3356.63956 1879.90815 -1901.38448     (-726.811,-1476.731) (-1744.290,-1879.908) (-1396.320,-21.476)      1396.39  1404.92  
11    1529.84642 -2994.44877 -2312.02934 363.80951 -1642.39327 -1778.43704     (-1529.846,-1166.037) (-1464.602,-782.183) (-112.547,-248.591)     -3294.90057 152.23555 -2592.10040 -3363.36249 1889.13983 -1897.76859     (-702.961,-1474.223) (-1736.904,-1889.140) (-1405.761,-8.629)      1408  1416.55  
12    1511.17388 -2977.83105 -2297.41077 357.08658 -1633.16159 -1774.82115     (-1511.174,-1154.087) (-1466.657,-786.237) (-121.988,-263.647)     -3313.57310 168.85327 -2577.48182 -3370.08542 1898.37151 -1894.15270     (-1725.299,-1467.495) (-674.891,-1894.153) (-1419.420,-4.219)      1422.5  1422.5  
13    1492.50134 -2961.21332 -2282.79219 350.36365 -1623.92991 -1771.20525     (-1492.501,-1142.138) (-1468.712,-790.291) (-131.429,-278.704)     -3332.24564 185.47100 -2562.86324 -3376.80836 1907.60319 -1890.53680     (-1705.066,-1452.139) (-638.194,-1890.537) (-1441.709,-17.066)      1442.96  1442.96  
14    1473.82881 -2944.59559 -2268.17361 343.64072 -1614.69822 -1767.58936     (-1473.829,-1130.188) (-1470.767,-794.345) (-140.869,-293.761)     -3350.91818 202.08873 -2548.24467 -3383.53129 1916.83487 -1886.92091     (-1684.832,-1436.782) (-601.496,-1886.921) (-1463.997,-29.914)      1464.96  1464.96  
15    1455.15627 -2927.97786 -2253.55504 336.91778 -1605.46654 -1763.97347     (-1455.156,-1118.238) (-1472.822,-798.399) (-150.310,-308.817)     -3369.59071 218.70646 -2533.62609 -3390.25422 1926.06655 -1883.30501     (-1664.599,-1421.426) (-564.798,-1883.305) (-1486.286,-42.762)      1488.43  1488.43  
16    1436.48373 -2911.36014 -2238.93646 330.19485 -1596.23486 -1760.35757     (-1436.484,-1106.289) (-1474.876,-802.453) (-159.751,-323.874)     -3388.26325 235.32418 -2519.00751 -3396.97715 1935.29823 -1879.68912     (-1644.365,-1406.070) (-528.100,-1879.689) (-1508.574,-55.609)      1513.3  1513.3  
17    1417.81120 -2894.74241 -2224.31788 323.47192 -1587.00318 -1756.74168     (-1417.811,-1094.339) (-1476.931,-806.507) (-169.192,-338.930)     -3406.93578 251.94191 -2504.38894 -3403.70009 1944.52992 -1876.07322     (-1624.131,-1390.713) (-491.402,-1876.073) (-1530.863,-68.457)      1539.49  1539.49  
18    1399.13866 -2878.12468 -2209.69931 316.74898 -1577.77150 -1753.12578     (-1399.139,-1082.390) (-1478.986,-810.561) (-178.633,-353.987)     -3425.60832 268.55964 -2489.77036 -3410.42302 1953.76160 -1872.45733     (-1603.898,-1375.357) (-454.704,-1872.457) (-1553.151,-81.304)      1566.95  1566.95  
19    1380.46613 -2861.50695 -2195.08073 310.02605 -1568.53982 -1749.50989     (-1380.466,-1070.440) (-1481.041,-814.615) (-188.074,-369.044)     -3444.28086 285.17737 -2475.15179 -3417.14595 1962.99328 -1868.84144     (-1583.664,-1360.001) (-418.007,-1868.841) (-1575.439,-94.152)      1595.61  1595.61  
20    1361.79359 -2844.88923 -2180.46215 303.30312 -1559.30814 -1745.89399     (-1361.794,-1058.490) (-1483.096,-818.669) (-197.515,-384.100)     -3462.95339 301.79509 -2460.53321 -3423.86889 1972.22496 -1865.22554     (-1563.430,-1344.645) (-381.309,-1865.226) (-1597.728,-106.999)      1625.41  1625.41  
21    1343.12105 -2828.27150 -2165.84358 296.58019 -1550.07646 -1742.27810     (-1343.121,-1046.541) (-1485.150,-822.723) (-206.955,-399.157)     -3481.62593 318.41282 -2445.91463 -3430.59182 1981.45664 -1861.60965     (-1543.197,-1329.288) (-344.611,-1861.610) (-1620.016,-119.847)      1629.62  1656.28  
22    1324.44852 -2811.65377 -2151.22500 289.85725 -1540.84477 -1738.66220     (-1324.449,-1034.591) (-1487.205,-826.776) (-216.396,-414.214)     -3500.29847 335.03055 -2431.29606 -3437.31475 1990.68832 -1857.99375     (-1522.963,-1313.932) (-307.913,-1857.994) (-1642.305,-132.695)      1617.92  1683.28  
23    1305.77598 -2795.03604 -2136.60643 283.13432 -1531.61309 -1735.04631     (-1305.776,-1022.642) (-1489.260,-830.830) (-225.837,-429.270)     -3518.97100 351.64828 -2416.67748 -3444.03768 1999.92000 -1854.37786     (-1502.730,-1298.576) (-271.215,-1854.378) (-1664.593,-145.542)      1607.8  1678.23  
24    1287.10344 -2778.41831 -2121.98785 276.41139 -1522.38141 -1731.43042     (-1287.103,-1010.692) (-1491.315,-834.884) (-235.278,-444.327)     -3537.64354 368.26600 -2402.05890 -3450.76062 2009.15168 -1850.76196     (-1482.496,-1283.219) (-234.517,-1850.762) (-1686.882,-158.390)      1599.28  1674.62  
25    1268.43091 -2761.80059 -2107.36927 269.68845 -1513.14973 -1727.81452     (-1268.431,-998.742) (-1493.370,-838.938) (-244.719,-459.384)     -3556.31608 384.88373 -2387.44033 -3457.48355 2018.38337 -1847.14607     (-1462.262,-1267.863) (-197.820,-1847.146) (-1709.170,-171.237)      1592.39  1672.5  
26    1249.75837 -2745.18286 -2092.75070 262.96552 -1503.91805 -1724.19863     (-1249.758,-986.793) (-1495.424,-842.992) (-254.160,-474.440)     -3574.98861 401.50146 -2372.82175 -3464.20648 2027.61505 -1843.53018     (-1442.029,-1252.507) (-161.122,-1843.530) (-1731.458,-184.085)      1587.15  1671.91  
27    1231.08583 -2728.56513 -2078.13212 256.24259 -1494.68637 -1720.58273     (-1231.086,-974.843) (-1497.479,-847.046) (-263.601,-489.497)     -3593.66115 418.11919 -2358.20317 -3470.92942 2036.84673 -1839.91428     (-1421.795,-1237.150) (-124.424,-1839.914) (-1753.747,-196.932)      1561.82  1621.17  
28    1212.41330 -2711.94740 -2063.51354 249.51966 -1485.45469 -1716.96684     (-1212.413,-962.894) (-1499.534,-851.100) (-273.041,-504.554)     -3612.33369 434.73692 -2343.58460 -3477.65235 2046.07841 -1836.29839     (-1401.561,-1221.794) (-87.726,-1836.298) (-1776.035,-209.780)      1528.66  1570.86  
29    1193.74076 -2695.32968 -2048.89497 242.79672 -1476.22301 -1713.35094     (-1193.741,-950.944) (-1501.589,-855.154) (-282.482,-519.610)     -3631.00622 451.35464 -2328.96602 -3484.37528 2055.31009 -1832.68249     (-1381.328,-1206.438) (-51.028,-1832.682) (-1798.324,-222.628)      1496.54  1521.32  
30    1175.06822 -2678.71195 -2034.27639 236.07379 -1466.99132 -1709.73505     (-1175.068,-938.994) (-1503.644,-859.208) (-291.923,-534.667)     -3649.67876 467.97237 -2314.34745 -3491.09821 2064.54177 -1829.06660     (-1361.094,-1191.081) (-14.330,-1829.067) (-1820.612,-235.475)      1465.55  1472.58  
31    1156.39569 -2662.09422 -2019.65781 229.35086 -1457.75964 -1706.11916     (-1156.396,-927.045) (-1505.699,-863.262) (-301.364,-549.723)     -3668.35129 484.59010 -2299.72887 -3497.82115 2073.77345 -1825.45070     (-225.955,-1153.358) (-22.367,-1847.818) (-1820.533,-1318.493)      1419.38  1419.38  
32    1137.72315 -2645.47649 -2005.03924 222.62792 -1448.52796 -1702.50326     (-1137.723,-915.095) (-1507.753,-867.316) (-310.805,-564.780)     -3687.02383 501.20783 -2285.11029 -3504.54408 2083.00513 -1821.83481     (-202.105,-1101.303) (-59.065,-1880.900) (-1806.124,-1261.562)      1366.5  1366.5  
33    1119.05062 -2628.85877 -1990.42066 215.90499 -1439.29628 -1698.88737     (-1119.051,-903.146) (-1509.808,-871.370) (-320.246,-579.837)     -3705.69637 517.82555 -2270.49172 -3511.26701 2092.23682 -1818.21892     (-178.255,-1049.249) (-95.763,-1913.982) (-1791.714,-1204.630)      1313.7  1318.46  
34    1100.37808 -2612.24104 -1975.80209 209.18206 -1430.06460 -1695.27147     (-1100.378,-891.196) (-1511.863,-875.424) (-329.687,-594.893)     -3724.36890 534.44328 -2255.87314 -3517.98995 2101.46850 -1814.60302     (-154.405,-997.195) (-132.461,-1947.064) (-1777.305,-1147.699)      1256.74  1275.82  
35    1081.70554 -2595.62331 -1961.18351 202.45913 -1420.83292 -1691.65558     (-1081.706,-879.246) (-1513.918,-879.478) (-339.127,-609.950)     -3743.04144 551.06101 -2241.25456 -3524.71288 2110.70018 -1810.98713     (-130.554,-945.141) (-169.159,-1980.146) (-1762.896,-1090.767)      1204.7  1239.11  
36    1063.03301 -2579.00558 -1946.56493 195.73619 -1411.60124 -1688.03968     (-1063.033,-867.297) (-1515.973,-883.532) (-348.568,-625.007)     -3761.71398 567.67874 -2226.63599 -3531.43581 2119.93186 -1807.37123     (-106.704,-893.087) (-205.856,-2013.228) (-1748.486,-1033.836)      1158.27  1208.9  
37    1044.36047 -2562.38786 -1931.94636 189.01326 -1402.36955 -1684.42379     (-1044.360,-855.347) (-1518.027,-887.586) (-358.009,-640.063)     -3780.38651 584.29646 -2212.01741 -3538.15874 2129.16354 -1803.75534     (-82.854,-841.033) (-242.554,-2046.310) (-1734.077,-976.905)      1118.11  1185.67  
38    1025.68793 -2545.77013 -1917.32778 182.29033 -1393.13787 -1680.80790     (-1025.688,-843.398) (-1520.082,-891.640) (-367.450,-655.120)     -3799.05905 600.91419 -2197.39883 -3544.88168 2138.39522 -1800.13944     (-59.004,-788.979) (-279.252,-2079.392) (-1719.667,-919.973)      1084.95  1137.82  
39    1007.01540 -2529.15240 -1902.70920 175.56739 -1383.90619 -1677.19200     (-1007.015,-831.448) (-1522.137,-895.694) (-376.891,-670.177)     -3817.73159 617.53192 -2182.78026 -3551.60461 2147.62690 -1796.52355     (-35.153,-736.924) (-315.950,-2112.474) (-1705.258,-863.042)      1059.43  1091.24  
40    988.34286 -2512.53467 -1888.09063 168.84446 -1374.67451 -1673.57611     (-988.343,-819.498) (-1524.192,-899.748) (-386.332,-685.233)     -3836.40412 634.14965 -2168.16168 -3558.32754 2156.85858 -1792.90765     (-11.303,-684.870) (-352.648,-2145.555) (-1690.849,-806.110)      1042.12  1052.46  
41    969.67032 -2495.91695 -1873.47205 162.12153 -1365.44283 -1669.96021     (-969.670,-807.549) (-1526.247,-903.802) (-395.773,-700.290)     -3855.07666 650.76737 -2153.54311 -3565.05048 2166.09027 -1789.29176     (-12.547,-645.363) (-376.799,-1663.892) (-2166.090,-736.632)      1043.98  1043.98  
42    950.99779 -2479.29922 -1858.85347 155.39860 -1356.21115 -1666.34432     (-950.998,-795.599) (-1528.301,-907.856) (-405.213,-715.347)     -3873.74920 667.38510 -2138.92453 -3571.77341 2175.32195 -1785.67587     (-36.397,-617.159) (-389.646,-1625.632) (-2175.322,-655.850)      1064.21  1064.21  
43    932.32525 -2462.68149 -1844.23490 148.67566 -1346.97947 -1662.72842     (-932.325,-783.650) (-1530.356,-911.910) (-414.654,-730.403)     -3892.42173 684.00283 -2124.30595 -3578.49634 2184.55363 -1782.05997     (-60.248,-588.955) (-402.494,-1587.373) (-2184.554,-575.068)      1092.89  1092.89  
44    913.65271 -2446.06376 -1829.61632 141.95273 -1337.74779 -1659.11253     (-913.653,-771.700) (-1532.411,-915.964) (-424.095,-745.460)     -3911.09427 700.62056 -2109.68738 -3585.21927 2193.78531 -1778.44408     (-84.098,-560.752) (-415.341,-1549.113) (-2193.785,-494.286)      1129.37  1129.37  
45    894.98018 -2429.44604 -1814.99775 135.22980 -1328.51610 -1655.49664     (-894.980,-759.750) (-1534.466,-920.018) (-433.536,-760.516)     -3929.76680 717.23828 -2095.06880 -3591.94221 2203.01699 -1774.82818     (-107.948,-532.548) (-428.189,-1510.853) (-2203.017,-413.505)      1172.92  1172.92  
46    876.30764 -2412.82831 -1800.37917 128.50686 -1319.28442 -1651.88074     (-876.308,-747.801) (-1536.521,-924.072) (-442.977,-775.573)     -3948.43934 733.85601 -2080.45022 -3598.66514 2212.24867 -1771.21229     (-131.798,-504.344) (-441.036,-1472.594) (-2212.249,-332.723)      1190.66  1222.79  
47    857.63511 -2396.21058 -1785.76059 121.78393 -1310.05274 -1648.26485     (-857.635,-735.851) (-1538.575,-928.125) (-452.418,-790.630)     -3967.11188 750.47374 -2065.83165 -3605.38807 2221.48035 -1767.59639     (-155.649,-476.140) (-453.884,-1434.334) (-2221.480,-251.941)      1208.07  1277.42  
48    838.96257 -2379.59285 -1771.14202 115.06100 -1300.82106 -1644.64895     (-838.963,-723.902) (-1540.630,-932.179) (-461.858,-805.686)     -3985.78441 767.09147 -2051.21307 -3612.11101 2230.71203 -1763.98050     (-179.499,-447.936) (-466.732,-1396.074) (-2230.712,-171.160)      1233.05  1301.06  
49    820.29003 -2362.97513 -1756.52344 108.33807 -1291.58938 -1641.03306     (-820.290,-711.952) (-1542.685,-936.233) (-471.299,-820.743)     -4004.45695 783.70919 -2036.59449 -3618.83394 2239.94372 -1760.36461     (-203.349,-419.732) (-479.579,-1357.815) (-2239.944,-90.378)      1265.14  1331.95  
50    801.61750 -2346.35740 -1741.90486 101.61513 -1282.35770 -1637.41716     (-801.617,-700.002) (-1544.740,-940.287) (-480.740,-835.800)     -4023.12949 800.32692 -2021.97592 -3625.55687 2249.17540 -1756.74871     (-227.199,-391.528) (-492.427,-1319.555) (-2249.175,-9.596)      1303.83  1369.59  
51    782.94496 -2329.73967 -1727.28629  94.89220 -1273.12602 -1633.80127     (-782.945,-688.053) (-1546.795,-944.341) (-490.181,-850.856)     -4041.80202 816.94465 -2007.35734 -3632.27980 2258.40708 -1753.13282     (-434.089,-292.139) (-179.864,-1210.110) (-2329.593,-71.186)      1440.37  1512.9     glitch
52    764.27242 -2313.12194 -1712.66771  88.16927 -1263.89434 -1630.18538     (-764.272,-676.103) (-1548.850,-948.395) (-499.622,-865.913)     -4060.47456 833.56238 -1992.73876 -3639.00274 2267.63876 -1749.51692     (-366.155,-183.153) (-122.933,-1091.069) (-2419.606,-151.967)      1494.85  1546.65  
53    745.59989 -2296.50421 -1698.04913  81.44633 -1254.66265 -1626.56948     (-745.600,-664.154) (-1550.904,-952.449) (-509.063,-880.970)     -4079.14710 850.18010 -1978.12019 -3645.72567 2276.87044 -1745.90103     (-298.220,-74.167) (-66.001,-972.027) (-2509.619,-232.749)      1567.11  1567.11  
54    726.92735 -2279.88649 -1683.43056  74.72340 -1245.43097 -1622.95359     (-726.927,-652.204) (-1552.959,-956.503) (-518.504,-896.026)     -4097.81963 866.79783 -1963.50161 -3652.44860 2286.10212 -1742.28513     (-239.356,-2539.066) (-9.070,-792.419) (-25.748,-304.461)      1623.71  1628.63  
55    708.25481 -2263.26876 -1668.81198  68.00047 -1236.19929 -1619.33769     (-708.255,-640.254) (-1555.014,-960.557) (-527.944,-911.083)     -4116.49217 883.41556 -1948.88304 -3659.17154 2295.33380 -1738.66924     (-394.312,-2306.315) (-47.862,-446.337) (-143.804,-66.629)      1620.93  1620.93  
56    689.58228 -2246.65103 -1654.19341  61.27754 -1226.96761 -1615.72180     (-689.582,-628.305) (-1557.069,-964.611) (-537.385,-926.140)     -4135.16471 900.03329 -1934.26446 -3665.89447 2304.56549 -1735.05335     (-5.844,-339.176) (-1937.638,-10.375) (-335.519,-115.168)      1658.87  1661.82  
57    670.90974 -2230.03330 -1639.57483  54.55460 -1217.73593 -1612.10590                            -4153.83724 916.65102 -1919.64588 -3672.61740 2313.79717 -1731.43745     invalid  
58    652.23720 -2213.41558 -1624.95625  47.83167 -1208.50425 -1608.49001                            -4172.50978 933.26874 -1905.02731 -3679.34033 2323.02885 -1727.82156     invalid  
59    633.56467 -2196.79785 -1610.33768  41.10874 -1199.27257 -1604.87411                            -4191.18231 949.88647 -1890.40873 -3686.06327 2332.26053 -1724.20566     invalid  
60    614.89213 -2180.18012 -1595.71910  34.38580 -1190.04089 -1601.25822                            -4209.85485 966.50420 -1875.79015 -3692.78620 2341.49221 -1720.58977     invalid  
61    596.21960 -2163.56239 -1581.10052  27.66287 -1180.80920 -1597.64233                            -4228.52739 983.12193 -1861.17158 -3699.50913 2350.72389 -1716.97387     invalid  
62    577.54706 -2146.94467 -1566.48195  20.93994 -1171.57752 -1594.02643                            -4247.19992 999.73965 -1846.55300 -3706.23207 2359.95557 -1713.35798     invalid  
63    558.87452 -2130.32694 -1551.86337  14.21701 -1162.34584 -1590.41054                            -4265.87246 1016.35738 -1831.93442 -3712.95500 2369.18725 -1709.74209     invalid  
64    540.20199 -2113.70921 -1537.24479   7.49407 -1153.11416 -1586.79464                            -4284.54500 1032.97511 -1817.31585 -3719.67793 2378.41894 -1706.12619     invalid  
65    521.52945 -2097.09148 -1522.62622   0.77114 -1143.88248 -1583.17875                            -4303.21753 1049.59284 -1802.69727 -3726.40086 2387.65062 -1702.51030     invalid  
66    502.85691 -2080.47376 -1508.00764  -5.95179 -1134.65080 -1579.56285                            -4321.89007 1066.21056 -1788.07870 -3733.12380 2396.88230 -1698.89440     invalid  
67    484.18438 -2063.85603 -1493.38906 -12.67473 -1125.41912 -1575.94696                            -4340.56261 1082.82829 -1773.46012 -3739.84673 2406.11398 -1695.27851     invalid  
68    465.51184 -2047.23830 -1478.77049 -19.39766 -1116.18743 -1572.33107                            -4359.23514 1099.44602 -1758.84154 -3746.56966 2415.34566 -1691.66261     invalid  
69    446.83930 -2030.62057 -1464.15191 -26.12059 -1106.95575 -1568.71517                            -4377.90768 1116.06375 -1744.22297 -3753.29260 2424.57734 -1688.04672     invalid  
70    428.16677 -2014.00285 -1449.53334 -32.84352 -1097.72407 -1565.09928                            -4396.58022 1132.68147 -1729.60439 -3760.01553 2433.80902 -1684.43083     invalid  
71    409.49423 -1997.38512 -1434.91476 -39.56646 -1088.49239 -1561.48338                            -4415.25275 1149.29920 -1714.98581 -3766.73846 2443.04070 -1680.81493     invalid  
72    390.82169 -1980.76739 -1420.29618 -46.28939 -1079.26071 -1557.86749                            -4433.92529 1165.91693 -1700.36724 -3773.46139 2452.27239 -1677.19904     invalid  
73    372.14916 -1964.14966 -1405.67761 -53.01232 -1070.02903 -1554.25159                            -4452.59782 1182.53466 -1685.74866 -3780.18433 2461.50407 -1673.58314     invalid  
74    353.47662 -1947.53194 -1391.05903 -59.73526 -1060.79735 -1550.63570                            -4471.27036 1199.15238 -1671.13008 -3786.90726 2470.73575 -1669.96725     invalid  
75    334.80409 -1930.91421 -1376.44045 -66.45819 -1051.56567 -1547.01981                            -4489.94290 1215.77011 -1656.51151 -3793.63019 2479.96743 -1666.35135     invalid  
76    316.13155 -1914.29648 -1361.82188 -73.18112 -1042.33398 -1543.40391                            -4508.61543 1232.38784 -1641.89293 -3800.35313 2489.19911 -1662.73546     invalid  
77    297.45901 -1897.67875 -1347.20330 -79.90405 -1033.10230 -1539.78802                            -4527.28797 1249.00557 -1627.27436 -3807.07606 2498.43079 -1659.11956     invalid  
78    278.78648 -1881.06103 -1332.58472 -86.62699 -1023.87062 -1536.17212                            -4545.96051 1265.62329 -1612.65578 -3813.79899 2507.66247 -1655.50367     invalid  
79    260.11394 -1864.44330 -1317.96615 -93.34992 -1014.63894 -1532.55623                            -4564.63304 1282.24102 -1598.03720 -3820.52192 2516.89415 -1651.88778     invalid  
80    241.44140 -1847.82557 -1303.34757 -100.07285 -1005.40726 -1528.94033                            -4583.30558 1298.85875 -1583.41863 -3827.24486 2526.12584 -1648.27188     invalid  
81    222.76887 -1831.20784 -1288.72900 -106.79579 -996.17558 -1525.32444                            -4601.97812 1315.47648 -1568.80005 -3833.96779 2535.35752 -1644.65599     invalid  
82    204.09633 -1814.59011 -1274.11042 -113.51872 -986.94390 -1521.70855                            -4620.65065 1332.09420 -1554.18147 -3840.69072 2544.58920 -1641.04009     invalid  
83    185.42379 -1797.97239 -1259.49184 -120.24165 -977.71222 -1518.09265                            -4639.32319 1348.71193 -1539.56290 -3847.41366 2553.82088 -1637.42420     invalid  
84    166.75126 -1781.35466 -1244.87327 -126.96458 -968.48053 -1514.47676                            -4657.99573 1365.32966 -1524.94432 -3854.13659 2563.05256 -1633.80830     invalid  
85    148.07872 -1764.73693 -1230.25469 -133.68752 -959.24885 -1510.86086                            -4676.66826 1381.94739 -1510.32574 -3860.85952 2572.28424 -1630.19241     invalid  
86    129.40619 -1748.11920 -1215.63611 -140.41045 -950.01717 -1507.24497                            -4695.34080 1398.56512 -1495.70717 -3867.58245 2581.51592 -1626.57652     invalid  
87    110.73365 -1731.50148 -1201.01754 -147.13338 -940.78549 -1503.62907                            -4714.01333 1415.18284 -1481.08859 -3874.30539 2590.74761 -1622.96062     invalid  
88     92.06111 -1714.88375 -1186.39896 -153.85632 -931.55381 -1500.01318                            -4732.68587 1431.80057 -1466.47002 -3881.02832 2599.97929 -1619.34473     invalid  
89     73.38858 -1698.26602 -1171.78038 -160.57925 -922.32213 -1496.39729                            -4751.35841 1448.41830 -1451.85144 -3887.75125 2609.21097 -1615.72883     invalid  
90     54.71604 -1681.64829 -1157.16181 -167.30218 -913.09045 -1492.78139                            -4770.03094 1465.03603 -1437.23286 -3894.47419 2618.44265 -1612.11294     invalid  
91     36.04350 -1665.03057 -1142.54323 -174.02511 -903.85877 -1489.16550                            -4788.70348 1481.65375 -1422.61429 -3901.19712 2627.67433 -1608.49704     invalid  
92     17.37097 -1648.41284 -1127.92466 -180.74805 -894.62708 -1485.54960                            -4807.37602 1498.27148 -1407.99571 -3907.92005 2636.90601 -1604.88115     invalid  
93     -1.30157 -1631.79511 -1113.30608 -187.47098 -885.39540 -1481.93371                            -4826.04855 1514.88921 -1393.37713 -3914.64298 2646.13769 -1601.26526     invalid  
94    -19.97411 -1615.17738 -1098.68750 -194.19391 -876.16372 -1478.31781                            -4844.72109 1531.50694 -1378.75856 -3921.36592 2655.36937 -1597.64936     invalid  
95    -38.64664 -1598.55966 -1084.06893 -200.91685 -866.93204 -1474.70192                            -4863.39363 1548.12466 -1364.13998 -3928.08885 2664.60106 -1594.03347     invalid  
96    -57.31918 -1581.94193 -1069.45035 -207.63978 -857.70036 -1471.08602                            -4882.06616 1564.74239 -1349.52140 -3934.81178 2673.83274 -1590.41757     invalid  
97    -75.99172 -1565.32420 -1054.83177 -214.36271 -848.46868 -1467.47013                            -4900.73870 1581.36012 -1334.90283 -3941.53472 2683.06442 -1586.80168     invalid  
98    -94.66425 -1548.70647 -1040.21320 -221.08564 -839.23700 -1463.85424                            -4919.41124 1597.97785 -1320.28425 -3948.25765 2692.29610 -1583.18578     invalid  
99    -113.33679 -1532.08875 -1025.59462 -227.80858 -830.00531 -1460.23834                            -4938.08377 1614.59557 -1305.66567 -3954.98058 2701.52778 -1579.56989     invalid  
