PointDistanceFollower   Jun 17 2018   mode =  LINE3 
LINE3_RAND%_.34_0.txt      Output is S6 probe cell, C3 reduced cell,  S6Dist CS6Dist  distance between 
Compute times (msec)     S6Dist   53   CS6Dist  2
PointDistanceFollower  Jun 17 2018  mode = LINE3
LINE3_RAND%_.34_0.txt     Output is S6 probe cell, C3 reduced cell, S6Dist CS6Dist distance between
0    -2239.97320 414.82798 -2361.24080 -955.28826 -790.90552 -1886.20987     (-1471.382,-540.460) (-414.828,-1205.733) (-1946.413,-1825.145)     -446.18749 -1758.37437 -1461.80273 -885.83206 -1662.53495 -1807.41139     (-446.187,-885.832) (-1758.374,-1662.535) (-1461.803,-1807.411)      1072.45  1072.45  
1    -2225.11097 391.18257 -2351.29395 -932.42479 -795.06036 -1900.53168     (-1509.349,-541.242) (-391.183,-1186.243) (-1960.111,-1833.928)     -431.32526 -1782.01977 -1451.85588 -862.96860 -1666.68979 -1821.73320     (-431.325,-862.969) (-1782.020,-1666.690) (-1451.856,-1821.733)      1072.96  1072.96  
2    -2210.24874 367.53716 -2341.34711 -909.56133 -799.21520 -1914.85349     (-1547.316,-542.024) (-367.537,-1166.752) (-1973.810,-1842.712)     -416.46303 -1805.66518 -1441.90904 -840.10513 -1670.84463 -1836.05501     (-416.463,-840.105) (-1805.665,-1670.845) (-1441.909,-1836.055)      1074.99  1074.99  
3    -2195.38650 343.89176 -2331.40026 -886.69786 -803.37003 -1929.17529     (-1585.284,-542.806) (-343.892,-1147.262) (-1987.509,-1851.495)     -401.60080 -1829.31059 -1431.96219 -817.24166 -1674.99947 -1850.37682     (-401.601,-817.242) (-1829.311,-1674.999) (-1431.962,-1850.377)      1078.52  1078.52  
4    -2180.52427 320.24635 -2321.45342 -863.83439 -807.52487 -1943.49710     (-1623.251,-543.588) (-320.246,-1127.771) (-2001.207,-1860.278)     -386.73857 -1852.95599 -1422.01535 -794.37819 -1679.15430 -1864.69863     (-386.739,-794.378) (-1852.956,-1679.154) (-1422.015,-1864.699)      1083.53  1083.53  
5    -2165.66204 296.60094 -2311.50657 -840.97092 -811.67971 -1957.81891     (-1661.218,-544.370) (-296.601,-1108.281) (-2014.906,-1869.061)     -371.87633 -1876.60140 -1412.06850 -771.51473 -1683.30914 -1879.02043     (-371.876,-771.515) (-1876.601,-1683.309) (-1412.069,-1879.020)      1090.01  1090.01  
6    -2150.79981 272.95554 -2301.55973 -818.10746 -815.83455 -1972.14072     (-1699.185,-545.152) (-272.956,-1088.790) (-2028.604,-1877.844)     -357.01410 -1900.24681 -1402.12166 -748.65126 -1687.46398 -1893.34224     (-357.014,-748.651) (-1900.247,-1687.464) (-1402.122,-1893.342)      1097.94  1097.94  
7    -2135.93758 249.31013 -2291.61288 -795.24399 -819.98939 -1986.46253     (-1737.152,-545.934) (-249.310,-1069.300) (-2042.303,-1886.627)     -342.15187 -1923.89221 -1392.17481 -725.78779 -1691.61882 -1907.66405     (-342.152,-725.788) (-1923.892,-1691.619) (-1392.175,-1907.664)      1107.28  1107.28  
8    -2121.07535 225.66473 -2281.66604 -772.38052 -824.14422 -2000.78433     (-1775.120,-546.716) (-225.665,-1049.809) (-2056.001,-1895.411)     -327.28964 -1947.53762 -1382.22797 -702.92433 -1695.77365 -1921.98586     (-327.290,-702.924) (-1947.538,-1695.774) (-1382.228,-1921.986)      1117.99  1117.99  
9    -2106.21312 202.01932 -2271.71919 -749.51706 -828.29906 -2015.10614     (-1813.087,-547.498) (-202.019,-1030.318) (-2069.700,-1904.194)     -312.42741 -1971.18303 -1372.28112 -680.06086 -1699.92849 -1936.30767     (-312.427,-680.061) (-1971.183,-1699.928) (-1372.281,-1936.308)      1130.04  1130.04  
10    -2091.35089 178.37391 -2261.77235 -726.65359 -832.45390 -2029.42795     (-1851.054,-548.280) (-178.374,-1010.828) (-2083.398,-1912.977)     -297.56518 -1994.82843 -1362.33428 -657.19739 -1704.08333 -1950.62947     (-297.565,-657.197) (-1994.828,-1704.083) (-1362.334,-1950.629)      1143.38  1143.38  
11    -2076.48865 154.72851 -2251.82550 -703.79012 -836.60874 -2043.74976     (-1889.021,-549.062) (-154.729,-991.337) (-2097.097,-1921.760)     -282.70295 -2018.47384 -1352.38743 -634.33392 -1708.23817 -1964.95128     (-282.703,-634.334) (-2018.474,-1708.238) (-1352.387,-1964.951)      1157.97  1157.97  
12    -2061.62642 131.08310 -2241.87866 -680.92665 -840.76357 -2058.07157     (-1926.988,-549.844) (-131.083,-971.847) (-2110.796,-1930.543)     -267.84072 -2042.11924 -1342.44059 -611.47046 -1712.39300 -1979.27309     (-267.841,-611.470) (-2042.119,-1712.393) (-1342.441,-1979.273)      1173.76  1173.76  
13    -2046.76419 107.43769 -2231.93181 -658.06319 -844.91841 -2072.39338     (-1964.956,-550.625) (-107.438,-952.356) (-2124.494,-1939.326)     -252.97848 -2065.76465 -1332.49374 -588.60699 -1716.54784 -1993.59490     (-252.978,-588.607) (-2065.765,-1716.548) (-1332.494,-1993.595)      1190.71  1190.71  
14    -2031.90196  83.79229 -2221.98497 -635.19972 -849.07325 -2086.71518     (-2002.923,-551.407) (-83.792,-932.866) (-2138.193,-1948.110)     -238.11625 -2089.41006 -1322.54690 -565.74352 -1720.70268 -2007.91671     (-238.116,-565.744) (-2089.410,-1720.703) (-1322.547,-2007.917)      1208.77  1208.77  
15    -2017.03973  60.14688 -2212.03812 -612.33625 -853.22809 -2101.03699     (-2040.890,-552.189) (-60.147,-913.375) (-2151.891,-1956.893)     -223.25402 -2113.05546 -1312.60005 -542.88005 -1724.85752 -2022.23852     (-223.254,-542.880) (-2113.055,-1724.858) (-1312.600,-2022.239)      1227.88  1227.88  
16    -2002.17750  36.50147 -2202.09128 -589.47278 -857.38292 -2115.35880     (-2078.857,-552.971) (-36.501,-893.884) (-2165.590,-1965.676)     -208.39179 -2136.70087 -1302.65321 -520.01659 -1729.01236 -2036.56032     (-208.392,-520.017) (-2136.701,-1729.012) (-1302.653,-2036.560)      1248.01  1248.01  
17    -1987.31527  12.85607 -2192.14443 -566.60932 -861.53776 -2129.68061     (-2116.825,-553.753) (-12.856,-874.394) (-2179.288,-1974.459)     -193.52956 -2160.34628 -1292.70636 -497.15312 -1733.16719 -2050.88213     (-193.530,-497.153) (-2160.346,-1733.167) (-1292.706,-2050.882)      1269.09  1269.09  
18    -1972.45303 -10.78934 -2182.19759 -543.74585 -865.69260 -2144.00242     (-1972.453,-543.746) (-10.789,-865.693) (-2182.198,-2144.002)     -178.66733 -2183.99168 -1282.75952 -474.28965 -1737.32203 -2065.20394     (-178.667,-474.290) (-2183.992,-1737.322) (-1282.760,-2065.204)      1291.09  1291.09  
19    -1957.59080 -34.43475 -2172.25074 -520.88238 -869.84744 -2158.32423     (-1957.591,-520.882) (-34.435,-869.847) (-2172.251,-2158.324)     -163.80510 -2207.63709 -1272.81267 -451.42619 -1741.47687 -2079.52575     (-163.805,-451.426) (-2207.637,-1741.477) (-1272.813,-2079.526)      1313.95  1313.95  
20    -1942.72857 -58.08015 -2162.30390 -498.01892 -874.00228 -2172.64603     (-1942.729,-498.019) (-58.080,-874.002) (-2162.304,-2172.646)     -148.94287 -2231.28250 -1262.86583 -428.56272 -1745.63171 -2093.84756     (-148.943,-428.563) (-2231.282,-1745.632) (-1262.866,-2093.848)      1337.64  1337.64  
21    -1927.86634 -81.72556 -2152.35705 -475.15545 -878.15711 -2186.96784     (-1927.866,-475.155) (-81.726,-878.157) (-2152.357,-2186.968)     -134.08063 -2254.92790 -1252.91898 -405.69925 -1749.78654 -2108.16937     (-134.081,-405.699) (-2254.928,-1749.787) (-1252.919,-2108.169)      1362.11  1362.11  
22    -1913.00411 -105.37096 -2142.41021 -452.29198 -882.31195 -2201.28965     (-1913.004,-452.292) (-105.371,-882.312) (-2142.410,-2201.290)     -119.21840 -2278.57331 -1242.97214 -382.83578 -1753.94138 -2122.49117     (-119.218,-382.836) (-2278.573,-1753.941) (-1242.972,-2122.491)      1387.32  1387.32  
23    -1898.14188 -129.01637 -2132.46336 -429.42851 -886.46679 -2215.61146     (-1898.142,-429.429) (-129.016,-886.467) (-2132.463,-2215.611)     -104.35617 -2302.21872 -1233.02529 -359.97232 -1758.09622 -2136.81298     (-104.356,-359.972) (-2302.219,-1758.096) (-1233.025,-2136.813)      1413.23  1413.23  
24    -1883.27965 -152.66178 -2122.51652 -406.56505 -890.62163 -2229.93327     (-1883.280,-406.565) (-152.662,-890.622) (-2122.517,-2229.933)     -89.49394 -2325.86412 -1223.07845 -337.10885 -1762.25106 -2151.13479     (-89.494,-337.109) (-2325.864,-1762.251) (-1223.078,-2151.135)      1439.8  1439.8  
25    -1868.41742 -176.30718 -2112.56967 -383.70158 -894.77646 -2244.25507     (-1868.417,-383.702) (-176.307,-894.776) (-2112.570,-2244.255)     -74.63171 -2349.50953 -1213.13160 -314.24538 -1766.40589 -2165.45660     (-74.632,-314.245) (-2349.510,-1766.406) (-1213.132,-2165.457)      1466.99  1466.99  
26    -1853.55518 -199.95259 -2102.62283 -360.83811 -898.93130 -2258.57688     (-1853.555,-360.838) (-199.953,-898.931) (-2102.623,-2258.577)     -59.76948 -2373.15493 -1203.18476 -291.38191 -1770.56073 -2179.77841     (-59.769,-291.382) (-2373.155,-1770.561) (-1203.185,-2179.778)      1494.78  1494.78  
27    -1838.69295 -223.59800 -2092.67598 -337.97464 -903.08614 -2272.89869     (-1838.693,-337.975) (-223.598,-903.086) (-2092.676,-2272.899)     -44.90725 -2396.80034 -1193.23791 -268.51845 -1774.71557 -2194.10021     (-44.907,-268.518) (-2396.800,-1774.716) (-1193.238,-2194.100)      1523.13  1523.13  
28    -1823.83072 -247.24340 -2082.72914 -315.11118 -907.24098 -2287.22050     (-1823.831,-315.111) (-247.243,-907.241) (-2082.729,-2287.220)     -30.04501 -2420.44575 -1183.29107 -245.65498 -1778.87041 -2208.42202     (-30.045,-245.655) (-2420.446,-1778.870) (-1183.291,-2208.422)      1552.01  1552.01  
29    -1808.96849 -270.88881 -2072.78229 -292.24771 -911.39581 -2301.54231     (-1808.968,-292.248) (-270.889,-911.396) (-2072.782,-2301.542)     -15.18278 -2444.09115 -1173.34422 -222.79151 -1783.02525 -2222.74383     (-15.183,-222.792) (-2444.091,-1783.025) (-1173.344,-2222.744)      1581.38  1581.38  
30    -1794.10626 -294.53422 -2062.83545 -269.38424 -915.55065 -2315.86412     (-1794.106,-269.384) (-294.534,-915.551) (-2062.835,-2315.864)      -0.32055 -2467.73656 -1163.39738 -199.92805 -1787.18008 -2237.06564     (-0.321,-199.928) (-2467.737,-1787.180) (-1163.397,-2237.066)      1611.23  1611.23  
31    -1779.24403 -318.17962 -2052.88860 -246.52078 -919.70549 -2330.18592     (-1779.244,-246.521) (-318.180,-919.705) (-2052.889,-2330.186)      14.54168 -2491.38197 -1153.45053 -177.06458 -1791.33492 -2251.38745     (-14.542,-191.606) (-2476.840,-1138.909) (-1776.793,-2236.846)      1615.66  1625.29  
32    -1764.38180 -341.82503 -2042.94176 -223.65731 -923.86033 -2344.50773     (-1764.382,-223.657) (-341.825,-923.860) (-2042.942,-2344.508)      29.40391 -2515.02737 -1143.50369 -154.20111 -1795.48976 -2265.70926     (-29.404,-183.605) (-2485.623,-1114.100) (-1766.086,-2236.305)      1620.19  1639.49  
33    -1749.51957 -365.47043 -2032.99491 -200.79384 -928.01517 -2358.82954     (-1749.520,-200.794) (-365.470,-928.015) (-2032.995,-2358.830)      44.26614 -2538.67278 -1133.55684 -131.33764 -1799.64460 -2280.03106     (-44.266,-175.604) (-2494.407,-1089.291) (-1755.378,-2235.765)      1615.9  1654.2  
34    -1734.65733 -389.11584 -2023.04807 -177.93037 -932.17000 -2373.15135     (-1734.657,-177.930) (-389.116,-932.170) (-2023.048,-2373.151)      59.12837 -2562.31819 -1123.61000 -108.47418 -1803.79943 -2294.35287     (-59.128,-167.603) (-2503.190,-1064.482) (-1744.671,-2235.224)      1595.74  1659.01  
35    -1719.79510 -412.76125 -2013.10122 -155.06691 -936.32484 -2387.47316     (-1719.795,-155.067) (-412.761,-936.325) (-2013.101,-2387.473)      73.99060 -2585.96359 -1113.66315 -85.61071 -1807.95427 -2308.67468     (-73.991,-159.601) (-2511.973,-1039.673) (-1733.964,-2234.684)      1576.01  1659.96  
36    -1704.93287 -436.40665 -2003.15438 -132.20344 -940.47968 -2401.79497     (-1704.933,-132.203) (-436.407,-940.480) (-2003.154,-2401.795)      88.85284 -2609.60900 -1103.71631 -62.74724 -1812.10911 -2322.99649     (-88.853,-151.600) (-2520.756,-1014.863) (-1723.256,-2234.144)      1556.74  1654.12  
37    -1690.07064 -460.05206 -1993.20753 -109.33997 -944.63452 -2416.11677     (-1690.071,-109.340) (-460.052,-944.635) (-1993.208,-2416.117)     103.71507 -2633.25441 -1093.76946 -39.88377 -1816.26395 -2337.31830     (-103.715,-143.599) (-2529.539,-990.054) (-1712.549,-2233.603)      1537.93  1635.4  
38    -1675.20841 -483.69747 -1983.26069 -86.47650 -948.78935 -2430.43858     (-1675.208,-86.477) (-483.697,-948.789) (-1983.261,-2430.439)     118.57730 -2656.89981 -1083.82262 -17.02031 -1820.41878 -2351.64011     (-118.577,-135.598) (-2538.323,-965.245) (-1701.841,-2233.063)      1519.61  1611.52  
39    -1660.34618 -507.34287 -1973.31384 -63.61304 -952.94419 -2444.76039     (-1660.346,-63.613) (-507.343,-952.944) (-1973.314,-2444.760)     133.43953 -2680.54522 -1073.87577   5.84316 -1824.57362 -2365.96191     (-133.440,-127.596) (-2547.106,-940.436) (-1691.134,-2232.522)      1501.8  1588.16  
40    -1645.48395 -530.98828 -1963.36700 -40.74957 -957.09903 -2459.08220     (-1645.484,-40.750) (-530.988,-957.099) (-1963.367,-2459.082)     148.30176 -2704.19062 -1063.92893  28.70663 -1828.72846 -2380.28372     (-148.302,-119.595) (-2555.889,-915.627) (-1680.427,-2231.982)      1484.51  1565.36  
41    -1630.62171 -554.63369 -1953.42015 -17.88610 -961.25387 -2473.40401     (-1630.622,-17.886) (-554.634,-961.254) (-1953.420,-2473.404)     163.16399 -2727.83603 -1053.98208  51.57009 -1832.88330 -2394.60553     (-163.164,-111.594) (-2564.672,-890.818) (-1669.719,-2231.442)      1467.75  1543.12  
42    -1615.75948 -578.27909 -1943.47331   4.97736 -965.40870 -2487.72581     (-1620.737,-4.977) (-1938.496,-960.431) (-573.302,-2482.748)     178.02622 -2751.48144 -1044.03524  74.43356 -1837.03814 -2408.92734     (-178.026,-103.593) (-2573.455,-866.009) (-1659.012,-2230.901)      1451.56  1521.46  
43    -1600.89725 -601.92450 -1933.52646  27.84083 -969.56354 -2502.04762     (-1628.738,-27.841) (-1905.686,-941.723) (-574.084,-2474.207)     192.88845 -2775.12684 -1034.08839  97.29703 -1841.19297 -2423.24915     (-192.888,-95.591) (-2582.238,-841.200) (-1648.305,-2230.361)      1435.95  1500.4  
44    -1586.03502 -625.56991 -1923.57962  50.70430 -973.71838 -2516.36943     (-1636.739,-50.704) (-1872.875,-923.014) (-574.866,-2465.665)     207.75069 -2798.77225 -1024.14155 120.16050 -1845.34781 -2437.57095     (-207.751,-87.590) (-2591.022,-816.391) (-1637.597,-2229.820)      1420.93  1479.96  
45    -1571.17279 -649.21531 -1913.63277  73.56777 -977.87322 -2530.69124     (-1644.741,-73.568) (-1840.065,-904.305) (-575.648,-2457.123)     222.61292 -2822.41766 -1014.19470 143.02396 -1849.50265 -2451.89276     (-222.613,-79.589) (-2599.805,-791.582) (-1626.890,-2229.280)      1406.53  1460.16  
46    -1556.31056 -672.86072 -1903.68593  96.43123 -982.02806 -2545.01305     (-1652.742,-96.431) (-1807.255,-885.597) (-576.429,-2448.582)     237.47515 -2846.06306 -1004.24786 165.88743 -1853.65749 -2466.21457     (-237.475,-71.588) (-2608.588,-766.773) (-1616.182,-2228.739)      1392.77  1441  
47    -1541.44833 -696.50612 -1893.73908 119.29470 -986.18289 -2559.33486     (-1660.743,-119.295) (-1774.444,-866.888) (-577.211,-2440.040)     252.33738 -2869.70847 -994.30101 188.75090 -1857.81232 -2480.53638     (-252.337,-63.586) (-2617.371,-741.964) (-1605.475,-2228.199)      1379.66  1422.5  
48    -1526.58610 -720.15153 -1883.79224 142.15817 -990.33773 -2573.65666     (-1668.744,-142.158) (-1741.634,-848.180) (-577.993,-2431.498)     267.19961 -2893.35388 -984.35417 211.61437 -1861.96716 -2494.85819     (-267.200,-55.585) (-2626.154,-717.155) (-1594.768,-2227.659)      1367.22  1404.69  
49    -1511.72386 -743.79694 -1873.84539 165.02164 -994.49257 -2587.97847     (-1676.745,-165.022) (-1708.824,-829.471) (-578.775,-2422.957)     282.06184 -2916.99928 -974.40732 234.47783 -1866.12200 -2509.18000     (-282.062,-47.584) (-2634.937,-692.345) (-1584.060,-2227.118)      1355.48  1387.58  
50    -1496.86163 -767.44234 -1863.89855 187.88510 -998.64741 -2602.30028     (-1684.747,-187.885) (-1676.013,-810.762) (-579.557,-2414.415)     296.92407 -2940.64469 -964.46048 257.34130 -1870.27684 -2523.50180     (-296.924,-39.583) (-2643.721,-667.536) (-1573.353,-2226.578)      1344.44  1371.17  
51    -1481.99940 -791.08775 -1853.95170 210.74857 -1002.80224 -2616.62209     (-1692.748,-210.749) (-1643.203,-792.054) (-580.339,-2405.874)     311.78631 -2964.29009 -954.51363 280.20477 -1874.43167 -2537.82361     (-311.786,-31.582) (-2652.504,-642.727) (-1562.645,-2226.037)      1334.14  1354.59  
52    -1467.13717 -814.73316 -1844.00486 233.61204 -1006.95708 -2630.94390     (-1700.749,-233.612) (-1610.393,-773.345) (-581.121,-2397.332)     326.64854 -2987.93550 -944.56679 303.06823 -1878.58651 -2552.14542     (-326.649,-23.580) (-2661.287,-617.918) (-1551.938,-2225.497)      1324.58  1339.03  
53    -1452.27494 -838.37856 -1834.05801 256.47550 -1011.11192 -2645.26571     (-1708.750,-256.476) (-1577.583,-754.636) (-581.903,-2388.790)     341.51077 -3011.58091 -934.61994 325.93170 -1882.74135 -2566.46723     (-341.511,-15.579) (-2670.070,-593.109) (-1541.231,-2224.956)      1315.78  1324.79  
54    -1437.41271 -862.02397 -1824.11117 279.33897 -1015.26676 -2659.58751     (-1716.752,-279.339) (-1544.772,-735.928) (-582.685,-2380.249)     356.37300 -3035.22631 -924.67310 348.79517 -1886.89619 -2580.78904     (-356.373,-7.578) (-2678.853,-568.300) (-1530.523,-2224.416)      1307.75  1311.88  
55    -1422.55048 -885.66938 -1814.16432 302.20244 -1019.42159 -2673.90932     (-1724.753,-302.202) (-1511.962,-717.219) (-583.467,-2371.707)     371.23523 -3058.87172 -914.72625 371.65864 -1891.05103 -2595.11085     (-0.423,-371.659) (-543.068,-1519.392) (-2687.213,-2223.452)      1299.86  1299.86  
56    -1407.68825 -909.31478 -1804.21748 325.06591 -1023.57643 -2688.23113     (-1732.754,-325.066) (-1479.152,-698.511) (-584.249,-2363.165)     386.09746 -3082.51713 -904.77941 394.52210 -1895.20586 -2609.43265     (-8.425,-394.522) (-510.257,-1500.684) (-2687.995,-2214.911)      1281.25  1281.25  
57    -1392.82601 -932.96019 -1794.27063 347.92937 -1027.73127 -2702.55294     (-1740.755,-347.929) (-1446.341,-679.802) (-585.031,-2354.624)     400.95969 -3106.16253 -894.83256 417.38557 -1899.36070 -2623.75446     (-16.426,-417.386) (-477.447,-1481.975) (-2688.777,-2206.369)      1264.02  1264.02  
58    -1377.96378 -956.60560 -1784.32379 370.79284 -1031.88611 -2716.87475     (-1748.757,-370.793) (-1413.531,-661.093) (-585.813,-2346.082)     415.82192 -3129.80794 -884.88572 440.24904 -1903.51554 -2638.07627     (-24.427,-440.249) (-444.637,-1463.267) (-2689.559,-2197.827)      1248.22  1248.22  
59    -1363.10155 -980.25100 -1774.37694 393.65631 -1036.04095 -2731.19655     (-1756.758,-393.656) (-1380.721,-642.385) (-586.595,-2337.540)     430.68416 -3153.45335 -874.93887 463.11251 -1907.67038 -2652.39808     (-32.428,-463.113) (-411.826,-1444.558) (-2690.341,-2189.286)      1233.91  1233.91  
60    -1348.23932 -1003.89641 -1764.43010 416.51978 -1040.19578 -2745.51836     (-1764.759,-416.520) (-1347.910,-623.676) (-587.377,-2328.999)     445.54639 -3177.09875 -864.99203 485.97597 -1911.82521 -2666.71989     (-40.430,-485.976) (-379.016,-1425.849) (-2691.123,-2180.744)      1221.14  1221.14  
61    -1333.37709 -1027.54181 -1754.48325 439.38324 -1044.35062 -2759.84017     (-1772.760,-439.383) (-1315.100,-604.967) (-588.159,-2320.457)     460.40862 -3200.74416 -855.04518 508.83944 -1915.98005 -2681.04169     (-48.431,-508.839) (-346.206,-1407.141) (-2691.905,-2172.202)      1209.97  1209.97  
62    -1318.51486 -1051.18722 -1744.53641 462.24671 -1048.50546 -2774.16198     (-1780.762,-462.247) (-1282.290,-586.259) (-588.941,-2311.915)     475.27085 -3224.38957 -845.09834 531.70291 -1920.13489 -2695.36350     (-56.432,-531.703) (-313.395,-1388.432) (-2692.687,-2163.661)      1200.43  1200.43  
63    -1303.65263 -1074.83263 -1734.58956 485.11018 -1052.66030 -2788.48379     (-1788.763,-485.110) (-1249.479,-567.550) (-589.722,-2303.374)     490.13308 -3248.03497 -835.15149 554.56637 -1924.28973 -2709.68531     (-64.433,-554.566) (-280.585,-1369.723) (-2693.469,-2155.119)      1192.56  1192.56  
64    -1288.79039 -1098.47803 -1724.64272 507.97364 -1056.81513 -2802.80560     (-1796.764,-507.974) (-1216.669,-548.841) (-590.504,-2294.832)     504.99531 -3271.68038 -825.20465 577.42984 -1928.44456 -2724.00712     (-72.435,-577.430) (-247.775,-1351.015) (-2694.251,-2146.577)      1186.41  1186.41  
65    -1273.92816 -1122.12344 -1714.69587 530.83711 -1060.96997 -2817.12740     (-1804.765,-530.837) (-1183.859,-530.133) (-591.286,-2286.290)     519.85754 -3295.32578 -815.25780 600.29331 -1932.59940 -2738.32893     (-80.436,-600.293) (-214.964,-1332.306) (-2695.032,-2138.036)      1181.99  1181.99  
66    -1259.06593 -1145.76885 -1704.74903 553.70058 -1065.12481 -2831.44921     (-1812.767,-553.701) (-1151.048,-511.424) (-592.068,-2277.749)     534.71977 -3318.97119 -805.31096 623.15678 -1936.75424 -2752.65074     (-88.437,-623.157) (-182.154,-1313.597) (-2695.814,-2129.494)      1179.32  1179.32  
67    -1244.20370 -1169.41425 -1694.80218 576.56405 -1069.27965 -2845.77102     (-1820.768,-576.564) (-1118.238,-492.716) (-592.850,-2269.207)     549.58201 -3342.61660 -795.36411 646.02024 -1940.90908 -2766.97254     (-96.438,-646.020) (-149.344,-1294.889) (-2696.596,-2120.952)      1178.42  1178.42  
68    -1229.34147 -1193.05966 -1684.85534 599.42751 -1073.43448 -2860.09283     (-1828.769,-599.428) (-1085.428,-474.007) (-593.632,-2260.665)     564.44424 -3366.26200 -785.41727 668.88371 -1945.06392 -2781.29435     (-104.439,-668.884) (-116.534,-1276.180) (-2697.378,-2112.411)      1179.28  1179.28  
69    -1214.47924 -1216.70507 -1674.90849 622.29098 -1077.58932 -2874.41464     (-1836.770,-622.291) (-1052.618,-455.298) (-594.414,-2252.124)     579.30647 -3389.90741 -775.47042 691.74718 -1949.21875 -2795.61616     (-112.441,-691.747) (-83.723,-1257.472) (-2698.160,-2103.869)      1181.92  1181.92  
70    -1199.61701 -1240.35047 -1664.96165 645.15445 -1081.74416 -2888.73645     (-1844.771,-645.154) (-1019.807,-436.590) (-595.196,-2243.582)     594.16870 -3413.55282 -765.52358 714.61065 -1953.37359 -2809.93797     (-120.442,-714.611) (-50.913,-1238.763) (-2698.942,-2095.327)      1186.31  1186.31  
71    -1184.75478 -1263.99588 -1655.01480 668.01792 -1085.89900 -2903.05825     (-1852.773,-668.018) (-986.997,-417.881) (-595.978,-2235.040)     609.03093 -3437.19822 -755.57673 737.47411 -1957.52843 -2824.25978     (-128.443,-737.474) (-18.103,-1220.054) (-2699.724,-2086.786)      1192.43  1192.43  
72    -1169.89254 -1287.64129 -1645.06796 690.88138 -1090.05384 -2917.38006     (-1860.774,-690.881) (-954.187,-399.172) (-596.760,-2226.499)     623.89316 -3460.84363 -745.62989 760.33758 -1961.68327 -2838.58159     (-2063.536,-745.630) (-14.708,-1216.053) (-2685.798,-121.737)      1193.92  1201.86  
73    -1155.03031 -1311.28669 -1635.12111 713.74485 -1094.20867 -2931.70187     (-1868.775,-713.745) (-921.376,-380.464) (-597.542,-2217.957)     638.75539 -3484.48904 -735.68304 783.20105 -1965.83810 -2852.90339     (-2022.184,-735.683) (-47.518,-1230.155) (-2653.770,-96.928)      1190.91  1215.7  
74    -1140.16808 -1334.93210 -1625.17427 736.60832 -1098.36351 -2946.02368     (-1876.776,-736.608) (-888.566,-361.755) (-598.324,-2209.415)     653.61763 -3508.13444 -725.73620 806.06451 -1969.99294 -2867.22520     (-1980.832,-725.736) (-80.328,-1244.257) (-2621.742,-72.119)      1191.87  1232.41  
75    -1125.30585 -1358.57750 -1615.22742 759.47178 -1102.51835 -2960.34549     (-1884.778,-759.472) (-855.756,-343.047) (-599.106,-2200.874)     668.47986 -3531.77985 -715.78935 828.92798 -1974.14778 -2881.54701     (-1939.480,-715.789) (-113.139,-1258.358) (-2589.713,-47.309)      1196.79  1252.09  
76    -1110.44362 -1382.22291 -1605.28058 782.33525 -1106.67319 -2974.66729     (-1892.779,-782.335) (-822.945,-324.338) (-599.888,-2192.332)     683.34209 -3555.42526 -705.84251 851.79145 -1978.30262 -2895.86882     (-1898.128,-705.843) (-145.949,-1272.460) (-2557.685,-22.500)      1205.61  1274.85  
77    -1095.58139 -1405.86832 -1595.33373 805.19872 -1110.82802 -2988.98910     (-1900.780,-805.199) (-790.135,-305.629) (-600.670,-2183.790)     698.20432 -3579.07066 -695.89566 874.65492 -1982.45745 -2910.19063     (-176.451,-693.587) (-1854.468,-1284.253) (-2527.965,-2.309)      1199.56  1299.58  
78    -1080.71916 -1429.51372 -1585.38689 828.06219 -1114.98286 -3003.31091     (-1908.781,-828.062) (-757.325,-286.921) (-601.452,-2175.249)     713.06655 -3602.71607 -685.94882 897.51838 -1986.61229 -2924.51243     (-184.452,-658.831) (-1788.307,-1273.546) (-2520.746,-27.118)      1212.33  1317.02  
79    -1065.85693 -1453.15913 -1575.44004 850.92565 -1119.13770 -3017.63272     (-1916.783,-850.926) (-724.514,-268.212) (-602.233,-2166.707)     727.92878 -3626.36147 -676.00197 920.38185 -1990.76713 -2938.83424     (-192.453,-624.075) (-1722.146,-1262.838) (-2513.527,-51.927)      1230.22  1339.94  
80    -1050.99469 -1476.80454 -1565.49320 873.78912 -1123.29254 -3031.95453     (-1924.784,-873.789) (-691.704,-249.503) (-603.015,-2158.165)     742.79101 -3650.00688 -666.05513 943.24532 -1994.92197 -2953.15605     (-200.454,-589.319) (-1655.985,-1252.131) (-2506.307,-76.736)      1252.99  1368.14  
81    -1036.13246 -1500.44994 -1555.54635 896.65259 -1127.44737 -3046.27634     (-1932.785,-896.653) (-658.894,-230.795) (-603.797,-2149.624)     757.65324 -3673.65229 -656.10828 966.10879 -1999.07681 -2967.47786     (-208.456,-554.563) (-1589.824,-1241.424) (-2499.088,-101.545)      1280.39  1401.35  
82    -1021.27023 -1524.09535 -1545.59951 919.51606 -1131.60221 -3060.59814     (-1940.786,-919.516) (-626.083,-212.086) (-604.579,-2141.082)     772.51548 -3697.29769 -646.16144 988.97225 -2003.23164 -2981.79967     (-216.457,-519.807) (-1523.663,-1230.716) (-2491.869,-126.354)      1312.12  1439.25  
83    -1006.40800 -1547.74076 -1535.65266 942.37952 -1135.75705 -3074.91995     (-1948.788,-942.380) (-593.273,-193.378) (-605.361,-2132.540)     787.37771 -3720.94310 -636.21459 1011.83572 -2007.38648 -2996.12148     (-224.458,-485.051) (-1457.502,-1220.009) (-2484.649,-151.163)      1347.88  1481.51  
84    -991.54577 -1571.38616 -1525.70582 965.24299 -1139.91189 -3089.24176     (-1956.789,-965.243) (-560.463,-174.669) (-606.143,-2123.999)     802.23994 -3744.58851 -626.26775 1034.69919 -2011.54132 -3010.44328     (-232.459,-450.296) (-1391.340,-1209.301) (-2477.430,-175.972)      1387.37  1527.79  
85    -976.68354 -1595.03157 -1515.75897 988.10646 -1144.06673 -3103.56357     (-1964.790,-988.106) (-527.653,-155.960) (-606.925,-2115.457)     817.10217 -3768.23391 -616.32090 1057.56265 -2015.69616 -3024.76509     (-240.460,-415.540) (-1325.179,-1198.594) (-2470.211,-200.781)      1430.26  1577.74  
86    -961.82131 -1618.67697 -1505.81213 1010.96992 -1148.22156 -3117.88538     (-1972.791,-1010.970) (-494.842,-137.252) (-607.707,-2106.915)     831.96440 -3791.87932 -606.37406 1080.42612 -2019.85099 -3039.08690     (-248.462,-380.784) (-1259.018,-1187.887) (-2462.991,-225.590)      1476.27  1631.03  
87    -946.95907 -1642.32238 -1495.86528 1033.83339 -1152.37640 -3132.20719     (-1980.792,-1033.833) (-462.032,-118.543) (-608.489,-2098.374)     846.82663 -3815.52473 -596.42721 1103.28959 -2024.00583 -3053.40871     (-256.463,-346.028) (-1192.857,-1177.179) (-2455.772,-250.399)      1525.11  1674.83  
88    -932.09684 -1665.96779 -1485.91844 1056.69686 -1156.53124 -3146.52899     (-1988.794,-1056.697) (-429.222,-99.834) (-609.271,-2089.832)     861.68886 -3839.17013 -586.48037 1126.15306 -2028.16067 -3067.73052     (-264.464,-311.272) (-1126.696,-1166.472) (-2448.553,-275.208)      1576.52  1718.63  
89    -917.23461 -1689.61319 -1475.97159 1079.56033 -1160.68608 -3160.85080     (-1996.795,-1079.560) (-396.411,-81.126) (-610.053,-2081.290)     876.55109 -3862.81554 -576.53352 1149.01652 -2032.31551 -3082.05233     (-272.465,-276.516) (-1060.535,-1155.764) (-2441.334,-300.018)      1606.35  1760.25  
90    -902.37238 -1713.25860 -1466.02475 1102.42379 -1164.84091 -3175.17261     (-2004.796,-1102.424) (-363.601,-62.417) (-610.835,-2072.749)     891.41333 -3886.46095 -566.58668 1171.87999 -2036.47034 -3096.37413     (-280.467,-241.760) (-994.374,-1145.057) (-2434.114,-324.827)      1604.45  1763.35  
91    -887.51015 -1736.90401 -1456.07790 1125.28726 -1168.99575 -3189.49442     (-2012.797,-1125.287) (-330.791,-43.708) (-611.617,-2064.207)     906.27556 -3910.10635 -556.63983 1194.74346 -2040.62518 -3110.69594     (-288.468,-207.004) (-928.213,-1134.350) (-2426.895,-349.636)      1606.56  1745.33  
92    -872.64792 -1760.54941 -1446.13106 1148.15073 -1173.15059 -3203.81623     (-2020.799,-1148.151) (-297.980,-25.000) (-612.399,-2055.665)     921.13779 -3933.75176 -546.69299 1217.60693 -2044.78002 -3125.01775     (-296.469,-172.248) (-862.052,-1123.642) (-2419.676,-374.445)      1612.66  1730.49  
93    -857.78569 -1784.19482 -1436.18421 1171.01420 -1177.30543 -3218.13803     (-2028.800,-1171.014) (-265.170,-6.291) (-613.181,-2047.124)     936.00002 -3957.39716 -536.74614 1240.47039 -2048.93486 -3139.33956     (-304.470,-137.492) (-795.891,-1112.935) (-2412.456,-399.254)      1622.71  1718.7  
94    -842.92346 -1807.84023 -1426.23737 1193.87766 -1181.46026 -3232.45984     (-601.545,-1181.460) (-244.777,-12.417) (-2024.384,-2026.165)     950.86225 -3981.04257 -526.79930 1263.33386 -2053.08970 -3153.66137     (-312.472,-102.736) (-729.730,-1102.227) (-2405.237,-424.063)      1636.62  1709.83  
95    -828.06122 -1831.48563 -1416.29052 1216.74113 -1185.61510 -3246.78165     (-583.618,-1185.615) (-230.675,-31.126) (-2013.676,-1998.914)     965.72448 -4004.68798 -516.85245 1286.19733 -2057.24453 -3167.98317     (-320.473,-67.980) (-663.569,-1091.520) (-2398.018,-448.872)      1654.32  1699.26  
96    -813.19899 -1855.13104 -1406.34368 1239.60460 -1189.76994 -3261.10346     (-565.692,-1189.770) (-216.574,-49.835) (-2002.969,-1971.664)     980.58671 -4028.33338 -506.90561 1309.06079 -2061.39937 -3182.30498     (-328.474,-33.224) (-597.408,-1080.813) (-2390.799,-473.681)      1649.39  1659.43  
97    -798.33676 -1878.77645 -1396.39683 1262.46806 -1193.92478 -3275.42527     (-547.765,-1193.925) (-202.472,-68.543) (-1992.262,-1944.414)     995.44895 -4051.97879 -496.95876 1331.92426 -2065.55421 -3196.62679     (-338.007,-1.531) (-2382.048,-1068.574) (-529.715,-496.959)      1623.44  1623.44  
98    -783.47453 -1902.42185 -1386.44999 1285.33153 -1198.07962 -3289.74708     (-529.838,-1198.080) (-188.370,-87.252) (-1981.554,-1917.164)     1010.31118 -4075.62420 -487.01192 1354.78773 -2069.70905 -3210.94860     (-380.764,-36.287) (-2340.073,-1023.111) (-428.798,-487.012)      1613.55  1613.55  
99    -768.61230 -1926.06726 -1376.50314 1308.19500 -1202.23445 -3304.06888     (-511.912,-1202.234) (-174.269,-105.961) (-1970.847,-1889.913)     1025.17341 -4099.26960 -477.06507 1377.65120 -2073.86388 -3225.27041     (-423.521,-71.043) (-2298.097,-977.647) (-327.881,-477.065)      1614.26  1614.26  
