PointDistanceFollower   Jun 17 2018   mode =  LINE3 
LINE3_RAND%_.12_0.txt      Output is S6 probe cell, C3 reduced cell,  S6Dist CS6Dist  distance between 
Compute times (msec)     S6Dist   38   CS6Dist  1
PointDistanceFollower  Jun 17 2018  mode = LINE3
LINE3_RAND%_.12_0.txt     Output is S6 probe cell, C3 reduced cell, S6Dist CS6Dist distance between
0    -4117.11633 3450.37126 -7860.28887 -3568.95433 952.67798 -1290.58782     (-202.451,-987.779) (-464.294,-1628.498) (-554.645,-1290.588)     -1565.71283 586.95979 -2451.02065 -1279.42378 -621.52411 -1656.66458     (-1069.705,-692.464) (-586.960,-1208.484) (-1864.061,-978.753)      758.135  758.135  
1    -4086.23479 3403.40476 -7817.52157 -3536.07056 940.20453 -1290.00078     (-140.573,-956.069) (-542.257,-1639.797) (-729.566,-1290.001)     -1534.83129 539.99328 -2408.25335 -1246.54001 -633.99756 -1656.07754     (-1116.084,-706.547) (-539.993,-1173.991) (-1868.260,-994.838)      735.594  735.594  
2    -4055.35325 3356.43825 -7774.75427 -3503.18678 927.73108 -1289.41373     (-78.696,-924.359) (-620.219,-1651.096) (-904.486,-1289.414)     -1503.94975 493.02677 -2365.48605 -1213.65623 -646.47101 -1655.49050     (-1162.464,-720.629) (-493.027,-1139.498) (-1872.459,-1010.923)      713.961  713.961  
3    -4024.47171 3309.47174 -7731.98697 -3470.30301 915.25763 -1288.82669     (-16.818,-892.650) (-698.182,-1662.396) (-1079.407,-1288.827)     -1473.06821 446.06027 -2322.71875 -1180.77246 -658.94446 -1654.90345     (-1208.843,-734.712) (-446.060,-1105.005) (-1876.658,-1027.008)      700.303  700.303  
4    -3993.59017 3262.50523 -7689.21967 -3437.41924 902.78418 -1288.23965     (-45.059,-905.999) (-731.085,-1209.268) (-1628.636,-1243.181)     -1442.18667 399.09376 -2279.95145 -1147.88869 -671.41791 -1654.31641     (-1255.223,-748.795) (-399.094,-1070.512) (-1880.858,-1043.093)      695.091  695.091  
5    -3962.70863 3215.53873 -7646.45237 -3404.53546 890.31073 -1287.65260     (-106.936,-936.167) (-747.170,-1322.311) (-1578.058,-1180.716)     -1411.30513 352.12725 -2237.18415 -1115.00491 -683.89136 -1653.72937     (-1301.602,-762.878) (-352.127,-1036.019) (-1885.057,-1059.178)      698.514  698.514  
6    -3931.82709 3168.57222 -7603.68507 -3371.65169 877.83728 -1287.06556     (-168.814,-966.334) (-763.255,-1435.354) (-1527.480,-1118.252)     -1380.42359 305.16074 -2194.41685 -1082.12114 -696.36481 -1653.14232     (-1347.982,-776.960) (-305.161,-1001.526) (-1889.256,-1075.263)      710.446  710.446  
7    -3900.94555 3121.60571 -7560.91777 -3338.76791 865.36383 -1286.47851     (-230.691,-996.502) (-779.340,-1548.398) (-1476.902,-1055.787)     -1349.54205 258.19424 -2151.64955 -1049.23736 -708.83826 -1652.55528     (-1394.361,-791.043) (-258.194,-967.032) (-1893.455,-1091.348)      730.472  730.472  
8    -3870.06401 3074.63920 -7518.15047 -3305.88414 852.89038 -1285.89147     (-292.569,-1026.670) (-795.425,-1661.441) (-1426.324,-993.323)     -1318.66051 211.22773 -2108.88225 -1016.35359 -721.31171 -1651.96823     (-1440.741,-805.126) (-211.228,-932.539) (-1897.655,-1107.433)      757.949  757.949  
9    -3839.18247 3027.67270 -7475.38317 -3273.00037 840.41693 -1285.30443     (-354.446,-1056.837) (-811.510,-1774.484) (-1375.746,-930.858)     -1287.77897 164.26122 -2066.11495 -983.46982 -733.78516 -1651.38119     (-1487.120,-819.209) (-164.261,-898.046) (-1901.854,-1123.518)      792.103  792.103  
10    -3808.30093 2980.70619 -7432.61587 -3240.11659 827.94348 -1284.71738     (-416.323,-1087.005) (-827.595,-1887.527) (-1325.168,-868.394)     -1256.89743 117.29471 -2023.34765 -950.58604 -746.25861 -1650.79415     (-1533.499,-833.291) (-117.295,-863.553) (-1906.053,-1139.603)      832.113  832.113  
11    -3777.41939 2933.73968 -7389.84858 -3207.23282 815.47003 -1284.13034     (-478.201,-1117.173) (-843.680,-2000.570) (-1274.590,-805.930)     -1226.01589  70.32821 -1980.58035 -917.70227 -758.73206 -1650.20710     (-1579.879,-847.374) (-70.328,-829.060) (-1910.252,-1155.688)      877.176  877.176  
12    -3746.53785 2886.77317 -7347.08128 -3174.34904 802.99658 -1283.54330     (-540.078,-1147.341) (-859.765,-2113.613) (-1224.012,-743.465)     -1195.13435  23.36170 -1937.81305 -884.81849 -771.20551 -1649.62006     (-1626.258,-861.457) (-23.362,-794.567) (-1914.451,-1171.773)      926.556  926.556  
13    -3715.65631 2839.80667 -7304.31398 -3141.46527 790.52313 -1282.95625     (-601.955,-1177.508) (-875.850,-2226.656) (-1173.434,-681.001)     -1164.25281 -23.60481 -1895.04575 -851.93472 -783.67896 -1649.03302     (-1164.253,-851.935) (-23.605,-783.679) (-1895.046,-1649.033)      933.066  951.234  
14    -3684.77477 2792.84016 -7261.54668 -3108.58150 778.04968 -1282.36921     (-663.833,-1207.676) (-891.935,-2339.699) (-1122.856,-618.536)     -1133.37127 -70.57131 -1852.27845 -819.05095 -796.15241 -1648.44597     (-1133.371,-819.051) (-70.571,-796.152) (-1852.278,-1648.446)      898.318  950.015  
15    -3653.89323 2745.87365 -7218.77938 -3075.69772 765.57623 -1281.78217     (-725.710,-1237.844) (-908.020,-2452.742) (-1072.278,-556.072)     -1102.48973 -117.53782 -1809.51115 -786.16717 -808.62586 -1647.85893     (-1102.490,-786.167) (-117.538,-808.626) (-1809.511,-1647.859)      869.363  950.836  
16    -3623.01169 2698.90715 -7176.01208 -3042.81395 753.10278 -1281.19512     (-787.588,-1268.011) (-924.105,-2565.785) (-1021.700,-493.607)     -1071.60819 -164.50433 -1766.74385 -753.28340 -821.09931 -1647.27189     (-1071.608,-753.283) (-164.504,-821.099) (-1766.744,-1647.272)      846.794  954.055  
17    -3592.13015 2651.94064 -7133.24478 -3009.93017 740.62933 -1280.60808     (-849.465,-1298.179) (-940.190,-2678.829) (-971.122,-431.143)     -1040.72665 -211.47084 -1723.97655 -720.39962 -833.57276 -1646.68484     (-1040.727,-720.400) (-211.471,-833.573) (-1723.977,-1646.685)      827.727  949.793  
18    -3561.24861 2604.97413 -7090.47748 -2977.04640 728.15588 -1280.02104     (-911.342,-1328.347) (-956.274,-2791.872) (-920.544,-368.679)     -1009.84511 -258.43734 -1681.20926 -687.51585 -846.04621 -1646.09780     (-1009.845,-687.516) (-258.437,-846.046) (-1681.209,-1646.098)      801.521  907.296  
19    -3530.36707 2558.00762 -7047.71018 -2944.16263 715.68243 -1279.43399     (-973.220,-1358.514) (-972.359,-2904.915) (-869.966,-306.214)     -978.96357 -305.40385 -1638.44196 -654.63208 -858.51966 -1645.51076     (-978.964,-654.632) (-305.404,-858.520) (-1638.442,-1645.511)      782.426  871.439  
20    -3499.48553 2511.04112 -7004.94288 -2911.27885 703.20898 -1278.84695     (-1035.097,-1388.682) (-988.444,-3017.958) (-819.388,-243.750)     -948.08203 -352.37036 -1595.67466 -621.74830 -870.99311 -1644.92371     (-948.082,-621.748) (-352.370,-870.993) (-1595.675,-1644.924)      770.972  843.337  
21    -3468.60399 2464.07461 -6962.17558 -2878.39508 690.73553 -1278.25991     (-1096.975,-1418.850) (-1004.529,-3131.001) (-768.810,-181.285)     -917.20049 -399.33687 -1552.90736 -588.86453 -883.46656 -1644.33667     (-917.200,-588.865) (-399.337,-883.467) (-1552.907,-1644.337)      767.5  824.043  
22    -3437.72245 2417.10810 -6919.40828 -2845.51130 678.26208 -1277.67286     (-1158.852,-1449.018) (-1020.614,-3244.044) (-718.232,-118.821)     -886.31895 -446.30337 -1510.14006 -555.98076 -895.94001 -1643.74963     (-886.319,-555.981) (-446.303,-895.940) (-1510.140,-1643.750)      772.118  814.391  
23    -3406.84091 2370.14159 -6876.64098 -2812.62753 665.78863 -1277.08582     (-1220.729,-1479.185) (-1036.699,-3357.087) (-667.654,-56.356)     -855.43741 -493.26988 -1467.37276 -523.09698 -908.41346 -1643.16258     (-855.437,-523.097) (-493.270,-908.413) (-1467.373,-1643.163)      784.683  814.836  
24    -3375.95937 2323.17509 -6833.87368 -2779.74376 653.31518 -1276.49878     (-1046.676,-1503.245) (-1276.499,-3464.022) (-623.184,-6.108)     -824.55587 -540.23639 -1424.60546 -490.21321 -920.88691 -1642.57554     (-824.556,-490.213) (-540.236,-920.887) (-1424.605,-1642.576)      804.824  825.357  
25    -3345.07783 2276.20858 -6791.10638 -2746.85998 640.84173 -1275.91173     (-1000.297,-1470.948) (-1275.912,-3514.601) (-635.070,-68.572)     -793.67433 -587.20290 -1381.83816 -457.32943 -933.36036 -1641.98850     (-793.674,-457.329) (-587.203,-933.360) (-1381.838,-1641.988)      800.017  845.46  
26    -3314.19629 2229.24207 -6748.33908 -2713.97621 628.36828 -1275.32469     (-953.917,-1438.652) (-1275.325,-3565.180) (-646.956,-131.037)     -762.79279 -634.16940 -1339.07086 -424.44566 -945.83381 -1641.40145     (-762.793,-424.446) (-634.169,-945.834) (-1339.071,-1641.401)      792.478  846.792  
27    -3283.31475 2182.27556 -6705.57178 -2681.09244 615.89484 -1274.73764     (-907.538,-1406.355) (-1274.738,-3615.758) (-658.843,-193.501)     -731.91125 -681.13591 -1296.30356 -391.56189 -958.30726 -1640.81441     (-731.911,-391.562) (-681.136,-958.307) (-1296.304,-1640.814)      792.759  857.383  
28    -3252.43321 2135.30906 -6662.80448 -2648.20866 603.42139 -1274.15060     (-861.158,-1374.058) (-1274.151,-3666.337) (-670.729,-255.966)     -701.02971 -728.10242 -1253.53626 -358.67811 -970.78070 -1640.22736     (-701.030,-358.678) (-728.102,-970.781) (-1253.536,-1640.227)      800.852  877.098  
29    -3221.55167 2088.34255 -6620.03718 -2615.32489 590.94794 -1273.56356     (-814.779,-1341.761) (-1273.564,-3716.916) (-682.616,-318.430)     -670.14817 -775.06893 -1210.76896 -325.79434 -983.25415 -1639.64032     (-670.148,-325.794) (-775.069,-983.254) (-1210.769,-1639.640)      816.525  905.169  
30    -3190.67013 2041.37604 -6577.26988 -2582.44111 578.47449 -1272.97651     (-768.400,-1309.465) (-1272.977,-3767.494) (-694.502,-380.895)     -639.26663 -822.03543 -1168.00166 -292.91056 -995.72760 -1639.05328     (-639.267,-292.911) (-822.035,-995.728) (-1168.002,-1639.053)      839.354  940.643  
31    -3159.78859 1994.40953 -6534.50258 -2549.55734 566.00104 -1272.38947     (-722.020,-1277.168) (-1272.389,-3818.073) (-706.388,-443.359)     -608.38509 -869.00194 -1125.23436 -260.02679 -1008.20105 -1638.46623     (-608.385,-260.027) (-869.002,-1008.201) (-1125.234,-1638.466)      868.773  982.512  
32    -3128.90705 1947.44303 -6491.73528 -2516.67357 553.52759 -1271.80243     (-675.641,-1244.871) (-1271.802,-3868.652) (-718.275,-505.823)     -577.50355 -915.96845 -1082.46706 -227.14302 -1020.67450 -1637.87919     (-577.504,-227.143) (-915.968,-1020.675) (-1082.467,-1637.879)      904.141  953.249  
33    -3098.02551 1900.47652 -6448.96798 -2483.78979 541.05414 -1271.21538     (-629.261,-1212.574) (-1271.215,-3919.230) (-730.161,-568.288)     -546.62201 -962.93496 -1039.69976 -194.25924 -1033.14795 -1637.29215     (-546.622,-194.259) (-962.935,-1033.148) (-1039.700,-1637.292)      928.534  928.534  
34    -3067.14397 1853.51001 -6406.20068 -2450.90602 528.58069 -1270.62834     (-582.882,-1180.278) (-1270.628,-3969.809) (-742.048,-630.752)     -515.74047 -1009.90146 -996.93246 -161.37547 -1045.62140 -1636.70510     (-515.740,-161.375) (-1009.901,-1045.621) (-996.932,-1636.705)      910.011  910.011  
35    -3036.26243 1806.54350 -6363.43338 -2418.02224 516.10724 -1270.04130     (-536.502,-1147.981) (-1270.041,-4020.388) (-753.934,-693.217)     -484.85893 -1056.86797 -954.16516 -128.49169 -1058.09485 -1636.11806     (-484.859,-128.492) (-1056.868,-1058.095) (-954.165,-1636.118)      898.062  898.062  
36    -3005.38089 1759.57700 -6320.66608 -2385.13847 503.63379 -1269.45425     (-490.123,-1115.684) (-1269.454,-4070.966) (-765.820,-755.681)     -453.97739 -1103.83448 -911.39786 -95.60792 -1070.56830 -1635.53102     (-453.977,-95.608) (-1103.834,-1070.568) (-911.398,-1635.531)      892.952  892.952  
37    -2974.49935 1712.61049 -6277.89878 -2352.25470 491.16034 -1268.86721     (-443.743,-1083.387) (-1268.867,-4121.545) (-777.707,-818.146)     -423.09585 -1150.80099 -868.63056 -62.72415 -1083.04175 -1634.94397     (-423.096,-62.724) (-1150.801,-1083.042) (-868.631,-1634.944)      894.798  894.798  
38    -2943.61781 1665.64398 -6235.13148 -2319.37092 478.68689 -1268.28017     (-397.364,-1051.091) (-1268.280,-4172.124) (-789.593,-880.610)     -392.21431 -1197.76749 -825.86326 -29.84037 -1095.51520 -1634.35693     (-392.214,-29.840) (-1197.767,-1095.515) (-825.863,-1634.357)      903.556  903.556  
39    -2912.73627 1618.67747 -6192.36418 -2286.48715 466.21344 -1267.69312     (-350.984,-1018.794) (-1267.693,-4222.702) (-801.480,-943.074)     -361.33277 -1244.73400 -783.09596   3.04340 -1107.98865 -1633.76989     (-364.376,-3.043) (-780.053,-1104.945) (-1241.691,-1630.726)      914.214  916.578  
40    -2881.85473 1571.71097 -6149.59689 -2253.60337 453.73999 -1267.10608     (-304.605,-986.497) (-1267.106,-4273.281) (-813.366,-1005.539)     -330.45123 -1291.70051 -740.32866  35.92718 -1120.46210 -1633.18284     (-366.378,-35.927) (-704.401,-1084.535) (-1255.773,-1597.256)      885.203  912.139  
41    -2850.97319 1524.74446 -6106.82959 -2220.71960 441.26654 -1266.51904     (-258.225,-954.201) (-1266.519,-4323.860) (-825.252,-1068.003)     -299.56969 -1338.66702 -697.56136  68.81095 -1132.93555 -1632.59580     (-368.381,-68.811) (-628.750,-1064.125) (-1269.856,-1563.785)      865.141  914.904  
42    -2820.09165 1477.77795 -6064.06229 -2187.83583 428.79309 -1265.93199     (-211.846,-921.904) (-1265.932,-4374.438) (-837.139,-1130.468)     -268.68815 -1385.63352 -654.79406 101.69472 -1145.40900 -1632.00876     (-370.383,-101.695) (-553.099,-1043.714) (-1283.939,-1530.314)      854.658  898.269  
43    -2789.21011 1430.81145 -6021.29499 -2154.95205 416.31964 -1265.34495     (-165.466,-889.607) (-1265.345,-4425.017) (-849.025,-1192.932)     -237.80661 -1432.60003 -612.02676 134.57850 -1157.88245 -1631.42171     (-372.385,-134.578) (-477.448,-1023.304) (-1298.022,-1496.843)      789.205  825.779  
44    -2758.32857 1383.84494 -5978.52769 -2122.06828 403.84619 -1264.75791     (-119.087,-857.310) (-1264.758,-4475.596) (-860.912,-1255.397)     -206.92507 -1479.56654 -569.25946 167.46227 -1170.35590 -1630.83467     (-374.387,-167.462) (-401.797,-1002.894) (-1312.104,-1463.372)      716.712  759.228  
45    -2727.44703 1336.87843 -5935.76039 -2089.18450 391.37274 -1264.17086     (-72.708,-825.014) (-1264.171,-4526.174) (-872.798,-1317.861)     -176.04353 -1526.53304 -526.49216 200.34605 -1182.82935 -1630.24763     (-376.390,-200.346) (-326.146,-982.483) (-1326.187,-1429.902)      649.303  700.999  
46    -2696.56549 1289.91192 -5892.99309 -2056.30073 378.89929 -1263.58382     (-26.328,-792.717) (-1263.584,-4576.753) (-884.685,-1380.325)     -145.16199 -1573.49955 -483.72486 233.22982 -1195.30280 -1629.66058     (-378.392,-233.230) (-250.495,-962.073) (-1340.270,-1396.431)      588.727  654.322  
47    -2665.68395 1242.94542 -5850.22579 -2023.41696 366.42584 -1262.99678     (-20.051,-780.472) (-1242.945,-876.520) (-4607.280,-1422.739)     -114.28045 -1620.46606 -440.95757 266.11359 -1207.77625 -1629.07354     (-380.394,-266.114) (-174.844,-941.663) (-1354.352,-1362.960)      537.302  607.658  
48    -2634.80241 1195.97891 -5807.45849 -1990.53318 353.95239 -1262.40973     (-66.431,-794.554) (-1195.979,-842.027) (-4611.480,-1438.824)     -83.39891 -1667.43257 -398.19027 298.99737 -1220.24970 -1628.48650     (-382.396,-298.997) (-99.193,-921.252) (-1368.435,-1329.489)      486.44  531.189  
49    -2603.92087 1149.01240 -5764.69119 -1957.64941 341.47894 -1261.82269     (-112.810,-808.637) (-1149.012,-807.533) (-4615.679,-1454.908)     -52.51737 -1714.39907 -355.42297 331.88114 -1232.72315 -1627.89945     (-384.399,-331.881) (-23.542,-900.842) (-1382.518,-1296.018)      418.537  429.851  
50    -2573.03933 1102.04589 -5721.92389 -1924.76563 329.00549 -1261.23564     (-159.190,-822.720) (-1102.046,-773.040) (-4619.878,-1470.993)     -21.63583 -1761.36558 -312.65567 364.76492 -1245.19660 -1627.31241     (-1210.438,-312.656) (-52.109,-932.541) (-1344.491,-334.291)      433.817  433.817  
51    -2542.15779 1055.07939 -5679.15659 -1891.88186 316.53204 -1260.64860     (-205.569,-836.802) (-1055.079,-738.547) (-4624.077,-1487.078)       9.24571 -1808.33209 -269.88837 397.64869 -1257.67005 -1626.72536     (-1101.316,-269.888) (-127.760,-987.782) (-1282.923,-260.643)      532.339  532.339     glitch
52    -2511.27625 1008.11288 -5636.38929 -1858.99809 304.05859 -1260.06156     (-251.949,-850.885) (-1008.113,-704.054) (-4628.276,-1503.163)      40.12725 -1855.29860 -227.12107 430.53246 -1270.14350 -1626.13832     (-992.194,-227.121) (-203.411,-1043.022) (-1221.355,-186.994)      654.174  654.174  
53    -2480.39471 961.14637 -5593.62199 -1826.11431 291.58514 -1259.47451     (-298.328,-864.968) (-961.146,-669.561) (-4632.476,-1519.248)      71.00879 -1902.26510 -184.35377 463.41624 -1282.61695 -1625.55128     (-883.073,-184.354) (-279.062,-1098.263) (-1159.786,-113.345)      683.433  683.433  
54    -2449.51317 914.17986 -5550.85469 -1793.23054 279.11169 -1258.88747     (-344.708,-879.051) (-914.180,-635.068) (-4636.675,-1535.333)     101.89033 -1949.23161 -141.58647 496.30001 -1295.09040 -1624.96423     (-773.951,-141.586) (-354.714,-1153.504) (-1098.218,-39.696)      754.766  754.766     glitch
55    -2418.63163 867.21336 -5508.08739 -1760.34676 266.63824 -1258.30043     (-391.087,-893.133) (-867.213,-600.575) (-4640.874,-1551.418)     132.77187 -1996.19812 -98.81917 529.18379 -1307.56385 -1624.37719     (-396.412,-64.866) (-630.876,-1174.792) (-1070.602,-33.953)      862.701  877.5     glitch
56    -2387.75009 820.24685 -5465.32009 -1727.46299 254.16479 -1257.71338     (-437.467,-907.216) (-820.247,-566.082) (-4645.073,-1567.503)     163.65341 -2043.16463 -56.05187 562.06756 -1320.03730 -1623.79015     (-449.964,-51.550) (-1031.133,-1104.834) (-396.556,-56.052)      967.866  1007.18  
57    -2356.86855 773.28034 -5422.55279 -1694.57922 241.69134 -1257.12634     (-483.846,-921.299) (-773.280,-531.589) (-4649.272,-1583.588)     194.53495 -2090.13113 -13.28457 594.95133 -1332.51075 -1623.20310     (-568.382,-167.966) (-926.798,-970.010) (-97.369,-13.285)      1143.13  1244.94     glitch
58    -2325.98701 726.31383 -5379.78549 -1661.69544 229.21790 -1256.53930     (-530.225,-935.382) (-726.314,-497.096) (-4653.472,-1599.673)     225.41649 -2137.09764  29.48273 627.83511 -1344.98420 -1622.61606     (-484.983,-620.644) (-82.564,-633.368) (-201.818,-172.335)      1442.68  1501.54     glitch
59    -2295.10547 679.34733 -5337.01819 -1628.81167 216.74445 -1255.95225     (-576.605,-949.464) (-679.347,-462.603) (-4657.671,-1615.758)     256.29803 -2184.06415  72.25003 660.71888 -1357.45764 -1622.02902     (-328.548,-116.915) (-100.207,-299.563) (-400.798,-204.007)      1782.19  1782.19  
60    -2264.22393 632.38082 -5294.25089 -1595.92789 204.27100 -1255.36521                            287.17957 -2231.03066 115.01733 693.60266 -1369.93109 -1621.44197     invalid  
61    -2233.34239 585.41431 -5251.48359 -1563.04412 191.79755 -1254.77817                            318.06111 -2277.99716 157.78463 726.48643 -1382.40454 -1620.85493     invalid  
62    -2202.46085 538.44780 -5208.71629 -1530.16035 179.32410 -1254.19112                            348.94265 -2324.96367 200.55193 759.37020 -1394.87799 -1620.26789     invalid  
63    -2171.57931 491.48130 -5165.94899 -1497.27657 166.85065 -1253.60408                            379.82419 -2371.93018 243.31923 792.25398 -1407.35144 -1619.68084     invalid  
64    -2140.69777 444.51479 -5123.18169 -1464.39280 154.37720 -1253.01704                            410.70573 -2418.89669 286.08653 825.13775 -1419.82489 -1619.09380     invalid  
65    -2109.81623 397.54828 -5080.41439 -1431.50902 141.90375 -1252.42999                            441.58727 -2465.86319 328.85383 858.02153 -1432.29834 -1618.50676     invalid  
66    -2078.93469 350.58177 -5037.64709 -1398.62525 129.43030 -1251.84295                            472.46881 -2512.82970 371.62113 890.90530 -1444.77179 -1617.91971     invalid  
67    -2048.05315 303.61527 -4994.87979 -1365.74148 116.95685 -1251.25591                            503.35035 -2559.79621 414.38843 923.78907 -1457.24524 -1617.33267     invalid  
68    -2017.17161 256.64876 -4952.11249 -1332.85770 104.48340 -1250.66886                            534.23189 -2606.76272 457.15573 956.67285 -1469.71869 -1616.74563     invalid  
69    -1986.29007 209.68225 -4909.34519 -1299.97393  92.00995 -1250.08182                            565.11343 -2653.72922 499.92303 989.55662 -1482.19214 -1616.15858     invalid  
70    -1955.40853 162.71574 -4866.57790 -1267.09015  79.53650 -1249.49478                            595.99497 -2700.69573 542.69033 1022.44039 -1494.66559 -1615.57154     invalid  
71    -1924.52699 115.74924 -4823.81060 -1234.20638  67.06305 -1248.90773                            626.87651 -2747.66224 585.45763 1055.32417 -1507.13904 -1614.98449     invalid  
72    -1893.64545  68.78273 -4781.04330 -1201.32261  54.58960 -1248.32069                            657.75805 -2794.62874 628.22493 1088.20794 -1519.61249 -1614.39745     invalid  
73    -1862.76391  21.81622 -4738.27600 -1168.43883  42.11615 -1247.73364                            688.63959 -2841.59525 670.99223 1121.09172 -1532.08594 -1613.81041     invalid  
74    -1831.88237 -25.15028 -4695.50870 -1135.55506  29.64270 -1247.14660                            719.52113 -2888.56176 713.75953 1153.97549 -1544.55939 -1613.22336     invalid  
75    -1801.00083 -72.11679 -4652.74140 -1102.67129  17.16925 -1246.55956                            750.40267 -2935.52827 756.52683 1186.85926 -1557.03284 -1612.63632     invalid  
76    -1770.11929 -119.08330 -4609.97410 -1069.78751   4.69580 -1245.97251                            781.28421 -2982.49477 799.29413 1219.74304 -1569.50629 -1612.04928     invalid  
77    -1739.23775 -166.04981 -4567.20680 -1036.90374  -7.77765 -1245.38547                            812.16575 -3029.46128 842.06142 1252.62681 -1581.97974 -1611.46223     invalid  
78    -1708.35621 -213.01631 -4524.43950 -1004.01996 -20.25110 -1244.79843                            843.04729 -3076.42779 884.82872 1285.51059 -1594.45319 -1610.87519     invalid  
79    -1677.47467 -259.98282 -4481.67220 -971.13619 -32.72455 -1244.21138                            873.92883 -3123.39430 927.59602 1318.39436 -1606.92664 -1610.28815     invalid  
80    -1646.59313 -306.94933 -4438.90490 -938.25242 -45.19800 -1243.62434                            904.81037 -3170.36080 970.36332 1351.27813 -1619.40009 -1609.70110     invalid  
81    -1615.71159 -353.91584 -4396.13760 -905.36864 -57.67145 -1243.03730                            935.69191 -3217.32731 1013.13062 1384.16191 -1631.87354 -1609.11406     invalid  
82    -1584.83005 -400.88234 -4353.37030 -872.48487 -70.14490 -1242.45025                            966.57344 -3264.29382 1055.89792 1417.04568 -1644.34699 -1608.52702     invalid  
83    -1553.94851 -447.84885 -4310.60300 -839.60109 -82.61835 -1241.86321                            997.45498 -3311.26033 1098.66522 1449.92946 -1656.82044 -1607.93997     invalid  
84    -1523.06697 -494.81536 -4267.83570 -806.71732 -95.09180 -1241.27617                            1028.33652 -3358.22683 1141.43252 1482.81323 -1669.29389 -1607.35293     invalid  
85    -1492.18543 -541.78187 -4225.06840 -773.83355 -107.56525 -1240.68912                            1059.21806 -3405.19334 1184.19982 1515.69700 -1681.76734 -1606.76589     invalid  
86    -1461.30389 -588.74837 -4182.30110 -740.94977 -120.03870 -1240.10208                            1090.09960 -3452.15985 1226.96712 1548.58078 -1694.24079 -1606.17884     invalid  
87    -1430.42235 -635.71488 -4139.53380 -708.06600 -132.51215 -1239.51504                            1120.98114 -3499.12636 1269.73442 1581.46455 -1706.71424 -1605.59180     invalid  
88    -1399.54081 -682.68139 -4096.76650 -675.18222 -144.98560 -1238.92799                            1151.86268 -3546.09286 1312.50172 1614.34833 -1719.18769 -1605.00476     invalid  
89    -1368.65927 -729.64790 -4053.99920 -642.29845 -157.45905 -1238.34095                            1182.74422 -3593.05937 1355.26902 1647.23210 -1731.66114 -1604.41771     invalid  
90    -1337.77773 -776.61440 -4011.23190 -609.41468 -169.93249 -1237.75391                            1213.62576 -3640.02588 1398.03632 1680.11587 -1744.13458 -1603.83067     invalid  
91    -1306.89619 -823.58091 -3968.46460 -576.53090 -182.40594 -1237.16686                            1244.50730 -3686.99239 1440.80362 1712.99965 -1756.60803 -1603.24363     invalid  
92    -1276.01465 -870.54742 -3925.69730 -543.64713 -194.87939 -1236.57982                            1275.38884 -3733.95889 1483.57092 1745.88342 -1769.08148 -1602.65658     invalid  
93    -1245.13311 -917.51393 -3882.93000 -510.76335 -207.35284 -1235.99277                            1306.27038 -3780.92540 1526.33822 1778.76720 -1781.55493 -1602.06954     invalid  
94    -1214.25157 -964.48043 -3840.16270 -477.87958 -219.82629 -1235.40573                            1337.15192 -3827.89191 1569.10552 1811.65097 -1794.02838 -1601.48249     invalid  
95    -1183.37003 -1011.44694 -3797.39540 -444.99581 -232.29974 -1234.81869                            1368.03346 -3874.85842 1611.87282 1844.53474 -1806.50183 -1600.89545     invalid  
96    -1152.48849 -1058.41345 -3754.62810 -412.11203 -244.77319 -1234.23164                            1398.91500 -3921.82492 1654.64012 1877.41852 -1818.97528 -1600.30841     invalid  
97    -1121.60695 -1105.37996 -3711.86080 -379.22826 -257.24664 -1233.64460                            1429.79654 -3968.79143 1697.40742 1910.30229 -1831.44873 -1599.72136     invalid  
98    -1090.72541 -1152.34646 -3669.09350 -346.34448 -269.72009 -1233.05756                            1460.67808 -4015.75794 1740.17472 1943.18607 -1843.92218 -1599.13432     invalid  
99    -1059.84387 -1199.31297 -3626.32621 -313.46071 -282.19354 -1232.47051                            1491.55962 -4062.72444 1782.94202 1976.06984 -1856.39563 -1598.54728     invalid  
