PointDistanceFollower   Jun 17 2018   mode =  LINE3 
LINE3_RAND%_.74_0.txt      Output is S6 probe cell, C3 reduced cell,  S6Dist CS6Dist  distance between 
Compute times (msec)     S6Dist   50   CS6Dist  2
PointDistanceFollower  Jun 17 2018  mode = LINE3
LINE3_RAND%_.74_0.txt     Output is S6 probe cell, C3 reduced cell, S6Dist CS6Dist distance between
0     22.30143 -1704.50232 -728.95492 -273.41926 -58.23267 -1752.20865     (-22.301,-295.721) (-1682.201,-706.653) (-35.931,-1729.907)     1912.06799 -3097.54485 -2417.65136 1272.62225 -2734.43744 -2780.34210     (-1912.068,-639.446) (-1185.477,-505.583) (-822.369,-868.274)      1128.31  1143.11  
1     -1.22462 -1685.79735 -717.16348 -283.02368 -53.86752 -1745.13358     (-1.225,-283.024) (-1685.797,-53.868) (-717.163,-1745.134)     1888.54194 -3078.83988 -2405.85992 1263.01784 -2730.07229 -2773.26703     (-1888.542,-625.524) (-1190.298,-517.318) (-841.530,-884.725)      1131.07  1146.37  
2    -24.75068 -1667.09238 -705.37204 -292.62809 -49.50237 -1738.05851     (-24.751,-292.628) (-1667.092,-49.502) (-705.372,-1738.059)     1865.01588 -3060.13491 -2394.06848 1253.41342 -2725.70714 -2766.19196     (-1865.016,-611.602) (-1195.119,-529.053) (-860.691,-901.176)      1135.18  1151  
3    -48.27673 -1648.38741 -693.58060 -302.23251 -45.13722 -1730.98345     (-48.277,-302.233) (-1648.387,-45.137) (-693.581,-1730.983)     1841.48983 -3041.42994 -2382.27704 1243.80900 -2721.34199 -2759.11690     (-1841.490,-597.681) (-1199.940,-540.787) (-879.852,-917.627)      1140.63  1157  
4    -71.80279 -1629.68244 -681.78916 -311.83693 -40.77207 -1723.90838     (-71.803,-311.837) (-1629.682,-40.772) (-681.789,-1723.908)     1817.96378 -3022.72497 -2370.48560 1234.20459 -2716.97685 -2752.04183     (-1817.964,-583.759) (-1204.761,-552.522) (-899.013,-934.078)      1147.4  1164.33  
5    -95.32884 -1610.97747 -669.99772 -321.44134 -36.40692 -1716.83331     (-95.329,-321.441) (-1610.977,-36.407) (-669.998,-1716.833)     1794.43772 -3004.02000 -2358.69415 1224.60017 -2712.61170 -2744.96676     (-1794.438,-569.838) (-1209.582,-564.256) (-918.174,-950.529)      1155.48  1172.98  
6    -118.85490 -1592.27250 -658.20628 -331.04576 -32.04177 -1709.75825     (-118.855,-331.046) (-1592.272,-32.042) (-658.206,-1709.758)     1770.91167 -2985.31503 -2346.90271 1214.99575 -2708.24655 -2737.89170     (-1770.912,-555.916) (-1214.403,-575.991) (-937.335,-966.980)      1164.82  1182.91  
7    -142.38095 -1573.56753 -646.41484 -340.65018 -27.67663 -1702.68318     (-142.381,-340.650) (-1573.568,-27.677) (-646.415,-1702.683)     1747.38561 -2966.61006 -2335.11127 1205.39134 -2703.88140 -2730.81663     (-1747.386,-541.994) (-1219.224,-587.726) (-956.496,-983.431)      1175.41  1194.1  
8    -165.90701 -1554.86256 -634.62340 -350.25459 -23.31148 -1695.60811     (-165.907,-350.255) (-1554.863,-23.311) (-634.623,-1695.608)     1723.85956 -2947.90508 -2323.31983 1195.78692 -2699.51625 -2723.74157     (-1723.860,-528.073) (-1224.046,-599.460) (-975.657,-999.882)      1187.2  1206.49  
9    -189.43306 -1536.15759 -622.83196 -359.85901 -18.94633 -1688.53305     (-189.433,-359.859) (-1536.158,-18.946) (-622.832,-1688.533)     1700.33350 -2929.20011 -2311.52839 1186.18250 -2695.15110 -2716.66650     (-1700.334,-514.151) (-1228.867,-611.195) (-994.818,-1016.333)      1200.17  1220.06  
10    -212.95912 -1517.45261 -611.04052 -369.46342 -14.58118 -1681.45798     (-212.959,-369.463) (-1517.453,-14.581) (-611.041,-1681.458)     1676.80745 -2910.49514 -2299.73695 1176.57809 -2690.78595 -2709.59143     (-1676.807,-500.229) (-1233.688,-622.930) (-1013.979,-1032.784)      1214.27  1234.77  
11    -236.48517 -1498.74764 -599.24908 -379.06784 -10.21603 -1674.38291     (-236.485,-379.068) (-1498.748,-10.216) (-599.249,-1674.383)     1653.28139 -2891.79017 -2287.94551 1166.97367 -2686.42081 -2702.51637     (-1653.281,-486.308) (-1238.509,-634.664) (-1033.139,-1049.235)      1229.47  1250.58  
12    -260.01123 -1480.04267 -587.45764 -388.67226  -5.85088 -1667.30785     (-260.011,-388.672) (-1480.043,-5.851) (-587.458,-1667.308)     1629.75534 -2873.08520 -2276.15407 1157.36925 -2682.05566 -2695.44130     (-1629.755,-472.386) (-1243.330,-646.399) (-1052.300,-1065.686)      1245.73  1267.43  
13    -283.53728 -1461.33770 -575.66620 -398.27667  -1.48573 -1660.23278     (-283.537,-398.277) (-1461.338,-1.486) (-575.666,-1660.233)     1606.22928 -2854.38023 -2264.36263 1147.76484 -2677.69051 -2688.36623     (-1606.229,-458.464) (-1248.151,-658.133) (-1071.461,-1082.137)      1263  1285.3  
14    -307.06334 -1442.63273 -563.87475 -407.88109   2.87941 -1653.15771     (-560.995,-405.002) (-1445.512,-2.879) (-304.184,-1650.278)     1582.70323 -2835.67526 -2252.57119 1138.16042 -2673.32536 -2681.29117     (-1582.703,-444.543) (-1252.972,-669.868) (-1090.622,-1098.588)      1281.24  1304.14  
15    -330.58939 -1423.92776 -552.08331 -417.48551   7.24456 -1646.08265     (-544.839,-410.241) (-1431.172,-7.245) (-323.345,-1638.838)     1559.17717 -2816.97029 -2240.77975 1128.55600 -2668.96021 -2674.21610     (-1559.177,-430.621) (-1257.793,-681.603) (-1109.783,-1115.039)      1300.42  1323.9  
16    -354.11545 -1405.22279 -540.29187 -427.08992  11.60971 -1639.00758     (-528.682,-415.480) (-1416.833,-11.610) (-342.506,-1627.398)     1535.65112 -2798.26532 -2228.98831 1118.95159 -2664.59506 -2667.14103     (-1535.651,-416.700) (-1262.614,-693.337) (-1128.944,-1131.490)      1320.49  1344.54  
17    -377.64150 -1386.51782 -528.50043 -436.69434  15.97486 -1631.93252     (-512.526,-420.719) (-1402.493,-15.975) (-361.667,-1615.958)     1512.12506 -2779.56035 -2217.19687 1109.34717 -2660.22991 -2660.06597     (-1512.125,-402.778) (-1267.435,-705.072) (-1148.105,-1147.941)      1341.41  1366.03  
18    -401.16756 -1367.81285 -516.70899 -446.29876  20.34001 -1624.85745     (-496.369,-425.959) (-1388.153,-20.340) (-380.828,-1604.517)     1488.59901 -2760.85538 -2205.40543 1099.74276 -2655.86477 -2652.99090     (-1488.599,-388.856) (-1272.256,-716.806) (-1167.266,-1164.392)      1363.15  1388.32  
19    -424.69361 -1349.10788 -504.91755 -455.90317  24.70516 -1617.78238     (-480.212,-431.198) (-1373.813,-24.705) (-399.988,-1593.077)     1465.07295 -2742.15041 -2193.61399 1090.13834 -2651.49962 -2645.91583     (-1465.073,-374.935) (-1277.077,-728.541) (-1186.427,-1180.843)      1385.66  1411.37  
20    -448.21967 -1330.40291 -493.12611 -465.50759  29.07031 -1610.70732     (-464.056,-436.437) (-1359.473,-29.070) (-419.149,-1581.637)     1441.54690 -2723.44544 -2181.82255 1080.53392 -2647.13447 -2638.84077     (-1441.547,-361.013) (-1281.899,-740.276) (-1205.588,-1197.294)      1408.91  1435.14  
21    -471.74572 -1311.69794 -481.33467 -475.11201  33.43545 -1603.63225     (-447.899,-441.677) (-1345.133,-33.435) (-438.310,-1570.197)     1418.02084 -2704.74047 -2170.03111 1070.92951 -2642.76932 -2631.76570     (-1418.021,-347.091) (-1286.720,-752.010) (-1224.748,-1213.745)      1432.86  1459.61  
22    -495.27178 -1292.99297 -469.54323 -484.71642  37.80060 -1596.55718     (-431.743,-446.916) (-1330.794,-37.801) (-457.471,-1558.757)     1394.49479 -2686.03550 -2158.23967 1061.32509 -2638.40417 -2624.69063     (-1394.495,-333.170) (-1291.541,-763.745) (-1243.909,-1230.196)      1457.48  1484.73  
23    -518.79783 -1274.28800 -457.75179 -494.32084  42.16575 -1589.48212     (-415.586,-452.155) (-1316.454,-42.166) (-476.632,-1547.316)     1370.96873 -2667.33053 -2146.44822 1051.72067 -2634.03902 -2617.61557     (-1370.969,-319.248) (-1296.362,-775.479) (-1263.070,-1246.647)      1482.73  1498.31  
24    -542.32389 -1255.58303 -445.96035 -503.92526  46.53090 -1582.40705     (-399.429,-457.394) (-1302.114,-46.531) (-495.793,-1535.876)     1347.44268 -2648.62556 -2134.65678 1042.11626 -2629.67387 -2610.54050     (-1347.443,-305.326) (-1301.183,-787.214) (-1282.231,-1263.098)      1508.59  1511.46  
25    -565.84994 -1236.87806 -434.16891 -513.52967  50.89605 -1575.33198     (-383.273,-462.634) (-1287.774,-50.896) (-514.954,-1524.436)     1323.91662 -2629.92059 -2122.86534 1032.51184 -2625.30873 -2603.46544     (-1323.917,-291.405) (-1306.004,-798.949) (-1301.392,-1279.549)      1525.51  1525.51  
26    -589.37600 -1218.17309 -422.37747 -523.13409  55.26120 -1568.25692     (-367.116,-467.873) (-1273.434,-55.261) (-534.115,-1512.996)     1300.39057 -2611.21561 -2111.07390 1022.90742 -2620.94358 -2596.39037     (-1300.391,-277.483) (-1310.825,-810.683) (-1320.553,-1296.000)      1525.93  1525.93  
27    -612.90205 -1199.46812 -410.58603 -532.73851  59.62635 -1561.18185     (-350.960,-473.112) (-1259.094,-59.626) (-553.276,-1501.556)     1276.86451 -2592.51064 -2099.28246 1013.30301 -2616.57843 -2589.31530     (-1276.865,-263.562) (-1315.646,-822.418) (-1339.714,-1312.451)      1515.03  1515.03  
28    -636.42810 -1180.76314 -398.79459 -542.34292  63.99149 -1554.10678     (-334.803,-478.351) (-1244.755,-63.991) (-572.437,-1490.115)     1253.33846 -2573.80567 -2087.49102 1003.69859 -2612.21328 -2582.24024     (-1253.338,-249.640) (-1320.467,-834.153) (-1358.875,-1328.902)      1505.07  1505.07  
29    -659.95416 -1162.05817 -387.00315 -551.94734  68.35664 -1547.03172     (-318.647,-483.591) (-1230.415,-68.357) (-591.598,-1478.675)     1229.81240 -2555.10070 -2075.69958 994.09417 -2607.84813 -2575.16517     (-1229.812,-235.718) (-1325.288,-845.887) (-1378.036,-1345.353)      1496.09  1496.09  
30    -683.48021 -1143.35320 -375.21171 -561.55175  72.72179 -1539.95665     (-302.490,-488.830) (-1216.075,-72.722) (-610.758,-1467.235)     1206.28635 -2536.39573 -2063.90814 984.48976 -2603.48298 -2568.09010     (-1206.286,-221.797) (-1330.109,-857.622) (-1397.197,-1361.804)      1488.08  1488.08  
31    -707.00627 -1124.64823 -363.42027 -571.15617  77.08694 -1532.88159     (-286.333,-494.069) (-1201.735,-77.087) (-629.919,-1455.795)     1182.76029 -2517.69076 -2052.11670 974.88534 -2599.11783 -2561.01504     (-1182.760,-207.875) (-1334.930,-869.356) (-1416.358,-1378.255)      1481.08  1481.08  
32    -730.53232 -1105.94326 -351.62882 -580.76059  81.45209 -1525.80652     (-270.177,-499.308) (-1187.395,-81.452) (-649.080,-1444.354)     1159.23424 -2498.98579 -2040.32526 965.28092 -2594.75269 -2553.93997     (-1159.234,-193.953) (-1339.752,-881.091) (-1435.518,-1394.706)      1475.09  1475.09  
33    -754.05838 -1087.23829 -339.83738 -590.36500  85.81724 -1518.73145     (-254.020,-504.548) (-1173.056,-85.817) (-668.241,-1432.914)     1135.70818 -2480.28082 -2028.53382 955.67651 -2590.38754 -2546.86490     (-1135.708,-180.032) (-1344.573,-892.826) (-1454.679,-1411.157)      1470.14  1470.14  
34    -777.58443 -1068.53332 -328.04594 -599.96942  90.18239 -1511.65639     (-237.864,-509.787) (-1158.716,-90.182) (-687.402,-1421.474)     1112.18213 -2461.57585 -2016.74238 946.07209 -2586.02239 -2539.78984     (-1112.182,-166.110) (-1349.394,-904.560) (-1473.840,-1427.608)      1466.21  1466.21  
35    -801.11049 -1049.82835 -316.25450 -609.57384  94.54753 -1504.58132     (-221.707,-515.026) (-1144.376,-94.548) (-706.563,-1410.034)     1088.65607 -2442.87088 -2004.95094 936.46767 -2581.65724 -2532.71477     (-1088.656,-152.188) (-1354.215,-916.295) (-1493.001,-1444.059)      1463.34  1463.34  
36    -824.63654 -1031.12338 -304.46306 -619.17825  98.91268 -1497.50625     (-205.550,-520.266) (-1130.036,-98.913) (-725.724,-1398.594)     1065.13002 -2424.16591 -1993.15950 926.86326 -2577.29209 -2525.63970     (-1065.130,-138.267) (-1359.036,-928.029) (-1512.162,-1460.510)      1460.74  1461.52  
37    -848.16260 -1012.41841 -292.67162 -628.78267 103.27783 -1490.43119     (-189.394,-525.505) (-1115.696,-103.278) (-744.885,-1387.153)     1041.60396 -2405.46094 -1981.36806 917.25884 -2572.92694 -2518.56464     (-1041.604,-124.345) (-1363.857,-939.764) (-1531.323,-1476.961)      1459.08  1460.75  
38    -871.68865 -993.71344 -280.88018 -638.38709 107.64298 -1483.35612     (-173.237,-530.744) (-1101.356,-107.643) (-764.046,-1375.713)     1018.07791 -2386.75597 -1969.57662 907.65443 -2568.56179 -2511.48957     (-1018.078,-110.423) (-1368.678,-951.499) (-1550.484,-1493.412)      1458.48  1461.05  
39    -895.21471 -975.00847 -269.08874 -647.99150 112.00813 -1476.28105     (-157.081,-535.983) (-1087.017,-112.008) (-783.207,-1364.273)     994.55185 -2368.05100 -1957.78518 898.05001 -2564.19665 -2504.41451     (-994.552,-96.502) (-1373.499,-963.233) (-1569.645,-1509.863)      1458.94  1462.4  
40    -918.74076 -956.30350 -257.29730 -657.59592 116.37328 -1469.20599     (-140.924,-541.223) (-1072.677,-116.373) (-802.367,-1352.833)     971.02580 -2349.34603 -1945.99373 888.44559 -2559.83150 -2497.33944     (-971.026,-82.580) (-1378.320,-974.968) (-1588.806,-1526.314)      1460.45  1464.8  
41    -942.26682 -937.59853 -245.50586 -667.20034 120.73842 -1462.13092     (-124.767,-546.462) (-1058.337,-120.738) (-821.528,-1341.392)     947.49974 -2330.64106 -1934.20229 878.84118 -2555.46635 -2490.26437     (-947.500,-68.659) (-1383.141,-986.703) (-1607.967,-1542.765)      1463.03  1468.25  
42    -965.79287 -918.89356 -233.71442 -676.80475 125.10357 -1455.05585     (-108.611,-551.701) (-1043.997,-125.104) (-840.689,-1329.952)     923.97369 -2311.93609 -1922.41085 869.23676 -2551.10120 -2483.18931     (-923.974,-54.737) (-1387.962,-998.437) (-1627.128,-1559.216)      1466.65  1472.75  
43    -989.31893 -900.18859 -221.92298 -686.40917 129.46872 -1447.98079     (-92.454,-556.940) (-1029.657,-129.469) (-859.850,-1318.512)     900.44763 -2293.23112 -1910.61941 859.63234 -2546.73605 -2476.11424     (-900.448,-40.815) (-1392.783,-1010.172) (-1646.288,-1575.667)      1471.31  1478.28  
44    -1012.84498 -881.48362 -210.13154 -696.01359 133.83387 -1440.90572     (-76.298,-562.180) (-1015.317,-133.834) (-879.011,-1307.072)     876.92158 -2274.52614 -1898.82797 850.02793 -2542.37090 -2469.03917     (-876.922,-26.894) (-1397.605,-1021.906) (-1665.449,-1592.118)      1477.01  1484.83  
45    -1036.37104 -862.77865 -198.34010 -705.61800 138.19902 -1433.83065     (-60.141,-567.419) (-1000.978,-138.199) (-898.172,-1295.632)     853.39552 -2255.82117 -1887.03653 840.42351 -2538.00575 -2461.96411     (-853.396,-12.972) (-1402.426,-1033.641) (-1684.610,-1608.569)      1483.73  1492.39  
46    -1059.89709 -844.07367 -186.54866 -715.22242 142.56417 -1426.75559     (-43.984,-572.658) (-986.638,-142.564) (-917.333,-1284.191)     829.86947 -2237.11620 -1875.24509 830.81909 -2533.64061 -2454.88904     (-0.950,-830.819) (-1044.426,-1702.822) (-1406.297,-1624.070)      1490.76  1490.76  
47    -1083.42315 -825.36870 -174.75722 -724.82683 146.92932 -1419.68052     (-27.828,-577.898) (-972.298,-146.929) (-936.494,-1272.751)     806.34341 -2218.41123 -1863.45365 821.21468 -2529.27546 -2447.81397     (-14.871,-821.215) (-1042.239,-1708.061) (-1397.197,-1626.599)      1486.68  1486.68  
48    -1106.94920 -806.66373 -162.96578 -734.43125 151.29446 -1412.60546     (-11.671,-583.137) (-957.958,-151.294) (-955.655,-1261.311)     782.81736 -2199.70626 -1851.66221 811.61026 -2524.91031 -2440.73891     (-28.793,-811.610) (-1040.052,-1713.300) (-1388.096,-1629.129)      1473.08  1473.08  
49    -1130.47526 -787.95876 -151.17433 -744.03567 155.65961 -1405.53039     (-4.485,-592.861) (-939.133,-970.330) (-151.174,-1245.385)     759.29130 -2181.00129 -1839.87077 802.00584 -2520.54516 -2433.66384     (-42.715,-802.006) (-1037.865,-1718.539) (-1378.995,-1631.658)      1459.64  1459.64  
50    -1154.00131 -769.25379 -139.38289 -753.64008 160.02476 -1398.45532     (-20.642,-614.257) (-908.637,-973.335) (-139.383,-1217.789)     735.76525 -2162.29632 -1828.07933 792.40143 -2516.18001 -2426.58877     (-56.636,-792.401) (-1035.678,-1723.779) (-1369.895,-1634.187)      1446.35  1446.35  
51    -1177.52737 -750.54882 -127.59145 -763.24450 164.38991 -1391.38026     (-36.798,-635.653) (-878.140,-976.339) (-127.591,-1190.192)     712.23919 -2143.59135 -1816.28789 782.79701 -2511.81486 -2419.51371     (-70.558,-782.797) (-1033.491,-1729.018) (-1360.794,-1636.717)      1433.23  1433.23  
52    -1201.05342 -731.84385 -115.80001 -772.84892 168.75506 -1384.30519     (-52.955,-657.049) (-847.644,-979.343) (-115.800,-1162.595)     688.71314 -2124.88638 -1804.49645 773.19259 -2507.44972 -2412.43864     (-84.479,-773.193) (-1031.304,-1734.257) (-1351.694,-1639.246)      1420.27  1420.27  
53    -1224.57948 -713.13888 -104.00857 -782.45333 173.12021 -1377.23012     (-69.112,-678.445) (-817.147,-982.348) (-104.009,-1134.998)     665.18708 -2106.18141 -1792.70501 763.58818 -2503.08457 -2405.36357     (-98.401,-763.588) (-1029.117,-1739.496) (-1342.593,-1641.775)      1407.48  1407.48  
54    -1248.10553 -694.43391 -92.21713 -792.05775 177.48536 -1370.15506     (-85.268,-699.841) (-786.651,-985.352) (-92.217,-1107.401)     641.66103 -2087.47644 -1780.91357 753.98376 -2498.71942 -2398.28851     (-112.323,-753.984) (-1026.930,-1744.736) (-1333.493,-1644.305)      1394.87  1394.87  
55    -1271.63159 -675.72894 -80.42569 -801.66217 181.85050 -1363.07999     (-101.425,-721.236) (-756.155,-988.356) (-80.426,-1079.805)     618.13497 -2068.77147 -1769.12213 744.37935 -2494.35427 -2391.21344     (-126.244,-744.379) (-1024.743,-1749.975) (-1324.392,-1646.834)      1382.43  1382.43  
56    -1295.15764 -657.02397 -68.63425 -811.26658 186.21565 -1356.00492     (-117.581,-742.632) (-725.658,-991.361) (-68.634,-1052.208)     594.60892 -2050.06650 -1757.33069 734.77493 -2489.98912 -2384.13838     (-140.166,-734.775) (-1022.556,-1755.214) (-1315.292,-1649.363)      1370.18  1370.18  
57    -1318.68370 -638.31900 -56.84281 -820.87100 190.58080 -1348.92986     (-133.738,-764.028) (-695.162,-994.365) (-56.843,-1024.611)     571.08286 -2031.36153 -1745.53924 725.17051 -2485.62397 -2377.06331     (-154.088,-725.171) (-1020.369,-1760.453) (-1306.191,-1651.893)      1358.12  1358.12  
58    -1342.20975 -619.61403 -45.05137 -830.47542 194.94595 -1341.85479     (-149.895,-785.424) (-664.665,-997.369) (-45.051,-997.014)     547.55681 -2012.65656 -1733.74780 715.56610 -2481.25882 -2369.98824     (-168.009,-715.566) (-1018.182,-1765.693) (-1297.090,-1654.422)      1346.26  1346.26  
59    -1365.73581 -600.90906 -33.25993 -840.07983 199.31110 -1334.77972     (-166.051,-806.820) (-634.169,-1000.374) (-33.260,-969.417)     524.03075 -1993.95159 -1721.95636 705.96168 -2476.89368 -2362.91318     (-181.931,-705.962) (-1015.995,-1770.932) (-1287.990,-1656.951)      1334.59  1334.59  
60    -1389.26186 -582.20409 -21.46849 -849.68425 203.67625 -1327.70466     (-182.208,-828.216) (-603.673,-1003.378) (-21.468,-941.821)     500.50470 -1975.24662 -1710.16492 696.35726 -2472.52853 -2355.83811     (-195.853,-696.357) (-1013.808,-1776.171) (-1278.889,-1659.481)      1323.13  1323.13  
61    -1412.78792 -563.49912  -9.67705 -859.28867 208.04140 -1320.62959     (-198.364,-849.612) (-573.176,-1006.382) (-9.677,-914.224)     476.97864 -1956.54165 -1698.37348 686.75285 -2468.16338 -2348.76304     (-209.774,-686.753) (-1011.621,-1781.411) (-1269.789,-1662.010)      1311.88  1311.88  
62    -1436.31397 -544.79415   2.11439 -868.89308 212.40654 -1313.55452     (-212.407,-540.565) (-868.893,-1007.272) (-2.114,-888.741)     453.45259 -1937.83667 -1686.58204 677.14843 -2463.79823 -2341.68798     (-223.696,-677.148) (-1009.434,-1786.650) (-1260.688,-1664.540)      1300.85  1300.85  
63    -1459.84003 -526.08918  13.90583 -878.49750 216.77169 -1306.47946     (-216.772,-498.278) (-878.497,-998.485) (-13.906,-872.936)     429.92653 -1919.13170 -1674.79060 667.54401 -2459.43308 -2334.61291     (-237.617,-667.544) (-1007.247,-1791.889) (-1251.588,-1667.069)      1290.04  1290.04  
64    -1483.36608 -507.38420  25.69727 -888.10192 221.13684 -1299.40439     (-221.137,-455.990) (-888.102,-989.698) (-25.697,-857.131)     406.40048 -1900.42673 -1662.99916 657.93960 -2455.06793 -2327.53784     (-251.539,-657.940) (-1005.060,-1797.128) (-1242.487,-1669.598)      1279.45  1279.45  
65    -1506.89214 -488.67923  37.48871 -897.70633 225.50199 -1292.32933     (-225.502,-413.702) (-897.706,-980.911) (-37.489,-841.325)     382.87442 -1881.72176 -1651.20772 648.33518 -2450.70278 -2320.46278     (-265.461,-648.335) (-1002.873,-1802.368) (-1233.387,-1672.128)      1269.1  1269.1  
66    -1530.41819 -469.97426  49.28015 -907.31075 229.86714 -1285.25426     (-229.867,-371.414) (-907.311,-972.124) (-49.280,-825.520)     359.34837 -1863.01679 -1639.41628 638.73076 -2446.33764 -2313.38771     (-279.382,-638.731) (-1000.686,-1807.607) (-1224.286,-1674.657)      1258.98  1258.98  
67    -1553.94425 -451.26929  61.07160 -916.91516 234.23229 -1278.17919     (-234.232,-329.126) (-916.915,-963.336) (-61.072,-809.715)     335.82231 -1844.31182 -1627.62484 629.12635 -2441.97249 -2306.31264     (-293.304,-629.126) (-998.498,-1812.846) (-1215.185,-1677.186)      1249.11  1249.11  
68    -1577.47030 -432.56432  72.86304 -926.51958 238.59744 -1271.10413     (-238.597,-286.838) (-926.520,-954.549) (-72.863,-793.909)     312.29626 -1825.60685 -1615.83340 619.52193 -2437.60734 -2299.23758     (-307.226,-619.522) (-996.311,-1818.085) (-1206.085,-1679.716)      1239.5  1239.5  
69    -1600.99636 -413.85935  84.65448 -936.12400 242.96258 -1264.02906     (-242.963,-244.550) (-936.124,-945.762) (-84.654,-778.104)     288.77020 -1806.90188 -1604.04196 609.91751 -2433.24219 -2292.16251     (-321.147,-609.918) (-994.124,-1823.325) (-1196.984,-1682.245)      1230.13  1230.13  
70    -1624.52241 -395.15438  96.44592 -945.72841 247.32773 -1256.95399     (-247.328,-202.263) (-945.728,-936.975) (-96.446,-762.299)     265.24415 -1788.19691 -1592.25052 600.31310 -2428.87704 -2285.08745     (-335.069,-600.313) (-991.937,-1828.564) (-1187.884,-1684.774)      1221.03  1221.03  
71    -1648.04847 -376.44941 108.23736 -955.33283 251.69288 -1249.87893     (-251.693,-159.975) (-955.333,-928.188) (-108.237,-746.493)     241.71809 -1769.49194 -1580.45908 590.70868 -2424.51189 -2278.01238     (-348.991,-590.709) (-989.750,-1833.803) (-1178.783,-1687.304)      1212.2  1212.2  
72    -1671.57452 -357.74444 120.02880 -964.93725 256.05803 -1242.80386     (-256.058,-117.687) (-964.937,-919.401) (-120.029,-730.688)     218.19204 -1750.78697 -1568.66764 581.10426 -2420.14674 -2270.93731     (-362.912,-581.104) (-987.563,-1839.042) (-1169.683,-1689.833)      1203.64  1203.64  
73    -1695.10058 -339.03947 131.82024 -974.54166 260.42318 -1235.72879     (-260.423,-75.399) (-974.542,-910.614) (-131.820,-714.882)     194.66598 -1732.08200 -1556.87620 571.49985 -2415.78160 -2263.86225     (-376.834,-571.500) (-985.376,-1844.282) (-1160.582,-1692.362)      1195.36  1195.36  
74    -1718.62663 -320.33450 143.61168 -984.14608 264.78833 -1228.65373     (-264.788,-33.111) (-984.146,-901.827) (-143.612,-699.077)     171.13993 -1713.37703 -1545.08476 561.89543 -2411.41645 -2256.78718     (-390.756,-561.895) (-983.189,-1849.521) (-1151.482,-1694.892)      1187.36  1187.36  
75    -1742.15269 -301.62953 155.40312 -993.75050 269.15348 -1221.57866     (-278.330,-9.177) (-146.226,-883.863) (-984.574,-674.095)     147.61387 -1694.67206 -1533.29331 552.29102 -2407.05130 -2249.71211     (-404.677,-552.291) (-981.002,-1854.760) (-1142.381,-1697.421)      1179.66  1179.66  
76    -1765.67874 -282.92456 167.19456 -1003.35491 273.51862 -1214.50359     (-324.983,-51.465) (-115.730,-832.788) (-951.890,-616.002)     124.08782 -1675.96709 -1521.50187 542.68660 -2402.68615 -2242.63705     (-418.599,-542.687) (-978.815,-1860.000) (-1133.280,-1699.950)      1172.25  1172.25  
77    -1789.20480 -264.21959 178.98600 -1012.95933 277.88377 -1207.42853     (-371.636,-93.752) (-85.234,-781.713) (-919.207,-557.909)     100.56176 -1657.26212 -1509.71043 533.08218 -2398.32100 -2235.56198     (-432.520,-533.082) (-976.628,-1865.239) (-1124.180,-1702.480)      1165.15  1165.15  
78    -1812.73085 -245.51462 190.77744 -1022.56375 282.24892 -1200.35346     (-418.289,-136.040) (-54.737,-730.638) (-886.523,-499.815)      77.03571 -1638.55715 -1497.91899 523.47777 -2393.95585 -2228.48691     (-446.442,-523.478) (-974.441,-1870.478) (-1115.079,-1705.009)      1158.36  1158.36  
79    -1836.25691 -226.80965 202.56888 -1032.16816 286.61407 -1193.27840     (-464.942,-178.328) (-24.241,-679.563) (-853.840,-441.722)      53.50966 -1619.85218 -1486.12755 513.87335 -2389.59070 -2221.41185     (-460.364,-513.873) (-972.254,-1875.717) (-1105.979,-1707.538)      1151.87  1151.87  
80    -1859.78296 -208.10468 214.36032 -1041.77258 290.97922 -1186.20333     (-377.373,-214.360) (-6.256,-634.744) (-814.901,-505.340)      29.98360 -1601.14720 -1474.33611 504.26893 -2385.22556 -2214.33678     (-474.285,-504.269) (-970.067,-1880.957) (-1096.878,-1710.068)      1145.71  1145.71  
81    -1883.30902 -189.39971 226.15176 -1051.37700 295.34437 -1179.12826     (-288.784,-226.152) (-36.752,-614.165) (-751.721,-521.496)       6.45755 -1582.44223 -1462.54467 494.66452 -2380.86041 -2207.26171     (-488.207,-494.665) (-967.880,-1886.196) (-1087.778,-1712.597)      1139.87  1139.87  
82    -1906.83507 -170.69473 237.94320 -1060.98141 299.70952 -1172.05320     (-200.194,-237.943) (-67.248,-593.586) (-688.541,-537.653)     -17.06851 -1563.73726 -1450.75323 485.06010 -2376.49526 -2200.18665     (-502.129,-485.060) (-965.693,-1891.435) (-1078.677,-1715.127)      1134.37  1134.37  
83    -1930.36113 -151.98976 249.73464 -1070.58583 304.07466 -1164.97813     (-111.604,-249.735) (-97.745,-573.008) (-625.361,-553.809)     -40.59456 -1545.03229 -1438.96179 475.45568 -2372.13011 -2193.11158     (-516.050,-475.456) (-963.506,-1896.674) (-1069.577,-1717.656)      1129.19  1129.19  
84    -1953.88718 -133.28479 261.52609 -1080.19025 308.43981 -1157.90306     (-23.015,-261.526) (-128.241,-552.429) (-562.182,-569.966)     -64.12062 -1526.32732 -1427.17035 465.85127 -2367.76496 -2186.03651     (-529.972,-465.851) (-961.319,-1901.914) (-1060.476,-1720.185)      1124.35  1124.35  
85    -1977.41324 -114.57982 273.31753 -1089.79466 312.80496 -1150.82800     (-65.575,-338.892) (-93.163,-433.427) (-466.276,-520.548)     -87.64667 -1507.62235 -1415.37891 456.24685 -2363.39981 -2178.96145     (-543.894,-456.247) (-959.132,-1907.153) (-1051.376,-1722.715)      1119.86  1119.86  
86    -2000.93929 -95.87485 285.10897 -1099.39908 317.17011 -1143.75293     (-154.164,-439.273) (-35.070,-281.657) (-357.108,-448.115)     -111.17273 -1488.91738 -1403.58747 446.64243 -2359.03466 -2171.88638     (-557.815,-446.642) (-956.945,-1912.392) (-1042.275,-1725.244)      1115.72  1115.72  
87    -2024.46535 -77.16988 296.90041 -1109.00349 321.53526 -1136.67786     (-352.658,-516.631) (-23.024,-152.912) (-224.916,-219.731)     -134.69878 -1470.21241 -1391.79603 437.03802 -2354.66952 -2164.81132     (-571.737,-437.038) (-954.758,-1917.631) (-1033.174,-1727.773)      1111.92  1111.92  
88    -2047.99140 -58.46491 308.69185 -1118.60791 325.90041 -1129.60280     (-222.132,-558.919) (-81.117,-59.235) (-57.655,-250.227)     -158.22484 -1451.50744 -1380.00459 427.43360 -2350.30437 -2157.73625     (-585.658,-427.434) (-952.571,-1922.871) (-1024.074,-1730.303)      1108.48  1108.48  
89    -2071.51746 -39.75994 320.48329 -1128.21233 330.26556 -1122.52773                            -181.75089 -1432.80247 -1368.21315 417.82918 -2345.93922 -2150.66118     invalid  
90    -2095.04351 -21.05497 332.27473 -1137.81674 334.63070 -1115.45266                            -205.27695 -1414.09750 -1356.42171 408.22477 -2341.57407 -2143.58612     invalid  
91    -2118.56957  -2.35000 344.06617 -1147.42116 338.99585 -1108.37760                            -228.80300 -1395.39253 -1344.63027 398.62035 -2337.20892 -2136.51105     invalid  
92    -2142.09562  16.35497 355.85761 -1157.02558 343.36100 -1101.30253                            -252.32906 -1376.68756 -1332.83882 389.01594 -2332.84377 -2129.43598     invalid  
93    -2165.62168  35.05994 367.64905 -1166.62999 347.72615 -1094.22746                            -275.85511 -1357.98259 -1321.04738 379.41152 -2328.47862 -2122.36092     invalid  
94    -2189.14773  53.76491 379.44049 -1176.23441 352.09130 -1087.15240                            -299.38117 -1339.27762 -1309.25594 369.80710 -2324.11348 -2115.28585     invalid  
95    -2212.67379  72.46988 391.23193 -1185.83883 356.45645 -1080.07733                            -322.90722 -1320.57265 -1297.46450 360.20269 -2319.74833 -2108.21078     invalid  
96    -2236.19984  91.17485 403.02337 -1195.44324 360.82159 -1073.00227                            -346.43328 -1301.86768 -1285.67306 350.59827 -2315.38318 -2101.13572     invalid  
97    -2259.72590 109.87982 414.81481 -1205.04766 365.18674 -1065.92720                            -369.95933 -1283.16271 -1273.88162 340.99385 -2311.01803 -2094.06065     invalid  
98    -2283.25195 128.58479 426.60625 -1214.65208 369.55189 -1058.85213                            -393.48539 -1264.45773 -1262.09018 331.38944 -2306.65288 -2086.98558     invalid  
99    -2306.77801 147.28976 438.39769 -1224.25649 373.91704 -1051.77707                            -417.01144 -1245.75276 -1250.29874 321.78502 -2302.28773 -2079.91052     invalid  
