PointDistanceFollower   Jun 17 2018   mode =  LINE3 
LINE3_RAND%_.77_0.txt      Output is S6 probe cell, C3 reduced cell,  S6Dist CS6Dist  distance between 
Compute times (msec)     S6Dist   50   CS6Dist  2
PointDistanceFollower  Jun 17 2018  mode = LINE3
LINE3_RAND%_.77_0.txt     Output is S6 probe cell, C3 reduced cell, S6Dist CS6Dist distance between
0    -3015.76541 -3257.41849 1670.96103 -2996.10311 -2831.99547 -121.64730     (-1344.804,-1586.457) (-1325.142,-1161.034) (-1670.961,-1792.608)     -2522.87075 1049.26540 -2822.71568 -1615.73034 -693.44397 -2714.16291     (-1664.898,-566.465) (-1049.265,-1742.709) (-1773.450,-1473.605)      832.449  832.449  
1    -2977.22782 -3271.83669 1663.46456 -2975.23919 -2825.47201 -125.73036     (-1313.763,-1608.372) (-1311.775,-1162.007) (-1663.465,-1789.195)     -2484.33316 1034.84721 -2830.21214 -1594.86643 -686.92051 -2718.24597     (-1683.399,-560.019) (-1034.847,-1721.768) (-1795.365,-1449.486)      858.58  858.58  
2    -2938.69023 -3286.25489 1655.96810 -2954.37528 -2818.94855 -129.81342     (-1282.722,-1630.287) (-1298.407,-1162.980) (-1655.968,-1785.782)     -2445.79557 1020.42901 -2837.70861 -1574.00251 -680.39705 -2722.32903     (-1701.900,-553.574) (-1020.429,-1700.826) (-1817.280,-1425.367)      886.302  886.302  
3    -2900.15264 -3300.67308 1648.47163 -2933.51136 -2812.42509 -133.89649     (-1251.681,-1652.201) (-1285.040,-1163.953) (-1648.472,-1782.368)     -2407.25798 1006.01082 -2845.20508 -1553.13860 -673.87359 -2726.41210     (-1720.401,-547.128) (-1006.011,-1679.884) (-1839.194,-1401.247)      915.471  915.471  
4    -2861.61506 -3315.09128 1640.97516 -2912.64744 -2805.90162 -137.97955     (-1220.640,-1674.116) (-1271.672,-1164.926) (-1640.975,-1778.955)     -2368.72040 991.59262 -2852.70154 -1532.27468 -667.35013 -2730.49516     (-1738.903,-540.682) (-991.593,-1658.943) (-1861.109,-1377.128)      945.953  945.953  
5    -2823.07747 -3329.50948 1633.47870 -2891.78353 -2799.37816 -142.06261     (-1189.599,-1696.031) (-1258.305,-1165.899) (-1633.479,-1775.541)     -2330.18281 977.17442 -2860.19801 -1511.41076 -660.82666 -2734.57822     (-1757.404,-534.236) (-977.174,-1638.001) (-1883.024,-1353.008)      977.626  977.626  
6    -2784.53988 -3343.92767 1625.98223 -2870.91961 -2792.85470 -146.14568     (-1158.558,-1717.945) (-1244.937,-1166.872) (-1625.982,-1772.128)     -2291.64522 962.75623 -2867.69448 -1490.54685 -654.30320 -2738.66129     (-1775.905,-527.791) (-962.756,-1617.059) (-1904.938,-1328.889)      1010.38  1010.38  
7    -2746.00229 -3358.34587 1618.48576 -2850.05570 -2786.33124 -150.22874     (-1127.517,-1739.860) (-1231.570,-1167.845) (-1618.486,-1768.715)     -2253.10763 948.33803 -2875.19094 -1469.68293 -647.77974 -2742.74435     (-1794.406,-521.345) (-948.338,-1596.118) (-1926.853,-1304.770)      1044.11  1044.11  
8    -2707.46470 -3372.76407 1610.98930 -2829.19178 -2779.80778 -154.31181     (-1096.475,-1761.775) (-1218.202,-1168.818) (-1610.989,-1765.301)     -2214.57004 933.91983 -2882.68741 -1448.81902 -641.25628 -2746.82742     (-1812.908,-514.899) (-933.920,-1575.176) (-1948.768,-1280.650)      1078.72  1078.72  
9    -2668.92711 -3387.18226 1603.49283 -2808.32786 -2773.28431 -158.39487     (-1065.434,-1783.689) (-1204.835,-1169.791) (-1603.493,-1761.888)     -2176.03245 919.50164 -2890.18387 -1427.95510 -634.73282 -2750.91048     (-1831.409,-508.453) (-919.502,-1554.234) (-1970.682,-1256.531)      1114.14  1114.14  
10    -2630.38952 -3401.60046 1595.99636 -2787.46395 -2766.76085 -162.47793     (-1034.393,-1805.604) (-1191.468,-1170.764) (-1595.996,-1758.474)     -2137.49486 905.08344 -2897.68034 -1407.09118 -628.20935 -2754.99354     (-1849.910,-502.008) (-905.083,-1533.293) (-1992.597,-1232.411)      1142.73  1142.73  
11    -2591.85193 -3416.01866 1588.49990 -2766.60003 -2760.23739 -166.56100     (-1003.352,-1827.519) (-1178.100,-1171.737) (-1588.500,-1755.061)     -2098.95727 890.66524 -2905.17681 -1386.22727 -621.68589 -2759.07661     (-1868.411,-495.562) (-890.665,-1512.351) (-2014.512,-1208.292)      1169.75  1169.75  
12    -2553.31434 -3430.43685 1581.00343 -2745.73612 -2753.71393 -170.64406     (-972.311,-1849.433) (-1164.733,-1172.710) (-1581.003,-1751.647)     -2060.41968 876.24705 -2912.67327 -1365.36335 -615.16243 -2763.15967     (-1886.913,-489.116) (-876.247,-1491.409) (-2036.426,-1184.173)      1195.63  1195.63  
13    -2514.77675 -3444.85505 1573.50697 -2724.87220 -2747.19047 -174.72712     (-941.270,-1871.348) (-1151.365,-1173.684) (-1573.507,-1748.234)     -2021.88210 861.82885 -2920.16974 -1344.49944 -608.63897 -2767.24273     (-1905.414,-482.671) (-861.829,-1470.468) (-2058.341,-1160.053)      1219.45  1219.45  
14    -2476.23917 -3459.27325 1566.01050 -2704.00828 -2740.66700 -178.81019     (-910.229,-1893.263) (-1137.998,-1174.657) (-1566.010,-1744.821)     -1983.34451 847.41065 -2927.66621 -1323.63552 -602.11551 -2771.32580     (-1923.915,-476.225) (-847.411,-1449.526) (-2080.256,-1135.934)      1244.49  1244.49  
15    -2437.70158 -3473.69144 1558.51403 -2683.14437 -2734.14354 -182.89325     (-879.188,-1915.177) (-1124.630,-1175.630) (-1558.514,-1741.407)     -1944.80692 832.99246 -2935.16267 -1302.77160 -595.59205 -2775.40886     (-1942.416,-469.779) (-832.992,-1428.585) (-2102.170,-1111.814)      1270.69  1270.69  
16    -2399.16399 -3488.10964 1551.01757 -2662.28045 -2727.62008 -186.97632     (-848.146,-1937.092) (-1111.263,-1176.603) (-1551.018,-1737.994)     -1906.26933 818.57426 -2942.65914 -1281.90769 -589.06858 -2779.49193     (-1960.918,-463.333) (-818.574,-1407.643) (-2124.085,-1087.695)      1297.97  1297.97  
17    -2360.62640 -3502.52784 1543.52110 -2641.41654 -2721.09662 -191.05938     (-817.105,-1959.007) (-1097.895,-1177.576) (-1543.521,-1734.580)     -1867.73174 804.15606 -2950.15561 -1261.04377 -582.54512 -2783.57499     (-1979.419,-456.888) (-804.156,-1386.701) (-2146.000,-1063.576)      1326.26  1326.26  
18    -2322.08881 -3516.94603 1536.02463 -2620.55262 -2714.57316 -195.14244     (-786.064,-1980.921) (-1084.528,-1178.549) (-1536.025,-1731.167)     -1829.19415 789.73787 -2957.65207 -1240.17986 -576.02166 -2787.65805     (-1997.920,-450.442) (-789.738,-1365.760) (-2167.914,-1039.456)      1355.51  1355.51  
19    -2283.55122 -3531.36423 1528.52817 -2599.68870 -2708.04970 -199.22551     (-755.023,-2002.836) (-1071.161,-1179.522) (-1528.528,-1727.754)     -1790.65656 775.31967 -2965.14854 -1219.31594 -569.49820 -2791.74112     (-2016.421,-443.996) (-775.320,-1344.818) (-2189.829,-1015.337)      1385.65  1385.65  
20    -2245.01363 -3545.78242 1521.03170 -2578.82479 -2701.52623 -203.30857     (-723.982,-2024.751) (-1057.793,-1180.495) (-1521.032,-1724.340)     -1752.11897 760.90147 -2972.64500 -1198.45202 -562.97474 -2795.82418     (-2034.923,-437.551) (-760.901,-1323.876) (-2211.744,-991.217)      1416.63  1416.63  
21    -2206.47604 -3560.20062 1513.53524 -2557.96087 -2695.00277 -207.39163     (-692.941,-2046.665) (-1044.426,-1181.468) (-1513.535,-1720.927)     -1713.58138 746.48328 -2980.14147 -1177.58811 -556.45127 -2799.90724     (-2053.424,-431.105) (-746.483,-1302.935) (-2233.658,-967.098)      1448.39  1448.39  
22    -2167.93845 -3574.61882 1506.03877 -2537.09696 -2688.47931 -211.47470     (-661.900,-2068.580) (-1031.058,-1182.441) (-1506.039,-1717.513)     -1675.04379 732.06508 -2987.63794 -1156.72419 -549.92781 -2803.99031     (-2071.925,-424.659) (-732.065,-1281.993) (-2255.573,-942.979)      1480.88  1480.88  
23    -2129.40086 -3589.03701 1498.54230 -2516.23304 -2681.95585 -215.55776     (-630.859,-2090.495) (-1017.691,-1183.414) (-1498.542,-1714.100)     -1636.50621 717.64688 -2995.13440 -1135.86028 -543.40435 -2808.07337     (-2090.426,-418.213) (-717.647,-1261.051) (-2277.488,-918.859)      1514.06  1514.06  
24    -2090.86328 -3603.45521 1491.04584 -2495.36912 -2675.43239 -219.64083     (-599.817,-2112.409) (-1004.323,-1184.387) (-1491.046,-1710.687)     -1597.96862 703.22869 -3002.63087 -1114.99636 -536.88089 -2812.15644     (-2108.928,-411.768) (-703.229,-1240.110) (-2299.402,-894.740)      1547.88  1547.88  
25    -2052.32569 -3617.87341 1483.54937 -2474.50521 -2668.90892 -223.72389     (-568.776,-2134.324) (-990.956,-1185.360) (-1483.549,-1707.273)     -1559.43103 688.81049 -3010.12734 -1094.13245 -530.35743 -2816.23950     (-2127.429,-405.322) (-688.810,-1219.168) (-2321.317,-870.621)      1582.29  1582.29  
26    -2013.78810 -3632.29160 1476.05290 -2453.64129 -2662.38546 -227.80695     (-537.735,-2156.239) (-977.588,-1186.333) (-1476.053,-1703.860)     -1520.89344 674.39229 -3017.62380 -1073.26853 -523.83396 -2820.32256     (-2145.930,-398.876) (-674.392,-1198.226) (-2343.232,-846.501)      1617.27  1617.27  
27    -1975.25051 -3646.70980 1468.55644 -2432.77738 -2655.86200 -231.89002     (-506.694,-2178.153) (-964.221,-1187.306) (-1468.556,-1700.446)     -1482.35585 659.97410 -3025.12027 -1052.40461 -517.31050 -2824.40563     (-2164.432,-392.431) (-659.974,-1177.285) (-2365.146,-822.382)      1652.78  1652.78  
28    -1936.71292 -3661.12800 1461.05997 -2411.91346 -2649.33854 -235.97308     (-475.653,-2200.068) (-950.853,-1188.279) (-1461.060,-1697.033)     -1443.81826 645.55590 -3032.61673 -1031.54070 -510.78704 -2828.48869     (-2182.933,-385.985) (-645.556,-1156.343) (-2387.061,-798.262)      1688.77  1688.77  
29    -1898.17533 -3675.54619 1453.56350 -2391.04954 -2642.81508 -240.05614     (-444.612,-2221.983) (-937.486,-1189.252) (-1453.564,-1693.620)     -1405.28067 631.13770 -3040.11320 -1010.67678 -504.26358 -2832.57175     (-2201.434,-379.539) (-631.138,-1135.401) (-2408.975,-774.143)      1725.23  1725.23  
30    -1859.63774 -3689.96439 1446.06704 -2370.18563 -2636.29161 -244.13921     (-413.571,-2243.897) (-924.119,-1190.225) (-1446.067,-1690.206)     -1366.74308 616.71951 -3047.60967 -989.81287 -497.74012 -2836.65482     (-2219.935,-373.093) (-616.720,-1114.460) (-2430.890,-750.024)      1762.12  1762.12  
31    -1821.10015 -3704.38259 1438.57057 -2349.32171 -2629.76815 -248.22227     (-382.530,-2265.812) (-910.751,-1191.198) (-1438.571,-1686.793)     -1328.20549 602.30131 -3055.10613 -968.94895 -491.21665 -2840.73788     (-2238.437,-366.648) (-602.301,-1093.518) (-2452.805,-725.904)      1799.42  1799.42  
32    -1782.56256 -3718.80078 1431.07411 -2328.45780 -2623.24469 -252.30533     (-351.488,-2287.727) (-897.384,-1192.171) (-1431.074,-1683.379)     -1289.66790 587.88311 -3062.60260 -948.08503 -484.69319 -2844.82095     (-2256.938,-360.202) (-587.883,-1072.576) (-2474.719,-701.785)      1837.1  1837.1  
33    -1744.02497 -3733.21898 1423.57764 -2307.59388 -2616.72123 -256.38840     (-320.447,-2309.641) (-884.016,-1193.144) (-1423.578,-1679.966)     -1251.13032 573.46492 -3070.09907 -927.22112 -478.16973 -2848.90401     (-2275.439,-353.756) (-573.465,-1051.635) (-2496.634,-677.665)      1875.14  1875.14  
34    -1705.48739 -3747.63718 1416.08117 -2286.72996 -2610.19777 -260.47146     (-289.406,-2331.556) (-870.649,-1194.117) (-1416.081,-1676.553)     -1212.59273 559.04672 -3077.59553 -906.35720 -471.64627 -2852.98707     (-2293.940,-347.310) (-559.047,-1030.693) (-2518.549,-653.546)      1913.52  1913.52  
35    -1666.94980 -3762.05537 1408.58471 -2265.86605 -2603.67431 -264.55453     (-258.365,-2353.471) (-857.281,-1195.090) (-1408.585,-1673.139)     -1174.05514 544.62853 -3085.09200 -885.49329 -465.12281 -2857.07014     (-2312.442,-340.865) (-544.629,-1009.751) (-2540.463,-629.427)      1952.21  1952.21  
36    -1628.41221 -3776.47357 1401.08824 -2245.00213 -2597.15084 -268.63759     (-227.324,-2375.385) (-843.914,-1196.063) (-1401.088,-1669.726)     -1135.51755 530.21033 -3092.58847 -864.62937 -458.59935 -2861.15320     (-2330.943,-334.419) (-530.210,-988.810) (-2562.378,-605.307)      1991.2  1991.2  
37    -1589.87462 -3790.89177 1393.59177 -2224.13822 -2590.62738 -272.72065     (-196.283,-2397.300) (-830.546,-1197.036) (-1393.592,-1666.312)     -1096.97996 515.79213 -3100.08493 -843.76545 -452.07588 -2865.23626     (-2349.444,-327.973) (-515.792,-967.868) (-2584.293,-581.188)      2030.47  2030.47  
38    -1551.33703 -3805.30996 1386.09531 -2203.27430 -2584.10392 -276.80372     (-165.242,-2419.215) (-817.179,-1198.009) (-1386.095,-1662.899)     -1058.44237 501.37394 -3107.58140 -822.90154 -445.55242 -2869.31933     (-2367.945,-321.528) (-501.374,-946.926) (-2606.207,-557.068)      2070.01  2070.01  
39    -1512.79944 -3819.72816 1378.59884 -2182.41039 -2577.58046 -280.88678     (-134.201,-2441.129) (-803.812,-1198.982) (-1378.599,-1659.486)     -1019.90478 486.95574 -3115.07786 -802.03762 -439.02896 -2873.40239     (-2386.447,-315.082) (-486.956,-925.985) (-2628.122,-532.949)      2109.8  2109.8  
40    -1474.26185 -3834.14636 1371.10238 -2161.54647 -2571.05700 -284.96984     (-103.159,-2463.044) (-790.444,-1199.955) (-1371.102,-1656.072)     -981.36719 472.53754 -3122.57433 -781.17371 -432.50550 -2877.48545     (-2404.948,-308.636) (-472.538,-905.043) (-2650.037,-508.830)      2149.83  2149.83  
41    -1435.72426 -3848.56455 1363.60591 -2140.68255 -2564.53353 -289.05291     (-72.118,-2484.959) (-777.077,-1200.928) (-1363.606,-1652.659)     -942.82960 458.11935 -3130.07080 -760.30979 -425.98204 -2881.56852     (-2423.449,-302.190) (-458.119,-884.101) (-2671.951,-484.710)      2190.08  2190.08  
42    -1397.18667 -3862.98275 1356.10944 -2119.81864 -2558.01007 -293.13597     (-41.077,-2506.873) (-763.709,-1201.901) (-1356.109,-1649.245)     -904.29201 443.70115 -3137.56726 -739.44587 -419.45857 -2885.65158     (-2441.950,-295.745) (-443.701,-863.160) (-2693.866,-460.591)      2230.54  2230.54  
43    -1358.64908 -3877.40095 1348.61298 -2098.95472 -2551.48661 -297.21904     (-10.036,-2528.788) (-750.342,-1202.874) (-1348.613,-1645.832)     -865.75443 429.28295 -3145.06373 -718.58196 -412.93511 -2889.73465     (-2460.452,-289.299) (-429.283,-842.218) (-2715.781,-436.471)      2271.21  2271.21  
44    -1320.11150 -3891.81914 1341.11651 -2078.09081 -2544.96315 -301.30210     (-21.005,-2571.708) (-715.969,-1320.111) (-1182.842,-1621.414)     -827.21684 414.86476 -3152.56020 -697.71804 -406.41165 -2893.81771     (-2478.953,-282.853) (-414.865,-821.276) (-2737.695,-412.352)      2312.06  2312.06  
45    -1281.57391 -3906.23734 1333.62004 -2057.22689 -2538.43969 -305.38516     (-52.046,-2624.663) (-671.561,-1281.574) (-1152.774,-1586.959)     -788.67925 400.44656 -3160.05666 -676.85413 -399.88819 -2897.90077     (-2497.454,-276.408) (-400.447,-800.335) (-2759.610,-388.233)      2353.09  2353.09  
46    -1243.03632 -3920.65554 1326.12358 -2036.36297 -2531.91622 -309.46823     (-83.087,-2677.619) (-627.152,-1243.036) (-1122.705,-1552.505)     -750.14166 386.02836 -3167.55313 -655.99021 -393.36473 -2901.98384     (-2515.955,-269.962) (-386.028,-779.393) (-2781.525,-364.113)      2394.29  2394.29  
47    -1204.49873 -3935.07373 1318.62711 -2015.49906 -2525.39276 -313.55129     (-114.128,-2730.575) (-582.744,-1204.499) (-1092.637,-1518.050)     -711.60407 371.61017 -3175.04959 -635.12629 -386.84126 -2906.06690     (-2534.457,-263.516) (-371.610,-758.451) (-2803.439,-339.994)      2435.66  2435.66  
48    -1165.96114 -3949.49193 1311.13064 -1994.63514 -2518.86930 -317.63435     (-145.170,-2783.531) (-538.335,-1165.961) (-1062.569,-1483.595)     -673.06648 357.19197 -3182.54606 -614.26238 -380.31780 -2910.14996     (-2552.958,-257.070) (-357.192,-737.510) (-2825.354,-315.875)      2477.18  2477.18  
49    -1127.42355 -3963.91013 1303.63418 -1973.77123 -2512.34584 -321.71742     (-176.211,-2836.487) (-493.926,-1127.424) (-1032.501,-1449.141)     -634.52889 342.77377 -3190.04253 -593.39846 -373.79434 -2914.23303     (-2571.459,-250.625) (-342.774,-716.568) (-2847.269,-291.755)      2518.84  2518.84  
50    -1088.88596 -3978.32832 1296.13771 -1952.90731 -2505.82238 -325.80048     (-207.252,-2889.442) (-449.518,-1088.886) (-1002.433,-1414.686)     -595.99130 328.35558 -3197.53899 -572.53455 -367.27088 -2918.31609     (-2589.961,-244.179) (-328.356,-695.626) (-2869.183,-267.636)      2560.65  2560.65  
51    -1050.34837 -3992.74652 1288.64125 -1932.04339 -2499.29891 -329.88355     (-238.293,-2942.398) (-405.109,-1050.348) (-972.365,-1380.232)     -557.45371 313.93738 -3205.03546 -551.67063 -360.74742 -2922.39916     (-2608.462,-237.733) (-313.937,-674.685) (-2891.098,-243.516)      2602.58  2602.58  
52    -1011.81078 -4007.16472 1281.14478 -1911.17948 -2492.77545 -333.96661     (-269.334,-2995.354) (-360.701,-1011.811) (-942.297,-1345.777)     -518.91612 299.51918 -3212.53193 -530.80671 -354.22395 -2926.48222     (-2626.963,-231.288) (-299.519,-653.743) (-2913.013,-219.397)      2644.65  2644.65  
53    -973.27319 -4021.58291 1273.64831 -1890.31556 -2486.25199 -338.04967     (-300.375,-3048.310) (-316.292,-973.273) (-912.229,-1311.323)     -480.37854 285.10099 -3220.02839 -509.94280 -347.70049 -2930.56528     (-2645.464,-224.842) (-285.101,-632.801) (-2934.927,-195.278)      2686.83  2686.83  
54    -934.73561 -4036.00111 1266.15185 -1869.45165 -2479.72853 -342.13274     (-331.416,-3101.266) (-271.884,-934.736) (-882.160,-1276.868)     -441.84095 270.68279 -3227.52486 -489.07888 -341.17703 -2934.64835     (-2663.966,-218.396) (-270.683,-611.860) (-2956.842,-171.158)      2729.13  2729.13  
55    -896.19802 -4050.41930 1258.65538 -1848.58773 -2473.20507 -346.21580     (-362.457,-3154.221) (-227.475,-896.198) (-852.092,-1242.414)     -403.30336 256.26459 -3235.02133 -468.21497 -334.65357 -2938.73141     (-2682.467,-211.950) (-256.265,-590.918) (-2978.757,-147.039)      2771.54  2771.54  
56    -857.66043 -4064.83750 1251.15891 -1827.72381 -2466.68161 -350.29886     (-393.498,-3207.177) (-183.066,-857.660) (-822.024,-1207.959)     -364.76577 241.84640 -3242.51779 -447.35105 -328.13011 -2942.81447     (-2700.968,-205.505) (-241.846,-569.977) (-3000.671,-122.919)      2814.05  2814.05  
57    -819.12284 -4079.25570 1243.66245 -1806.85990 -2460.15814 -354.38193     (-424.540,-3260.133) (-138.658,-819.123) (-791.956,-1173.505)     -326.22818 227.42820 -3250.01426 -426.48714 -321.60665 -2946.89754     (-2719.469,-199.059) (-227.428,-549.035) (-3022.586,-98.800)      2856.66  2856.66  
58    -780.58525 -4093.67389 1236.16598 -1785.99598 -2453.63468 -358.46499     (-455.581,-3313.089) (-94.249,-780.585) (-761.888,-1139.050)     -287.69059 213.01000 -3257.51072 -405.62322 -315.08318 -2950.98060     (-2737.971,-192.613) (-213.010,-528.093) (-3044.501,-74.681)      2899.37  2899.37  
59    -742.04766 -4108.09209 1228.66951 -1765.13207 -2447.11122 -362.54806     (-486.622,-3366.044) (-49.841,-742.048) (-731.820,-1104.596)     -249.15300 198.59181 -3265.00719 -384.75930 -308.55972 -2955.06367     (-2756.472,-186.167) (-198.592,-507.152) (-3066.415,-50.561)      2939.44  2942.16  
60    -703.51007 -4122.51029 1221.17305 -1744.26815 -2440.58776 -366.63112     (-517.663,-3419.000) (-5.432,-703.510) (-701.752,-1070.141)     -210.61541 184.17361 -3272.50366 -363.89539 -302.03626 -2959.14673     (-2774.973,-179.722) (-184.174,-486.210) (-3088.330,-26.442)      2961.32  2963.09  
61    -664.97248 -4136.92848 1213.67658 -1723.40423 -2434.06430 -370.71418     (-996.710,-3432.980) (-38.976,-703.949) (-632.707,-509.728)     -172.07782 169.75541 -3280.00012 -343.03147 -295.51280 -2963.22979     (-2793.474,-173.276) (-169.755,-465.268) (-3110.245,-2.322)      2983.74  2983.89  
62    -626.43489 -4151.34668 1206.18012 -1702.54032 -2427.54083 -374.79725     (-917.847,-3441.527) (-83.385,-709.820) (-558.230,-496.360)     -133.54023 155.33722 -3287.49659 -322.16756 -288.98934 -2967.31286     (-133.540,-145.033) (-2790.179,-422.530) (-3153.956,-21.797)      3035.34  3035.34  
63    -587.89730 -4165.76488 1198.68365 -1681.67640 -2421.01737 -378.88031     (-838.984,-3450.074) (-127.794,-715.691) (-483.754,-482.993)     -95.00265 140.91902 -3294.99306 -301.30364 -282.46587 -2971.39592     (-95.003,-114.468) (-2784.561,-377.469) (-3199.990,-45.916)      3068.05  3072.89  
64    -549.35972 -4180.18307 1191.18718 -1660.81249 -2414.49391 -382.96337     (-760.121,-3458.621) (-172.202,-721.562) (-409.277,-469.625)     -56.46506 126.50082 -3302.48952 -280.43972 -275.94241 -2975.47898     (-56.465,-83.903) (-2778.942,-332.407) (-3246.024,-70.036)      3092.04  3094.94  
65    -510.82213 -4194.60127 1183.69072 -1639.94857 -2407.97045 -387.04644     (-681.258,-3467.168) (-216.611,-727.433) (-334.800,-456.258)     -17.92747 112.08263 -3309.98599 -259.57581 -269.41895 -2979.56205     (-17.927,-53.338) (-2773.324,-287.346) (-3292.059,-94.155)      3118.14  3119.07  
66    -472.28454 -4209.01947 1176.19425 -1619.08465 -2401.44699 -391.12950     (-602.395,-3475.716) (-261.019,-733.304) (-260.324,-442.890)      20.61012  97.66443 -3317.48245 -238.71189 -262.89549 -2983.64511     (-20.610,-43.383) (-2747.096,-3317.482) (-221.675,-97.664)      3137.64  3137.64  
67    -433.74695 -4223.43766 1168.69778 -1598.22074 -2394.92352 -395.21256     (-523.532,-3484.263) (-305.428,-739.175) (-185.847,-429.523)      59.14771  83.24624 -3324.97892 -217.84798 -256.37203 -2987.72818     (-59.148,-51.356) (-2702.940,-3324.979) (-138.077,-83.246)      3152.64  3152.64  
68    -395.20936 -4237.85586 1161.20132 -1577.35682 -2388.40006 -399.29563     (-444.669,-3492.810) (-349.836,-745.046) (-111.370,-416.156)      97.68530  68.82804 -3332.47539 -196.98406 -249.84856 -2991.81124     (-97.685,-59.328) (-2658.785,-3332.475) (-54.478,-68.828)      3165.23  3165.23  
69    -356.67177 -4252.27406 1153.70485 -1556.49291 -2381.87660 -403.37869     (-365.805,-3501.357) (-394.245,-750.917) (-36.894,-402.788)     136.22289  54.40984 -3339.97185 -176.12014 -243.32510 -2995.89430     (-2585.508,-107.102) (-38.180,-3310.851) (-83.531,-29.121)      3161.53  3162.44  
70    -318.13418 -4266.69225 1146.20839 -1535.62899 -2375.35314 -407.46176     (-249.359,-401.071) (-3472.321,-719.205) (-37.583,-427.004)     174.76048  39.99165 -3347.46832 -155.25623 -236.80164 -2999.97737     (-75.273,-24.595) (-37.446,-3272.195) (-115.265,-2420.307)      3137.54  3139.81  
71    -279.59659 -4281.11045 1138.71192 -1514.76508 -2368.82968 -411.54482     (-96.020,-371.002) (-3406.392,-650.599) (-112.060,-488.113)     213.29807  25.57345 -3354.96479 -134.39231 -230.27818 -3004.06043     (-179.338,-96.092) (-12.726,-3175.627) (-16.980,-2120.834)      3026.24  3026.24  
72    -241.05900 -4295.52865 1131.21545 -1493.90116 -2362.30621 -415.62788     (-57.320,-398.255) (-3283.142,-129.216) (-524.673,-491.902)     251.83566  11.15525 -3362.46125 -113.52840 -223.75472 -3008.14349     (-336.078,-6.097) (-40.114,-2970.221) (-28.081,-1459.644)      2847.53  2847.53  
73    -202.52141 -4309.94684 1123.71899 -1473.03724 -2355.78275 -419.71095                            290.37324  -3.26294 -3369.95772 -92.66448 -217.23125 -3012.22656     invalid  
74    -163.98383 -4324.36504 1116.22252 -1452.17333 -2349.25929 -423.79401                            328.91083 -17.68114 -3377.45419 -71.80056 -210.70779 -3016.30962     invalid  
75    -125.44624 -4338.78324 1108.72605 -1431.30941 -2342.73583 -427.87707                            367.44842 -32.09934 -3384.95065 -50.93665 -204.18433 -3020.39269     invalid  
76    -86.90865 -4353.20143 1101.22959 -1410.44550 -2336.21237 -431.96014                            405.98601 -46.51753 -3392.44712 -30.07273 -197.66087 -3024.47575     invalid  
77    -48.37106 -4367.61963 1093.73312 -1389.58158 -2329.68891 -436.04320                            444.52360 -60.93573 -3399.94358  -9.20882 -191.13741 -3028.55881     invalid  
78     -9.83347 -4382.03783 1086.23665 -1368.71766 -2323.16544 -440.12627                            483.06119 -75.35393 -3407.44005  11.65510 -184.61395 -3032.64188     invalid  
79     28.70412 -4396.45602 1078.74019 -1347.85375 -2316.64198 -444.20933                            521.59878 -89.77212 -3414.93652  32.51902 -178.09048 -3036.72494     invalid  
80     67.24171 -4410.87422 1071.24372 -1326.98983 -2310.11852 -448.29239                            560.13637 -104.19032 -3422.43298  53.38293 -171.56702 -3040.80800     invalid  
81    105.77930 -4425.29242 1063.74726 -1306.12592 -2303.59506 -452.37546                            598.67396 -118.60852 -3429.92945  74.24685 -165.04356 -3044.89107     invalid  
82    144.31689 -4439.71061 1056.25079 -1285.26200 -2297.07160 -456.45852                            637.21155 -133.02671 -3437.42592  95.11076 -158.52010 -3048.97413     invalid  
83    182.85448 -4454.12881 1048.75432 -1264.39808 -2290.54813 -460.54158                            675.74913 -147.44491 -3444.92238 115.97468 -151.99664 -3053.05719     invalid  
84    221.39206 -4468.54701 1041.25786 -1243.53417 -2284.02467 -464.62465                            714.28672 -161.86311 -3452.41885 136.83860 -145.47317 -3057.14026     invalid  
85    259.92965 -4482.96520 1033.76139 -1222.67025 -2277.50121 -468.70771                            752.82431 -176.28130 -3459.91532 157.70251 -138.94971 -3061.22332     invalid  
86    298.46724 -4497.38340 1026.26492 -1201.80634 -2270.97775 -472.79078                            791.36190 -190.69950 -3467.41178 178.56643 -132.42625 -3065.30639     invalid  
87    337.00483 -4511.80159 1018.76846 -1180.94242 -2264.45429 -476.87384                            829.89949 -205.11770 -3474.90825 199.43034 -125.90279 -3069.38945     invalid  
88    375.54242 -4526.21979 1011.27199 -1160.07850 -2257.93082 -480.95690                            868.43708 -219.53589 -3482.40471 220.29426 -119.37933 -3073.47251     invalid  
89    414.08001 -4540.63799 1003.77553 -1139.21459 -2251.40736 -485.03997                            906.97467 -233.95409 -3489.90118 241.15817 -112.85586 -3077.55558     invalid  
90    452.61760 -4555.05618 996.27906 -1118.35067 -2244.88390 -489.12303                            945.51226 -248.37229 -3497.39765 262.02209 -106.33240 -3081.63864     invalid  
91    491.15519 -4569.47438 988.78259 -1097.48676 -2238.36044 -493.20609                            984.04985 -262.79048 -3504.89411 282.88601 -99.80894 -3085.72170     invalid  
92    529.69278 -4583.89258 981.28613 -1076.62284 -2231.83698 -497.28916                            1022.58744 -277.20868 -3512.39058 303.74992 -93.28548 -3089.80477     invalid  
93    568.23037 -4598.31077 973.78966 -1055.75892 -2225.31351 -501.37222                            1061.12502 -291.62688 -3519.88705 324.61384 -86.76202 -3093.88783     invalid  
94    606.76795 -4612.72897 966.29319 -1034.89501 -2218.79005 -505.45529                            1099.66261 -306.04507 -3527.38351 345.47775 -80.23855 -3097.97090     invalid  
95    645.30554 -4627.14717 958.79673 -1014.03109 -2212.26659 -509.53835                            1138.20020 -320.46327 -3534.87998 366.34167 -73.71509 -3102.05396     invalid  
96    683.84313 -4641.56536 951.30026 -993.16718 -2205.74313 -513.62141                            1176.73779 -334.88147 -3542.37644 387.20559 -67.19163 -3106.13702     invalid  
97    722.38072 -4655.98356 943.80379 -972.30326 -2199.21967 -517.70448                            1215.27538 -349.29966 -3549.87291 408.06950 -60.66817 -3110.22009     invalid  
98    760.91831 -4670.40176 936.30733 -951.43934 -2192.69621 -521.78754                            1253.81297 -363.71786 -3557.36938 428.93342 -54.14471 -3114.30315     invalid  
99    799.45590 -4684.81995 928.81086 -930.57543 -2186.17274 -525.87060                            1292.35056 -378.13606 -3564.86584 449.79733 -47.62125 -3118.38621     invalid  
