PointDistanceFollower   Jun 17 2018   mode =  LINE3 
LINE3_RAND%_.70_0.txt      Output is S6 probe cell, C3 reduced cell,  S6Dist CS6Dist  distance between 
Compute times (msec)     S6Dist   36   CS6Dist  2
PointDistanceFollower  Jun 17 2018  mode = LINE3
LINE3_RAND%_.70_0.txt     Output is S6 probe cell, C3 reduced cell, S6Dist CS6Dist distance between
0    -1667.37781  11.86276 -181.65699 -505.55603 -1021.10671 -634.31851     (-622.456,-493.693) (-11.863,-1032.969) (-169.794,-1655.515)     1761.07612 -2862.50426 -2840.02424 1790.70615 -3123.69333 -2311.84014     (-29.630,-1790.706) (-1049.318,-1332.987) (-1071.798,-521.134)      958.145  982.049  
1    -1687.24917   9.78648 -164.30980 -527.08169 -1021.20191 -636.02912     (-626.243,-517.295) (-9.786,-1030.988) (-154.523,-1677.463)     1741.20476 -2864.58054 -2822.67705 1769.18049 -3123.78854 -2313.55076     (-27.976,-1769.180) (-1053.497,-1354.608) (-1095.400,-544.370)      987.98  1010.74  
2    -1707.12053   7.71019 -146.96261 -548.60735 -1021.29712 -637.73974     (-630.030,-540.897) (-7.710,-1029.007) (-139.252,-1699.410)     1721.33341 -2866.65683 -2805.32985 1747.65483 -3123.88374 -2315.26137     (-26.321,-1747.655) (-1057.675,-1376.229) (-1119.002,-567.607)      1018.95  1040.54  
3    -1726.99189   5.63390 -129.61542 -570.13301 -1021.39232 -639.45035     (-633.816,-564.499) (-5.634,-1027.026) (-123.982,-1721.358)     1701.46205 -2868.73312 -2787.98266 1726.12917 -3123.97894 -2316.97199     (-24.667,-1726.129) (-1061.853,-1397.850) (-1142.604,-590.843)      1050.96  1071.34  
4    -1746.86325   3.55762 -112.26822 -591.65867 -1021.48752 -641.16097     (-637.603,-588.101) (-3.558,-1025.045) (-108.711,-1743.306)     1681.59069 -2870.80940 -2770.63547 1704.60351 -3124.07415 -2318.68260     (-23.013,-1704.604) (-1066.032,-1419.471) (-1166.206,-614.079)      1083.91  1103.07  
5    -1766.73461   1.48133 -94.92103 -613.18433 -1021.58273 -642.87159     (-641.390,-611.703) (-1.481,-1023.064) (-93.440,-1765.253)     1661.71933 -2872.88569 -2753.28828 1683.07785 -3124.16935 -2320.39322     (-21.359,-1683.078) (-1070.210,-1441.092) (-1189.808,-637.315)      1117.73  1135.63  
6    -1786.60597  -0.59495 -77.57384 -634.70999 -1021.67793 -644.58220     (-1786.606,-634.710) (-0.595,-1021.678) (-77.574,-644.582)     1641.84797 -2874.96197 -2735.94109 1661.55219 -3124.26455 -2322.10383     (-19.704,-1661.552) (-1074.389,-1462.712) (-1213.410,-660.552)      1152.33  1168.95  
7    -1806.47733  -2.67124 -60.22665 -656.23565 -1021.77313 -646.29282     (-1806.477,-656.236) (-2.671,-1021.773) (-60.227,-646.293)     1621.97661 -2877.03826 -2718.59390 1640.02653 -3124.35975 -2323.81445     (-18.050,-1640.027) (-1078.567,-1484.333) (-1237.012,-683.788)      1175.87  1187.49  
8    -1826.34869  -4.74752 -42.87946 -677.76131 -1021.86833 -648.00343     (-1826.349,-677.761) (-4.748,-1021.868) (-42.879,-648.003)     1602.10525 -2879.11454 -2701.24670 1618.50087 -3124.45496 -2325.52507     (-16.396,-1618.501) (-1082.746,-1505.954) (-1260.614,-707.024)      1186.95  1198.59  
9    -1846.22005  -6.82381 -25.53227 -699.28697 -1021.96354 -649.71405     (-1846.220,-699.287) (-6.824,-1021.964) (-25.532,-649.714)     1582.23389 -2881.19083 -2683.89951 1596.97520 -3124.55016 -2327.23568     (-14.741,-1596.975) (-1086.924,-1527.575) (-1284.216,-730.260)      1199.65  1211.3  
10    -1866.09141  -8.90009  -8.18507 -720.81263 -1022.05874 -651.42466     (-1866.091,-720.813) (-8.900,-1022.059) (-8.185,-651.425)     1562.36253 -2883.26711 -2666.55232 1575.44954 -3124.64536 -2328.94630     (-13.087,-1575.450) (-1091.103,-1549.196) (-1307.818,-753.497)      1213.89  1225.57  
11    -1885.96277 -10.97638   9.16212 -742.33829 -1022.15394 -653.13528     (-1876.801,-1.814) (-733.176,-1012.992) (-9.162,-662.297)     1542.49117 -2885.34340 -2649.20513 1553.92388 -3124.74057 -2330.65691     (-11.433,-1553.924) (-1095.281,-1570.817) (-1331.420,-776.733)      1229.64  1240.91  
12    -1905.83413 -13.05266  26.50931 -763.86395 -1022.24915 -654.84589     (-1892.781,-13.457) (-13.053,-982.283) (-723.898,-667.899)     1522.61981 -2887.41968 -2631.85794 1532.39822 -3124.83577 -2332.36753     (-9.778,-1532.398) (-1099.460,-1592.438) (-1355.021,-799.969)      1246.84  1256.48  
13    -1925.70549 -15.12895  43.85650 -785.38961 -1022.34435 -656.55651     (-1910.577,-28.728) (-15.129,-949.760) (-712.806,-671.685)     1502.74845 -2889.49597 -2614.51075 1510.87256 -3124.93097 -2334.07814     (-8.124,-1510.873) (-1103.638,-1614.058) (-1378.623,-823.206)      1265.42  1273.44  
14    -1945.57685 -17.20524  61.20369 -806.91527 -1022.43955 -658.26713     (-1928.372,-43.998) (-17.205,-917.237) (-701.713,-675.472)     1482.87709 -2891.57226 -2597.16355 1489.34690 -3125.02617 -2335.78876     (-6.470,-1489.347) (-1107.817,-1635.679) (-1402.225,-846.442)      1285.32  1291.71  
15    -1965.44820 -19.28152  78.55088 -828.44093 -1022.53475 -659.97774     (-1946.167,-59.269) (-19.282,-884.715) (-690.621,-679.259)     1463.00573 -2893.64854 -2579.81636 1467.82124 -3125.12138 -2337.49937     (-4.816,-1467.821) (-1111.995,-1657.300) (-1425.827,-869.678)      1306.49  1311.25  
16    -1985.31956 -21.35781  95.89808 -849.96659 -1022.62996 -661.68836     (-1963.962,-74.540) (-21.358,-852.192) (-679.528,-683.046)     1443.13437 -2895.72483 -2562.46917 1446.29558 -3125.21658 -2339.20999     (-3.161,-1446.296) (-1116.174,-1678.921) (-1449.429,-892.914)      1328.86  1331.99  
17    -2005.19092 -23.43409 113.24527 -871.49225 -1022.72516 -663.39897     (-1981.757,-89.811) (-23.434,-819.669) (-668.436,-686.833)     1423.26301 -2897.80111 -2545.12198 1424.76992 -3125.31178 -2340.92061     (-1.507,-1424.770) (-1120.352,-1700.542) (-1473.031,-916.151)      1352.38  1353.88  
18    -2025.06228 -25.51038 130.59246 -893.01791 -1022.82036 -665.10959     (-1999.552,-105.082) (-25.510,-787.146) (-657.343,-690.620)     1403.39166 -2899.87740 -2527.77479 1403.24426 -3125.40699 -2342.63122     (-1403.392,-0.147) (-1496.486,-1124.383) (-1722.015,-939.240)      1376.78  1376.78  
19    -2044.93364 -27.58666 147.93965 -914.54357 -1022.91557 -666.82020     (-2017.347,-120.353) (-27.587,-754.623) (-646.251,-694.407)     1383.52030 -2901.95368 -2510.42760 1381.71860 -3125.50219 -2344.34184     (-1383.520,-1.802) (-1518.433,-1126.907) (-1741.982,-960.822)      1399.97  1399.97  
20    -2064.80500 -29.66295 165.28684 -936.06923 -1023.01077 -668.53082     (-2035.142,-135.624) (-29.663,-722.100) (-635.158,-698.194)     1363.64894 -2904.02997 -2493.08040 1360.19294 -3125.59739 -2346.05245     (-1363.649,-3.456) (-1540.381,-1129.431) (-1761.948,-982.404)      1424.02  1424.02  
21    -2084.67636 -31.73923 182.63403 -957.59489 -1023.10597 -670.24143     (-2052.937,-150.895) (-31.739,-689.577) (-624.066,-701.981)     1343.77758 -2906.10625 -2475.73321 1338.66728 -3125.69259 -2347.76307     (-1343.778,-5.110) (-1562.329,-1131.956) (-1781.915,-1003.985)      1448.88  1448.88  
22    -2104.54772 -33.81552 199.98123 -979.12055 -1023.20117 -671.95205     (-2070.732,-166.166) (-33.816,-657.054) (-612.974,-705.768)     1323.90622 -2908.18254 -2458.38602 1317.14162 -3125.78780 -2349.47368     (-1323.906,-6.765) (-1584.276,-1134.480) (-1801.882,-1025.567)      1474.5  1474.5  
23    -2124.41908 -35.89180 217.32842 -1000.64621 -1023.29638 -673.66266     (-2088.527,-181.437) (-35.892,-624.531) (-601.881,-709.554)     1304.03486 -2910.25882 -2441.03883 1295.61596 -3125.88300 -2351.18430     (-1304.035,-8.419) (-1606.224,-1137.004) (-1821.848,-1047.149)      1500.85  1500.85  
24    -2144.29044 -37.96809 234.67561 -1022.17188 -1023.39158 -675.37328     (-2106.322,-196.708) (-37.968,-592.008) (-590.789,-713.341)     1284.16350 -2912.33511 -2423.69164 1274.09030 -3125.97820 -2352.89491     (-1284.163,-10.073) (-1628.172,-1139.528) (-1841.815,-1068.731)      1527.9  1527.9  
25    -2164.16180 -40.04437 252.02280 -1043.69754 -1023.48678 -677.08390     (-2124.117,-211.978) (-40.044,-559.486) (-579.696,-717.128)     1264.29214 -2914.41139 -2406.34445 1252.56464 -3126.07341 -2354.60553     (-1264.292,-11.728) (-1650.119,-1142.052) (-1861.781,-1090.313)      1555.59  1555.59  
26    -2184.03316 -42.12066 269.36999 -1065.22320 -1023.58199 -678.79451     (-2141.912,-227.249) (-42.121,-526.963) (-568.604,-720.915)     1244.42078 -2916.48768 -2388.99725 1231.03898 -3126.16861 -2356.31614     (-1244.421,-13.382) (-1672.067,-1144.576) (-1881.748,-1111.895)      1583.91  1583.91  
27    -2203.90452 -44.19695 286.71718 -1086.74886 -1023.67719 -680.50513     (-2159.708,-242.520) (-44.197,-494.440) (-557.511,-724.702)     1224.54942 -2918.56397 -2371.65006 1209.51332 -3126.26381 -2358.02676     (-1224.549,-15.036) (-1694.015,-1147.101) (-1901.714,-1133.477)      1612.82  1612.82  
28    -2223.77588 -46.27323 304.06438 -1108.27452 -1023.77239 -682.21574     (-2177.503,-257.791) (-46.273,-461.917) (-546.419,-728.489)     1204.67806 -2920.64025 -2354.30287 1187.98766 -3126.35901 -2359.73738     (-1204.678,-16.690) (-1715.962,-1149.625) (-1921.681,-1155.059)      1641.45  1642.29  
29    -2243.64724 -48.34952 321.41157 -1129.80018 -1023.86759 -683.92636     (-2195.298,-273.062) (-48.350,-429.394) (-535.327,-732.276)     1184.80670 -2922.71654 -2336.95568 1166.46200 -3126.45422 -2361.44799     (-1184.807,-18.345) (-1737.910,-1152.149) (-1941.648,-1176.641)      1667.79  1658.63  
30    -2263.51860 -50.42580 338.75876 -1151.32584 -1023.96280 -685.63697     (-2213.093,-288.333) (-50.426,-396.871) (-524.234,-736.063)     1164.93534 -2924.79282 -2319.60849 1144.93634 -3126.54942 -2363.15861     (-1164.935,-19.999) (-1759.857,-1154.673) (-1961.614,-1198.223)      1694.74  1675.72  
31    -2283.38995 -52.50209 356.10595 -1172.85150 -1024.05800 -687.34759     (-2230.888,-303.604) (-52.502,-364.348) (-513.142,-739.850)     1145.06398 -2926.86911 -2302.26130 1123.41068 -3126.64462 -2364.86922     (-1145.064,-21.653) (-1781.805,-1157.197) (-1981.581,-1219.805)      1722.3  1693.67  
32    -2303.26131 -54.57837 373.45314 -1194.37716 -1024.15320 -689.05820     (-2248.683,-318.875) (-54.578,-331.825) (-502.049,-743.637)     1125.19262 -2928.94539 -2284.91410 1101.88502 -3126.73983 -2366.57984     (-1125.193,-23.308) (-1803.753,-1159.721) (-2001.547,-1241.387)      1750.41  1712.47  
33    -2323.13267 -56.65466 390.80033 -1215.90282 -1024.24840 -690.76882     (-2266.478,-334.146) (-56.655,-299.302) (-490.957,-747.423)     1105.32126 -2931.02168 -2267.56691 1080.35936 -3126.83503 -2368.29045     (-1105.321,-24.962) (-1825.700,-1162.246) (-2021.514,-1262.969)      1779.07  1732.07  
34    -2343.00403 -58.73094 408.14753 -1237.42848 -1024.34361 -692.47944     (-2284.273,-349.417) (-58.731,-266.779) (-479.864,-751.210)     1085.44991 -2933.09796 -2250.21972 1058.83370 -3126.93023 -2370.00107     (-1085.450,-26.616) (-1847.648,-1164.770) (-2041.480,-1284.551)      1808.24  1752.46  
35    -2362.87539 -60.80723 425.49472 -1258.95414 -1024.43881 -694.19005     (-2302.068,-364.687) (-60.807,-234.257) (-468.772,-754.997)     1065.57855 -2935.17425 -2232.87253 1037.30804 -3127.02543 -2371.71168     (-1065.579,-28.271) (-1869.596,-1167.294) (-2061.447,-1306.133)      1837.9  1773.61  
36    -2382.74675 -62.88351 442.84191 -1280.47980 -1024.53401 -695.90067     (-2319.863,-379.958) (-62.884,-201.734) (-457.679,-758.784)     1045.70719 -2937.25053 -2215.52534 1015.78237 -3127.12064 -2373.42230     (-1045.707,-29.925) (-1891.543,-1169.818) (-2081.413,-1327.715)      1868.03  1795.49  
37    -2402.61811 -64.95980 460.18910 -1302.00546 -1024.62922 -697.61128     (-2337.658,-395.229) (-64.960,-169.211) (-446.587,-762.571)     1025.83583 -2939.32682 -2198.17815 994.25671 -3127.21584 -2375.13292     (-1025.836,-31.579) (-1913.491,-1172.342) (-2101.380,-1349.297)      1898.6  1818.07  
38    -2422.48947 -67.03609 477.53629 -1323.53112 -1024.72442 -699.32190     (-2355.453,-410.500) (-67.036,-136.688) (-435.495,-766.358)     1005.96447 -2941.40311 -2180.83095 972.73105 -3127.31104 -2376.84353     (-1005.964,-33.233) (-1935.439,-1174.866) (-2121.347,-1370.879)      1929.59  1841.33  
39    -2442.36083 -69.11237 494.88348 -1345.05678 -1024.81962 -701.03251     (-2373.248,-425.771) (-69.112,-104.165) (-424.402,-770.145)     986.09311 -2943.47939 -2163.48376 951.20539 -3127.40624 -2378.55415     (-986.093,-34.888) (-1957.386,-1177.391) (-2141.313,-1392.461)      1960.98  1865.24  
40    -2462.23219 -71.18866 512.23068 -1366.58244 -1024.91482 -702.74313     (-2391.044,-441.042) (-71.189,-71.642) (-413.310,-773.932)     966.22175 -2945.55568 -2146.13657 929.67973 -3127.50145 -2380.26476     (-966.222,-36.542) (-1979.334,-1179.915) (-2161.280,-1414.043)      1992.76  1889.78  
41    -2482.10355 -73.26494 529.57787 -1388.10810 -1025.01003 -704.45374     (-2408.839,-456.313) (-73.265,-39.119) (-402.217,-777.719)     946.35039 -2947.63196 -2128.78938 908.15407 -3127.59665 -2381.97538     (-946.350,-38.196) (-2001.282,-1182.439) (-2181.246,-1435.625)      2024.91  1914.92  
42    -2501.97491 -75.34123 546.92506 -1409.63376 -1025.10523 -706.16436     (-2426.634,-471.584) (-75.341,-6.596) (-391.125,-781.506)     926.47903 -2949.70825 -2111.44219 886.62841 -3127.69185 -2383.68599     (-926.479,-39.851) (-2023.229,-1184.963) (-2201.213,-1457.207)      2057.4  1940.65  
43    -2521.84627 -77.41751 564.27225 -1431.15942 -1025.20043 -707.87498     (-354.106,-460.928) (-103.344,-25.927) (-2418.502,-759.366)     906.60767 -2951.78453 -2094.09500 865.10275 -3127.78706 -2385.39661     (-906.608,-41.505) (-2045.177,-1187.487) (-2221.179,-1478.789)      2090.22  1966.93  
44    -2541.71763 -79.49380 581.61944 -1452.68508 -1025.29564 -709.58559     (-310.491,-443.676) (-137.943,-58.449) (-2403.774,-730.630)     886.73631 -2953.86082 -2076.74780 843.57709 -3127.88226 -2387.10722     (-886.736,-43.159) (-2067.125,-1190.011) (-2241.146,-1500.371)      2123.37  1993.74  
45    -2561.58899 -81.57008 598.96663 -1474.21074 -1025.39084 -711.29621     (-266.875,-426.424) (-172.542,-90.972) (-2389.047,-701.894)     866.86495 -2955.93710 -2059.40061 822.05143 -3127.97746 -2388.81784     (-866.865,-44.814) (-2089.072,-1192.536) (-2261.113,-1521.953)      2156.81  2021.07  
46    -2581.46035 -83.64637 616.31383 -1495.73640 -1025.48604 -713.00682     (-223.260,-409.172) (-207.142,-123.495) (-2374.319,-673.158)     846.99359 -2958.01339 -2042.05342 800.52577 -3128.07266 -2390.52846     (-846.994,-46.468) (-2111.020,-1195.060) (-2281.079,-1543.535)      2190.54  2048.89  
47    -2601.33170 -85.72265 633.66102 -1517.26206 -1025.58124 -714.71744     (-179.645,-391.920) (-241.741,-156.018) (-2359.591,-644.422)     827.12223 -2960.08967 -2024.70623 779.00011 -3128.16787 -2392.23907     (-827.122,-48.122) (-2132.967,-1197.584) (-2301.046,-1565.117)      2224.55  2077.18  
48    -2621.20306 -87.79894 651.00821 -1538.78772 -1025.67645 -716.42805     (-136.029,-374.668) (-276.340,-188.541) (-2344.863,-615.686)     807.25087 -2962.16596 -2007.35904 757.47445 -3128.26307 -2393.94969     (-807.251,-49.776) (-2154.915,-1200.108) (-2321.012,-1586.699)      2258.82  2105.93  
49    -2641.07442 -89.87522 668.35540 -1560.31338 -1025.77165 -718.13867     (-92.414,-357.416) (-310.939,-221.064) (-2330.135,-586.950)     787.37951 -2964.24224 -1990.01185 735.94879 -3128.35827 -2395.66030     (-787.380,-51.431) (-2176.863,-1202.632) (-2340.979,-1608.281)      2293.34  2135.11  
50    -2660.94578 -91.95151 685.70259 -1581.83904 -1025.86685 -719.84928     (-48.799,-340.164) (-345.538,-253.587) (-2315.407,-558.214)     767.50816 -2966.31853 -1972.66465 714.42313 -3128.45348 -2397.37092     (-767.508,-53.085) (-2198.810,-1205.156) (-2360.945,-1629.863)      2328.1  2164.71  
51    -2680.81714 -94.02780 703.04978 -1603.36471 -1025.96206 -721.55990     (-5.183,-322.912) (-380.138,-286.110) (-2300.680,-529.478)     747.63680 -2968.39482 -1955.31746 692.89747 -3128.54868 -2399.08153     (-747.637,-54.739) (-2220.758,-1207.681) (-2380.912,-1651.445)      2363.1  2194.71  
52    -2700.68850 -96.10408 720.39698 -1624.89037 -1026.05726 -723.27052     (-38.432,-344.092) (-376.305,-2247.520) (-280.200,-462.310)     727.76544 -2970.47110 -1937.97027 671.37181 -3128.64388 -2400.79215     (-727.765,-56.394) (-2242.706,-1210.205) (-2400.878,-1673.027)      2398.3  2225.1  
53    -2720.55986 -98.18037 737.74417 -1646.41603 -1026.15246 -724.98113     (-82.047,-370.456) (-367.288,-2189.177) (-269.108,-389.959)     707.89408 -2972.54739 -1920.62308 649.84615 -3128.73908 -2402.50276     (-707.894,-58.048) (-2264.653,-1212.729) (-2420.845,-1694.609)      2433.72  2255.85  
54    -2740.43122 -100.25665 755.09136 -1667.94169 -1026.24766 -726.69175     (-125.663,-396.819) (-358.272,-2130.833) (-258.016,-317.607)     688.02272 -2974.62367 -1903.27589 628.32049 -3128.83429 -2404.21338     (-688.023,-59.702) (-2286.601,-1215.253) (-2440.812,-1716.191)      2469.34  2286.95  
55    -2760.30258 -102.33294 772.43855 -1689.46735 -1026.34287 -728.40236     (-169.278,-423.182) (-349.256,-2072.490) (-246.923,-245.256)     668.15136 -2976.69996 -1885.92870 606.79483 -3128.92949 -2405.92400     (-668.151,-61.357) (-2308.549,-1217.777) (-2460.778,-1737.773)      2505.16  2318.4  
56    -2780.17394 -104.40922 789.78574 -1710.99301 -1026.43807 -730.11298     (-212.893,-449.546) (-340.240,-2014.147) (-235.831,-172.905)     648.28000 -2978.77624 -1868.58150 585.26917 -3129.02469 -2407.63461     (-648.280,-63.011) (-2330.496,-1220.302) (-2480.745,-1759.355)      2541.15  2350.17  
57    -2800.04530 -106.48551 807.13293 -1732.51867 -1026.53327 -731.82359     (-256.509,-475.909) (-331.224,-1955.804) (-224.738,-100.553)     628.40864 -2980.85253 -1851.23431 563.74351 -3129.11990 -2409.34523     (-628.409,-64.665) (-2352.444,-1222.826) (-2500.711,-1780.937)      2577.33  2382.25  
58    -2819.91666 -108.56179 824.48013 -1754.04433 -1026.62848 -733.53421     (-300.124,-502.272) (-322.208,-1897.461) (-213.646,-28.202)     608.53728 -2982.92881 -1833.88712 542.21785 -3129.21510 -2411.05584     (-608.537,-66.319) (-2374.392,-1225.350) (-2520.678,-1802.519)      2613.67  2414.64  
59    -2839.78802 -110.63808 841.82732 -1775.56999 -1026.72368 -735.24482     (-269.042,-484.486) (-299.590,-1794.968) (-246.703,-44.149)     588.66592 -2985.00510 -1816.53993 520.69219 -3129.31030 -2412.76646     (-588.666,-67.974) (-2396.339,-1227.874) (-2540.644,-1824.101)      2650.17  2447.31  
60    -2859.65938 -112.71436 859.17451 -1797.09565 -1026.81888 -736.95544     (-187.675,-438.498) (-270.854,-1664.274) (-307.962,-116.501)     568.79456 -2987.08138 -1799.19274 499.16653 -3129.40550 -2414.47707     (-568.795,-69.628) (-2418.287,-1230.398) (-2560.611,-1845.683)      2685.97  2480.26  
61    -2879.53074 -114.79065 876.52170 -1818.62131 -1026.91408 -738.66606     (-106.307,-392.510) (-242.118,-1533.579) (-369.221,-188.852)     548.92320 -2989.15767 -1781.84555 477.64087 -3129.50071 -2416.18769     (-548.923,-71.282) (-2440.234,-1232.922) (-2580.578,-1867.264)      2718.89  2513.47  
62    -2899.40210 -116.86693 893.86889 -1840.14697 -1027.00929 -740.37667     (-24.940,-346.522) (-213.382,-1402.885) (-430.480,-261.203)     529.05184 -2991.23395 -1764.49835 456.11521 -3129.59591 -2417.89830     (-529.052,-72.937) (-2462.182,-1235.447) (-2600.544,-1888.846)      2752.05  2546.94  
63    -2919.27345 -118.94322 911.21608 -1861.67263 -1027.10449 -742.08729     (-56.428,-356.962) (-128.218,-435.311) (-1215.762,-277.127)     509.18048 -2993.31024 -1747.15116 434.58955 -3129.69111 -2419.60892     (-509.180,-74.591) (-2484.130,-1237.971) (-2620.511,-1910.428)      2785.45  2580.65  
64    -2939.14481 -121.01951 928.56328 -1883.19829 -1027.19969 -743.79790     (-137.795,-392.342) (-18.115,-415.202) (-1003.700,-268.111)     489.30912 -2995.38653 -1729.80397 413.06388 -3129.78632 -2421.31953     (-489.309,-76.245) (-2506.077,-1240.495) (-2640.477,-1932.010)      2819.07  2614.6  
65    -2959.01617 -123.09579 945.91047 -1904.72395 -1027.29490 -745.50852     (-167.106,-335.733) (-91.989,-487.082) (-699.650,-127.174)     469.43777 -2997.46281 -1712.45678 391.53822 -3129.88152 -2423.03015     (-469.438,-77.900) (-2528.025,-1243.019) (-2660.444,-1953.592)      2852.9  2648.78  
66    -2978.88753 -125.17208 963.25766 -1926.24961 -1027.39010 -747.21913     (-47.986,-261.009) (-202.092,-577.077) (-377.484,-98.438)     449.56641 -2999.53910 -1695.10959 370.01256 -3129.97672 -2424.74077     (-449.566,-79.554) (-2549.973,-1245.543) (-2680.410,-1975.174)      2886.95  2683.17  
67    -2998.75889 -127.24836 980.60485 -1947.77527 -1027.48530 -748.92975     (-71.133,-222.927) (-564.310,-1.431) (-238.200,-15.814)     429.69505 -3001.61538 -1677.76240 348.48690 -3130.07192 -2426.45138     (-429.695,-81.208) (-2571.920,-1248.067) (-2700.377,-1996.756)      2711.41  2717.78  
68    -3018.63025 -129.32465 997.95204 -1969.30093 -1027.58050 -750.64036                            409.82369 -3003.69167 -1660.41520 326.96124 -3130.16713 -2428.16200     invalid  
69    -3038.50161 -131.40093 1015.29923 -1990.82659 -1027.67571 -752.35098                            389.95233 -3005.76795 -1643.06801 305.43558 -3130.26233 -2429.87261     invalid  
70    -3058.37297 -133.47722 1032.64643 -2012.35225 -1027.77091 -754.06159                            370.08097 -3007.84424 -1625.72082 283.90992 -3130.35753 -2431.58323     invalid  
71    -3078.24433 -135.55350 1049.99362 -2033.87791 -1027.86611 -755.77221                            350.20961 -3009.92052 -1608.37363 262.38426 -3130.45273 -2433.29384     invalid  
72    -3098.11569 -137.62979 1067.34081 -2055.40357 -1027.96131 -757.48283                            330.33825 -3011.99681 -1591.02644 240.85860 -3130.54794 -2435.00446     invalid  
73    -3117.98705 -139.70607 1084.68800 -2076.92923 -1028.05652 -759.19344                            310.46689 -3014.07309 -1573.67925 219.33294 -3130.64314 -2436.71507     invalid  
74    -3137.85841 -141.78236 1102.03519 -2098.45489 -1028.15172 -760.90406                            290.59553 -3016.14938 -1556.33205 197.80728 -3130.73834 -2438.42569     invalid  
75    -3157.72977 -143.85865 1119.38238 -2119.98055 -1028.24692 -762.61467                            270.72417 -3018.22567 -1538.98486 176.28162 -3130.83355 -2440.13631     invalid  
76    -3177.60113 -145.93493 1136.72958 -2141.50621 -1028.34213 -764.32529                            250.85281 -3020.30195 -1521.63767 154.75596 -3130.92875 -2441.84692     invalid  
77    -3197.47249 -148.01122 1154.07677 -2163.03187 -1028.43733 -766.03590                            230.98145 -3022.37824 -1504.29048 133.23030 -3131.02395 -2443.55754     invalid  
78    -3217.34384 -150.08750 1171.42396 -2184.55753 -1028.53253 -767.74652                            211.11009 -3024.45452 -1486.94329 111.70464 -3131.11915 -2445.26815     invalid  
79    -3237.21520 -152.16379 1188.77115 -2206.08320 -1028.62773 -769.45713                            191.23873 -3026.53081 -1469.59610  90.17898 -3131.21436 -2446.97877     invalid  
80    -3257.08656 -154.24007 1206.11834 -2227.60886 -1028.72294 -771.16775                            171.36737 -3028.60709 -1452.24890  68.65332 -3131.30956 -2448.68938     invalid  
81    -3276.95792 -156.31636 1223.46553 -2249.13452 -1028.81814 -772.87837                            151.49602 -3030.68338 -1434.90171  47.12766 -3131.40476 -2450.40000     invalid  
82    -3296.82928 -158.39264 1240.81273 -2270.66018 -1028.91334 -774.58898                            131.62466 -3032.75966 -1417.55452  25.60200 -3131.49997 -2452.11061     invalid  
83    -3316.70064 -160.46893 1258.15992 -2292.18584 -1029.00855 -776.29960                            111.75330 -3034.83595 -1400.20733   4.07634 -3131.59517 -2453.82123     invalid  
84    -3336.57200 -162.54521 1275.50711 -2313.71150 -1029.10375 -778.01021                             91.88194 -3036.91223 -1382.86014 -17.44932 -3131.69037 -2455.53185     invalid  
85    -3356.44336 -164.62150 1292.85430 -2335.23716 -1029.19895 -779.72083                             72.01058 -3038.98852 -1365.51295 -38.97498 -3131.78557 -2457.24246     invalid  
86    -3376.31472 -166.69778 1310.20149 -2356.76282 -1029.29415 -781.43144                             52.13922 -3041.06480 -1348.16575 -60.50064 -3131.88078 -2458.95308     invalid  
87    -3396.18608 -168.77407 1327.54868 -2378.28848 -1029.38936 -783.14206                             32.26786 -3043.14109 -1330.81856 -82.02630 -3131.97598 -2460.66369     invalid  
88    -3416.05744 -170.85036 1344.89588 -2399.81414 -1029.48456 -784.85267                             12.39650 -3045.21738 -1313.47137 -103.55196 -3132.07118 -2462.37431     invalid  
89    -3435.92880 -172.92664 1362.24307 -2421.33980 -1029.57976 -786.56329                             -7.47486 -3047.29366 -1296.12418 -125.07762 -3132.16639 -2464.08492     invalid  
90    -3455.80016 -175.00293 1379.59026 -2442.86546 -1029.67497 -788.27391                            -27.34622 -3049.36995 -1278.77699 -146.60328 -3132.26159 -2465.79554     invalid  
91    -3475.67152 -177.07921 1396.93745 -2464.39112 -1029.77017 -789.98452                            -47.21758 -3051.44623 -1261.42980 -168.12894 -3132.35679 -2467.50615     invalid  
92    -3495.54288 -179.15550 1414.28464 -2485.91678 -1029.86537 -791.69514                            -67.08894 -3053.52252 -1244.08260 -189.65461 -3132.45199 -2469.21677     invalid  
93    -3515.41424 -181.23178 1431.63183 -2507.44244 -1029.96057 -793.40575                            -86.96030 -3055.59880 -1226.73541 -211.18027 -3132.54720 -2470.92739     invalid  
94    -3535.28559 -183.30807 1448.97903 -2528.96810 -1030.05578 -795.11637                            -106.83166 -3057.67509 -1209.38822 -232.70593 -3132.64240 -2472.63800     invalid  
95    -3555.15695 -185.38435 1466.32622 -2550.49376 -1030.15098 -796.82698                            -126.70302 -3059.75137 -1192.04103 -254.23159 -3132.73760 -2474.34862     invalid  
96    -3575.02831 -187.46064 1483.67341 -2572.01942 -1030.24618 -798.53760                            -146.57438 -3061.82766 -1174.69384 -275.75725 -3132.83281 -2476.05923     invalid  
97    -3594.89967 -189.53692 1501.02060 -2593.54508 -1030.34139 -800.24821                            -166.44573 -3063.90394 -1157.34665 -297.28291 -3132.92801 -2477.76985     invalid  
98    -3614.77103 -191.61321 1518.36779 -2615.07074 -1030.43659 -801.95883                            -186.31709 -3065.98023 -1139.99945 -318.80857 -3133.02321 -2479.48046     invalid  
99    -3634.64239 -193.68949 1535.71498 -2636.59640 -1030.53179 -803.66945                            -206.18845 -3068.05651 -1122.65226 -340.33423 -3133.11841 -2481.19108     invalid  
