PointDistanceFollower   Jun 17 2018   mode =  LINE3 
LINE3_RAND%_.94_0.txt      Output is S6 probe cell, C3 reduced cell,  S6Dist CS6Dist  distance between 
Compute times (msec)     S6Dist   33   CS6Dist  1
PointDistanceFollower  Jun 17 2018  mode = LINE3
LINE3_RAND%_.94_0.txt     Output is S6 probe cell, C3 reduced cell, S6Dist CS6Dist distance between
0    -3568.21534 1651.24664 -3208.01133 -3312.84247 585.23101 -2905.40507     (-1254.158,-1661.596) (-1651.247,-1066.016) (-1556.765,-1916.969)     -2321.55829 -2712.21150 759.30956 -1884.36668 -3442.43048 1821.64374     (-890.568,-62.723) (-499.915,-1620.787) (-1062.334,-1821.644)      1552.2  1552.2  
1    -3561.81043 1624.16173 -3175.76165 -3311.07423 578.39625 -2892.55923     (-1268.398,-1686.913) (-1624.162,-1045.765) (-1551.600,-1937.649)     -2315.15339 -2739.29642 791.55924 -1882.59844 -3449.26525 1834.48958     (-904.807,-48.109) (-480.664,-1614.776) (-1042.930,-1834.490)      1569.91  1569.91  
2    -3555.40553 1597.07681 -3143.51197 -3309.30599 571.56148 -2879.71339     (-1282.637,-1712.229) (-1597.077,-1025.515) (-1546.435,-1958.329)     -2308.74849 -2766.38134 823.80892 -1880.83020 -3456.10001 1847.33542     (-919.046,-33.495) (-461.413,-1608.765) (-1023.526,-1847.335)      1588.28  1588.28  
3    -3549.00063 1569.99189 -3111.26229 -3307.53775 564.72671 -2866.86755     (-1296.876,-1737.546) (-1569.992,-1005.265) (-1541.270,-1979.009)     -2302.34359 -2793.46625 856.05860 -1879.06196 -3462.93478 1860.18125     (-933.285,-18.881) (-442.162,-1602.754) (-1004.123,-1860.181)      1607.3  1607.3  
4    -3542.59573 1542.90698 -3079.01261 -3305.76951 557.89194 -2854.02172     (-1311.115,-1762.863) (-1542.907,-985.015) (-1536.106,-1999.689)     -2295.93868 -2820.55117 888.30829 -1877.29372 -3469.76955 1873.02709     (-947.524,-4.267) (-422.912,-1596.742) (-984.719,-1873.027)      1626.92  1626.92  
5    -3536.19083 1515.82206 -3046.76292 -3304.00127 551.05718 -2841.17588     (-1325.354,-1788.179) (-1515.822,-964.765) (-1530.941,-2020.369)     -2289.53378 -2847.63609 920.55797 -1875.52547 -3476.60432 1885.87293     (-972.111,-10.347) (-954.968,-1580.384) (-393.313,-1875.525)      1652.67  1653.86  
6    -3529.78593 1488.73714 -3014.51324 -3302.23303 544.22241 -2828.33004     (-1339.593,-1813.496) (-1488.737,-944.515) (-1525.776,-2041.049)     -2283.12888 -2874.72100 952.80765 -1873.75723 -3483.43908 1898.71877     (-1000.964,-24.962) (-920.950,-1559.759) (-359.449,-1873.757)      1682.29  1685.12  
7    -3523.38103 1461.65223 -2982.26356 -3300.46479 537.38764 -2815.48421     (-1353.832,-1838.813) (-1461.652,-924.265) (-1520.611,-2061.729)     -2276.72398 -2901.80592 985.05733 -1871.98899 -3490.27385 1911.56460     (-1029.817,-39.576) (-886.932,-1539.134) (-325.584,-1871.989)      1713.61  1713.97  
8    -3516.97613 1434.56731 -2950.01388 -3298.69654 530.55288 -2802.63837     (-1368.071,-1864.129) (-1434.567,-904.014) (-1515.447,-2082.409)     -2270.31908 -2928.89084 1017.30701 -1870.22075 -3497.10862 1924.41044     (-1058.670,-54.190) (-852.914,-1518.508) (-291.719,-1870.221)      1731.74  1731.74  
9    -3510.57123 1407.48239 -2917.76420 -3296.92830 523.71811 -2789.79253     (-1382.310,-1889.446) (-1407.482,-883.764) (-1510.282,-2103.089)     -2263.91418 -2955.97575 1049.55670 -1868.45251 -3503.94338 1937.25628     (-1087.523,-68.804) (-818.896,-1497.883) (-257.854,-1868.453)      1751.49  1751.49  
10    -3504.16633 1380.39748 -2885.51451 -3295.16006 516.88334 -2776.94669     (-1396.549,-1914.763) (-1380.397,-863.514) (-1505.117,-2123.769)     -2257.50928 -2983.06067 1081.80638 -1866.68427 -3510.77815 1950.10211     (-1116.376,-83.418) (-784.878,-1477.258) (-223.989,-1866.684)      1773.15  1773.15  
11    -3497.76142 1353.31256 -2853.26483 -3293.39182 510.04857 -2764.10086     (-1410.788,-1940.079) (-1353.313,-843.264) (-1499.952,-2144.449)     -2251.10438 -3010.14559 1114.05606 -1864.91603 -3517.61292 1962.94795     (-1145.230,-98.032) (-750.860,-1456.633) (-190.125,-1864.916)      1796.65  1796.65  
12    -3491.35652 1326.22764 -2821.01515 -3291.62358 503.21381 -2751.25502     (-1425.027,-1965.396) (-1326.228,-823.014) (-1494.788,-2165.129)     -2244.69948 -3037.23050 1146.30574 -1863.14779 -3524.44769 1975.79379     (-1174.083,-112.646) (-716.842,-1436.008) (-156.260,-1863.148)      1821.92  1821.92  
13    -3484.95162 1299.14273 -2788.76547 -3289.85534 496.37904 -2738.40918     (-1439.266,-1990.713) (-1299.143,-802.764) (-1489.623,-2185.809)     -2238.29458 -3064.31542 1178.55542 -1861.37955 -3531.28245 1988.63963     (-1202.936,-127.260) (-682.824,-1415.383) (-122.395,-1861.380)      1848.89  1848.89  
14    -3478.54672 1272.05781 -2756.51578 -3288.08710 489.54427 -2725.56335     (-1453.506,-2016.029) (-1272.058,-782.514) (-1484.458,-2206.489)     -2231.88968 -3091.40034 1210.80511 -1859.61130 -3538.11722 2001.48546     (-1231.789,-141.874) (-648.806,-1394.758) (-88.530,-1859.611)      1875.61  1875.61  
15    -3472.14182 1244.97289 -2724.26610 -3286.31886 482.70950 -2712.71751     (-1467.745,-2041.346) (-1244.973,-762.263) (-1479.293,-2227.169)     -2225.48477 -3118.48525 1243.05479 -1857.84306 -3544.95199 2014.33130     (-1260.642,-156.488) (-614.788,-1374.132) (-54.665,-1857.843)      1900.83  1900.83  
16    -3465.73692 1217.88798 -2692.01642 -3284.55061 475.87474 -2699.87167     (-1481.984,-2066.663) (-1217.888,-742.013) (-1474.128,-2247.849)     -2219.07987 -3145.57017 1275.30447 -1856.07482 -3551.78676 2027.17714     (-1289.495,-171.102) (-580.770,-1353.507) (-20.800,-1856.075)      1927.68  1927.68  
17    -3459.33202 1190.80306 -2659.76674 -3282.78237 469.03997 -2687.02583     (-1496.223,-2091.979) (-1190.803,-721.763) (-1468.964,-2268.529)     -2212.67497 -3172.65509 1307.55415 -1854.30658 -3558.62152 2040.02297     (-1305.284,-533.688) (-172.652,-1319.818) (-13.064,-1867.371)      1965.38  1965.38  
18    -3452.92712 1163.71814 -2627.51706 -3281.01413 462.20520 -2674.18000     (-1510.462,-2117.296) (-1163.718,-701.513) (-1463.799,-2289.209)     -2206.27007 -3199.74000 1339.80383 -1852.53834 -3565.45629 2052.86881     (-1300.272,-465.805) (-153.401,-1265.328) (-46.929,-1899.468)      2003.44  2003.44  
19    -3446.52222 1136.63323 -2595.26737 -3279.24589 455.37043 -2661.33416     (-1524.701,-2142.613) (-1136.633,-681.263) (-1458.634,-2309.889)     -2199.86517 -3226.82492 1372.05352 -1850.77010 -3572.29106 2065.71465     (-1295.261,-397.923) (-134.151,-1210.838) (-80.794,-1931.564)      2026.91  2026.91  
20    -3440.11732 1109.54831 -2563.01769 -3277.47765 448.53567 -2648.48832     (-1538.940,-2167.929) (-1109.548,-661.013) (-1453.469,-2330.569)     -2193.46027 -3253.90984 1404.30320 -1849.00186 -3579.12583 2078.56049     (-1290.249,-330.040) (-114.900,-1156.348) (-114.659,-1963.661)      2055.06  2055.06  
21    -3433.71242 1082.46339 -2530.76801 -3275.70941 441.70090 -2635.64248     (-1553.179,-2193.246) (-1082.463,-640.762) (-1448.305,-2351.249)     -2187.05537 -3280.99475 1436.55288 -1847.23362 -3585.96059 2091.40632     (-1285.237,-262.157) (-95.649,-1101.858) (-148.524,-1995.757)      2087.7  2087.7  
22    -3427.30751 1055.37848 -2498.51833 -3273.94117 434.86613 -2622.79665     (-1567.418,-2218.563) (-1055.378,-620.512) (-1443.140,-2371.929)     -2180.65047 -3308.07967 1468.80256 -1845.46537 -3592.79536 2104.25216     (-1280.226,-194.274) (-76.398,-1047.368) (-182.388,-2027.854)      2124.62  2124.62  
23    -3420.90261 1028.29356 -2466.26865 -3272.17293 428.03136 -2609.95081     (-1581.657,-2243.879) (-1028.294,-600.262) (-1437.975,-2392.609)     -2174.24557 -3335.16459 1501.05224 -1843.69713 -3599.63013 2117.09800     (-1275.214,-126.392) (-57.148,-992.878) (-216.253,-2059.950)      2165.6  2165.6  
24    -3414.49771 1001.20864 -2434.01896 -3270.40468 421.19660 -2597.10497     (-1595.896,-2269.196) (-1001.209,-580.012) (-1432.810,-2413.289)     -2167.84067 -3362.24950 1533.30193 -1841.92889 -3606.46490 2129.94384     (-1270.202,-58.509) (-37.897,-938.388) (-250.118,-2092.047)      2210.42  2210.42  
25    -3408.09281 974.12373 -2401.76928 -3268.63644 414.36183 -2584.25914     (-1610.135,-2294.513) (-974.124,-559.762) (-1427.646,-2433.969)     -2161.43576 -3389.33442 1565.55161 -1840.16065 -3613.29966 2142.78967     (-1274.565,-9.374) (-274.609,-874.524) (-9.272,-2114.770)      2269.22  2270.16  
26    -3401.68791 947.03881 -2369.51960 -3266.86820 407.52706 -2571.41330     (-1624.374,-2319.829) (-947.039,-539.512) (-1422.481,-2454.649)     -2155.03086 -3416.41934 1597.80129 -1838.39241 -3620.13443 2155.63551     (-2156.240,-162.125) (-0.605,-674.895) (-77.257,-1258.970)      2374.41  2374.41  
27    -3395.28301 919.95389 -2337.26992 -3265.09996 400.69229 -2558.56746     (-1638.614,-2345.146) (-919.954,-519.262) (-1417.316,-2475.329)     -2148.62596 -3443.50425 1630.05097 -1836.62417 -3626.96920 2168.48135     (-2188.337,-21.723) (-19.855,-484.639) (-145.139,-1215.457)      2512.84  2512.84  
28    -3388.87811 892.86898 -2305.02024 -3263.33172 393.85753 -2545.72162     (-1652.853,-2370.463) (-892.869,-499.011) (-1412.151,-2496.009)     -2142.22106 -3470.58917 1662.30066 -1834.85593 -3633.80397 2181.32718     (-2259.539,-14.770) (-39.106,-96.132) (-79.573,-1132.837)      2761.75  2761.75  
29    -3382.47321 865.78406 -2272.77055 -3261.56348 387.02276 -2532.87579                            -2135.81616 -3497.67409 1694.55034 -1833.08769 -3640.63873 2194.17302     invalid  
30    -3376.06831 838.69914 -2240.52087 -3259.79524 380.18799 -2520.02995                            -2129.41126 -3524.75900 1726.80002 -1831.31944 -3647.47350 2207.01886     invalid  
31    -3369.66341 811.61423 -2208.27119 -3258.02700 373.35323 -2507.18411                            -2123.00636 -3551.84392 1759.04970 -1829.55120 -3654.30827 2219.86470     invalid  
32    -3363.25851 784.52931 -2176.02151 -3256.25875 366.51846 -2494.33828                            -2116.60146 -3578.92884 1791.29938 -1827.78296 -3661.14303 2232.71053     invalid  
33    -3356.85360 757.44439 -2143.77183 -3254.49051 359.68369 -2481.49244                            -2110.19656 -3606.01375 1823.54907 -1826.01472 -3667.97780 2245.55637     invalid  
34    -3350.44870 730.35948 -2111.52214 -3252.72227 352.84892 -2468.64660                            -2103.79166 -3633.09867 1855.79875 -1824.24648 -3674.81257 2258.40221     invalid  
35    -3344.04380 703.27456 -2079.27246 -3250.95403 346.01416 -2455.80076                            -2097.38676 -3660.18359 1888.04843 -1822.47824 -3681.64734 2271.24804     invalid  
36    -3337.63890 676.18964 -2047.02278 -3249.18579 339.17939 -2442.95493                            -2090.98185 -3687.26850 1920.29811 -1820.71000 -3688.48210 2284.09388     invalid  
37    -3331.23400 649.10473 -2014.77310 -3247.41755 332.34462 -2430.10909                            -2084.57695 -3714.35342 1952.54779 -1818.94176 -3695.31687 2296.93972     invalid  
38    -3324.82910 622.01981 -1982.52342 -3245.64931 325.50985 -2417.26325                            -2078.17205 -3741.43834 1984.79748 -1817.17351 -3702.15164 2309.78556     invalid  
39    -3318.42420 594.93489 -1950.27373 -3243.88107 318.67509 -2404.41742                            -2071.76715 -3768.52325 2017.04716 -1815.40527 -3708.98641 2322.63139     invalid  
40    -3312.01930 567.84998 -1918.02405 -3242.11282 311.84032 -2391.57158                            -2065.36225 -3795.60817 2049.29684 -1813.63703 -3715.82117 2335.47723     invalid  
41    -3305.61440 540.76506 -1885.77437 -3240.34458 305.00555 -2378.72574                            -2058.95735 -3822.69309 2081.54652 -1811.86879 -3722.65594 2348.32307     invalid  
42    -3299.20950 513.68014 -1853.52469 -3238.57634 298.17078 -2365.87990                            -2052.55245 -3849.77800 2113.79620 -1810.10055 -3729.49071 2361.16890     invalid  
43    -3292.80460 486.59523 -1821.27500 -3236.80810 291.33602 -2353.03407                            -2046.14755 -3876.86292 2146.04589 -1808.33231 -3736.32548 2374.01474     invalid  
44    -3286.39969 459.51031 -1789.02532 -3235.03986 284.50125 -2340.18823                            -2039.74265 -3903.94784 2178.29557 -1806.56407 -3743.16024 2386.86058     invalid  
45    -3279.99479 432.42539 -1756.77564 -3233.27162 277.66648 -2327.34239                            -2033.33775 -3931.03275 2210.54525 -1804.79583 -3749.99501 2399.70642     invalid  
46    -3273.58989 405.34048 -1724.52596 -3231.50338 270.83171 -2314.49656                            -2026.93285 -3958.11767 2242.79493 -1803.02758 -3756.82978 2412.55225     invalid  
47    -3267.18499 378.25556 -1692.27628 -3229.73514 263.99695 -2301.65072                            -2020.52794 -3985.20259 2275.04461 -1801.25934 -3763.66455 2425.39809     invalid  
48    -3260.78009 351.17064 -1660.02659 -3227.96689 257.16218 -2288.80488                            -2014.12304 -4012.28750 2307.29430 -1799.49110 -3770.49931 2438.24393     invalid  
49    -3254.37519 324.08573 -1627.77691 -3226.19865 250.32741 -2275.95904                            -2007.71814 -4039.37242 2339.54398 -1797.72286 -3777.33408 2451.08976     invalid  
50    -3247.97029 297.00081 -1595.52723 -3224.43041 243.49265 -2263.11321                            -2001.31324 -4066.45734 2371.79366 -1795.95462 -3784.16885 2463.93560     invalid  
51    -3241.56539 269.91589 -1563.27755 -3222.66217 236.65788 -2250.26737                            -1994.90834 -4093.54225 2404.04334 -1794.18638 -3791.00362 2476.78144     invalid  
52    -3235.16049 242.83098 -1531.02787 -3220.89393 229.82311 -2237.42153                            -1988.50344 -4120.62717 2436.29302 -1792.41814 -3797.83838 2489.62728     invalid  
53    -3228.75559 215.74606 -1498.77818 -3219.12569 222.98834 -2224.57570                            -1982.09854 -4147.71209 2468.54271 -1790.64990 -3804.67315 2502.47311     invalid  
54    -3222.35069 188.66114 -1466.52850 -3217.35745 216.15358 -2211.72986                            -1975.69364 -4174.79700 2500.79239 -1788.88165 -3811.50792 2515.31895     invalid  
55    -3215.94578 161.57623 -1434.27882 -3215.58921 209.31881 -2198.88402                            -1969.28874 -4201.88192 2533.04207 -1787.11341 -3818.34268 2528.16479     invalid  
56    -3209.54088 134.49131 -1402.02914 -3213.82096 202.48404 -2186.03818                            -1962.88384 -4228.96683 2565.29175 -1785.34517 -3825.17745 2541.01062     invalid  
57    -3203.13598 107.40639 -1369.77946 -3212.05272 195.64927 -2173.19235                            -1956.47894 -4256.05175 2597.54144 -1783.57693 -3832.01222 2553.85646     invalid  
58    -3196.73108  80.32148 -1337.52977 -3210.28448 188.81451 -2160.34651                            -1950.07403 -4283.13667 2629.79112 -1781.80869 -3838.84699 2566.70230     invalid  
59    -3190.32618  53.23656 -1305.28009 -3208.51624 181.97974 -2147.50067                            -1943.66913 -4310.22158 2662.04080 -1780.04045 -3845.68175 2579.54814     invalid  
60    -3183.92128  26.15164 -1273.03041 -3206.74800 175.14497 -2134.65484                            -1937.26423 -4337.30650 2694.29048 -1778.27221 -3852.51652 2592.39397     invalid  
61    -3177.51638  -0.93327 -1240.78073 -3204.97976 168.31020 -2121.80900                            -1930.85933 -4364.39142 2726.54016 -1776.50397 -3859.35129 2605.23981     invalid  
62    -3171.11148 -28.01819 -1208.53105 -3203.21152 161.47544 -2108.96316                            -1924.45443 -4391.47633 2758.78985 -1774.73572 -3866.18606 2618.08565     invalid  
63    -3164.70658 -55.10311 -1176.28136 -3201.44328 154.64067 -2096.11732                            -1918.04953 -4418.56125 2791.03953 -1772.96748 -3873.02082 2630.93148     invalid  
64    -3158.30168 -82.18802 -1144.03168 -3199.67503 147.80590 -2083.27149                            -1911.64463 -4445.64617 2823.28921 -1771.19924 -3879.85559 2643.77732     invalid  
65    -3151.89677 -109.27294 -1111.78200 -3197.90679 140.97113 -2070.42565                            -1905.23973 -4472.73108 2855.53889 -1769.43100 -3886.69036 2656.62316     invalid  
66    -3145.49187 -136.35786 -1079.53232 -3196.13855 134.13637 -2057.57981                            -1898.83483 -4499.81600 2887.78857 -1767.66276 -3893.52513 2669.46900     invalid  
67    -3139.08697 -163.44277 -1047.28264 -3194.37031 127.30160 -2044.73398                            -1892.42993 -4526.90092 2920.03826 -1765.89452 -3900.35989 2682.31483     invalid  
68    -3132.68207 -190.52769 -1015.03295 -3192.60207 120.46683 -2031.88814                            -1886.02503 -4553.98583 2952.28794 -1764.12628 -3907.19466 2695.16067     invalid  
69    -3126.27717 -217.61261 -982.78327 -3190.83383 113.63206 -2019.04230                            -1879.62012 -4581.07075 2984.53762 -1762.35804 -3914.02943 2708.00651     invalid  
70    -3119.87227 -244.69752 -950.53359 -3189.06559 106.79730 -2006.19646                            -1873.21522 -4608.15567 3016.78730 -1760.58979 -3920.86420 2720.85235     invalid  
71    -3113.46737 -271.78244 -918.28391 -3187.29735  99.96253 -1993.35063                            -1866.81032 -4635.24058 3049.03698 -1758.82155 -3927.69896 2733.69818     invalid  
72    -3107.06247 -298.86736 -886.03422 -3185.52910  93.12776 -1980.50479                            -1860.40542 -4662.32550 3081.28667 -1757.05331 -3934.53373 2746.54402     invalid  
73    -3100.65757 -325.95227 -853.78454 -3183.76086  86.29300 -1967.65895                            -1854.00052 -4689.41042 3113.53635 -1755.28507 -3941.36850 2759.38986     invalid  
74    -3094.25267 -353.03719 -821.53486 -3181.99262  79.45823 -1954.81311                            -1847.59562 -4716.49533 3145.78603 -1753.51683 -3948.20326 2772.23569     invalid  
75    -3087.84777 -380.12211 -789.28518 -3180.22438  72.62346 -1941.96728                            -1841.19072 -4743.58025 3178.03571 -1751.74859 -3955.03803 2785.08153     invalid  
76    -3081.44286 -407.20702 -757.03550 -3178.45614  65.78869 -1929.12144                            -1834.78582 -4770.66517 3210.28539 -1749.98035 -3961.87280 2797.92737     invalid  
77    -3075.03796 -434.29194 -724.78581 -3176.68790  58.95393 -1916.27560                            -1828.38092 -4797.75008 3242.53508 -1748.21211 -3968.70757 2810.77321     invalid  
78    -3068.63306 -461.37686 -692.53613 -3174.91966  52.11916 -1903.42977                            -1821.97602 -4824.83500 3274.78476 -1746.44386 -3975.54233 2823.61904     invalid  
79    -3062.22816 -488.46177 -660.28645 -3173.15142  45.28439 -1890.58393                            -1815.57111 -4851.91992 3307.03444 -1744.67562 -3982.37710 2836.46488     invalid  
80    -3055.82326 -515.54669 -628.03677 -3171.38317  38.44962 -1877.73809                            -1809.16621 -4879.00483 3339.28412 -1742.90738 -3989.21187 2849.31072     invalid  
81    -3049.41836 -542.63161 -595.78709 -3169.61493  31.61486 -1864.89225                            -1802.76131 -4906.08975 3371.53380 -1741.13914 -3996.04664 2862.15655     invalid  
82    -3043.01346 -569.71652 -563.53740 -3167.84669  24.78009 -1852.04642                            -1796.35641 -4933.17467 3403.78349 -1739.37090 -4002.88140 2875.00239     invalid  
83    -3036.60856 -596.80144 -531.28772 -3166.07845  17.94532 -1839.20058                            -1789.95151 -4960.25958 3436.03317 -1737.60266 -4009.71617 2887.84823     invalid  
84    -3030.20366 -623.88636 -499.03804 -3164.31021  11.11055 -1826.35474                            -1783.54661 -4987.34450 3468.28285 -1735.83442 -4016.55094 2900.69407     invalid  
85    -3023.79876 -650.97127 -466.78836 -3162.54197   4.27579 -1813.50891                            -1777.14171 -5014.42942 3500.53253 -1734.06618 -4023.38571 2913.53990     invalid  
86    -3017.39386 -678.05619 -434.53868 -3160.77373  -2.55898 -1800.66307                            -1770.73681 -5041.51433 3532.78222 -1732.29793 -4030.22047 2926.38574     invalid  
87    -3010.98895 -705.14111 -402.28899 -3159.00549  -9.39375 -1787.81723                            -1764.33191 -5068.59925 3565.03190 -1730.52969 -4037.05524 2939.23158     invalid  
88    -3004.58405 -732.22602 -370.03931 -3157.23724 -16.22852 -1774.97139                            -1757.92701 -5095.68417 3597.28158 -1728.76145 -4043.89001 2952.07741     invalid  
89    -2998.17915 -759.31094 -337.78963 -3155.46900 -23.06328 -1762.12556                            -1751.52211 -5122.76908 3629.53126 -1726.99321 -4050.72478 2964.92325     invalid  
90    -2991.77425 -786.39586 -305.53995 -3153.70076 -29.89805 -1749.27972                            -1745.11720 -5149.85400 3661.78094 -1725.22497 -4057.55954 2977.76909     invalid  
91    -2985.36935 -813.48077 -273.29027 -3151.93252 -36.73282 -1736.43388                            -1738.71230 -5176.93892 3694.03063 -1723.45673 -4064.39431 2990.61493     invalid  
92    -2978.96445 -840.56569 -241.04058 -3150.16428 -43.56758 -1723.58805                            -1732.30740 -5204.02383 3726.28031 -1721.68849 -4071.22908 3003.46076     invalid  
93    -2972.55955 -867.65061 -208.79090 -3148.39604 -50.40235 -1710.74221                            -1725.90250 -5231.10875 3758.52999 -1719.92025 -4078.06385 3016.30660     invalid  
94    -2966.15465 -894.73552 -176.54122 -3146.62780 -57.23712 -1697.89637                            -1719.49760 -5258.19367 3790.77967 -1718.15200 -4084.89861 3029.15244     invalid  
95    -2959.74975 -921.82044 -144.29154 -3144.85956 -64.07189 -1685.05053                            -1713.09270 -5285.27858 3823.02935 -1716.38376 -4091.73338 3041.99827     invalid  
96    -2953.34485 -948.90536 -112.04186 -3143.09131 -70.90665 -1672.20470                            -1706.68780 -5312.36350 3855.27904 -1714.61552 -4098.56815 3054.84411     invalid  
97    -2946.93995 -975.99027 -79.79217 -3141.32307 -77.74142 -1659.35886                            -1700.28290 -5339.44842 3887.52872 -1712.84728 -4105.40291 3067.68995     invalid  
98    -2940.53504 -1003.07519 -47.54249 -3139.55483 -84.57619 -1646.51302                            -1693.87800 -5366.53333 3919.77840 -1711.07904 -4112.23768 3080.53579     invalid  
99    -2934.13014 -1030.16011 -15.29281 -3137.78659 -91.41096 -1633.66719                            -1687.47310 -5393.61825 3952.02808 -1709.31080 -4119.07245 3093.38162     invalid  
