PointDistanceFollower   Jan 31 2020   mode =  Single Point 
Fol_.9_0.txt      Output is S6 probe cell, C3 reduced cell,  S6Dist CS6Dist LMDist  distance between 
Compute times (msec)     S6Dist   38   CS6Dist  1   LMDist   30186
PointDistanceFollower  Jan 31 2020  mode = Single Point
Fol_.9_0.txt     Output is S6 probe cell, C3 reduced cell, S6Dist CS6Dist LMDist distance between
0    -56.56203 -44.66614 -33.54583   4.66193 -20.53729   5.68267     (-45.045,-5.531) (-44.818,-0.152) (-24.070,-4.510)      0  1.3487e-06  0  
1    -56.44569 -44.66767 -33.45012   4.55897 -20.33137   5.57972     (-24.332,-5.580) (-44.668,-0.054) (-45.286,-4.559)      0.443654  0.475314  0.540935  
2    -56.32936 -44.66921 -33.35440   4.45601 -20.12546   5.47676     (-24.442,-5.477) (-44.669,-0.260) (-45.376,-4.456)      0.667688  0.738226  1.08187  
3    -56.21302 -44.67074 -33.25869   4.35306 -19.91955   5.37381     (-24.553,-5.374) (-44.671,-0.466) (-45.465,-4.353)      0.928616  0.98721  1.62281  
4    -56.09669 -44.67228 -33.16298   4.25010 -19.71364   5.27085     (-24.663,-5.271) (-44.672,-0.672) (-45.555,-4.250)      1.20266  1.2561  1.76693     glitch
5    -55.98035 -44.67381 -33.06726   4.14714 -19.50772   5.16789     (-24.773,-5.168) (-44.674,-0.878) (-45.645,-4.147)      1.48256  1.53331  1.93611  
6    -55.86401 -44.67535 -32.97155   4.04419 -19.30181   5.06494     (-24.883,-5.065) (-44.675,-1.084) (-45.734,-4.044)      1.76554  1.81469  2.13133  
7    -55.74768 -44.67688 -32.87583   3.94123 -19.09590   4.96198     (-24.993,-4.962) (-44.677,-1.289) (-45.824,-3.941)      2.05032  2.09844  2.34608  
8    -55.63134 -44.67841 -32.78012   3.83827 -18.88998   4.85902     (-25.104,-4.859) (-44.678,-1.495) (-45.913,-3.838)      2.33624  2.38364  2.5755  
9    -55.51501 -44.67995 -32.68440   3.73532 -18.68407   4.75607     (-25.214,-4.756) (-44.680,-1.701) (-46.003,-3.735)      2.62294  2.66981  2.816  
10    -55.39867 -44.68148 -32.58869   3.63236 -18.47816   4.65311     (-25.324,-4.653) (-44.681,-1.907) (-46.092,-3.632)      2.91017  2.95665  3.06497  
11    -55.28233 -44.68302 -32.49297   3.52941 -18.27225   4.55015     (-25.434,-4.550) (-44.683,-2.113) (-46.182,-3.529)      3.1978  3.24397  3.3205  
12    -55.16600 -44.68455 -32.39726   3.42645 -18.06633   4.44720     (-25.544,-4.447) (-44.685,-2.319) (-46.272,-3.426)      3.48573  3.53165  3.5812  
13    -55.04966 -44.68609 -32.30154   3.32349 -17.86042   4.34424     (-25.655,-4.344) (-44.686,-2.525) (-46.361,-3.323)      3.77389  3.81961  3.84601  
14    -54.93333 -44.68762 -32.20583   3.22054 -17.65451   4.24128     (-25.765,-4.241) (-44.688,-2.731) (-46.451,-3.221)      4.06223  4.10778  4.11414  
15    -54.81699 -44.68916 -32.11011   3.11758 -17.44859   4.13833     (-25.875,-4.138) (-44.689,-2.937) (-46.540,-3.118)      4.35071  4.38497  4.38497  
16    -54.70065 -44.69069 -32.01440   3.01462 -17.24268   4.03537     (-25.985,-4.035) (-44.691,-3.143) (-46.630,-3.015)      4.60424  4.60424  4.60424  
17    -54.58432 -44.69222 -31.91868   2.91167 -17.03677   3.93242     (-26.095,-3.932) (-44.692,-3.349) (-46.719,-2.912)      4.53356  4.53356  4.53356  
18    -54.46798 -44.69376 -31.82297   2.80871 -16.83086   3.82946     (-26.206,-3.829) (-44.694,-3.555) (-46.809,-2.809)      4.4805  4.4805  4.4805  
19    -54.35165 -44.69529 -31.72725   2.70575 -16.62494   3.72650     (-26.316,-3.727) (-44.695,-3.760) (-46.899,-2.706)      4.44568  4.44568  4.44568  
20    -54.23531 -44.69683 -31.63154   2.60280 -16.41903   3.62355     (-26.426,-3.624) (-44.697,-3.966) (-46.988,-2.603)      4.42955  4.42955  4.42955  
21    -54.11897 -44.69836 -31.53582   2.49984 -16.21312   3.52059     (-26.536,-3.521) (-44.698,-4.172) (-47.078,-2.500)      4.43229  4.43229  4.43229  
22    -54.00264 -44.69990 -31.44011   2.39688 -16.00720   3.41763     (-26.646,-3.418) (-44.700,-4.378) (-47.167,-2.397)      4.45388  4.45388  4.45388  
23    -53.88630 -44.70143 -31.34439   2.29393 -15.80129   3.31468     (-26.757,-3.315) (-44.701,-4.584) (-47.257,-2.294)      4.49405  4.49405  4.49405  
24    -53.76997 -44.70297 -31.24868   2.19097 -15.59538   3.21172     (-26.867,-3.212) (-44.703,-4.790) (-47.347,-2.191)      4.5523  4.5523  4.5523  
25    -53.65363 -44.70450 -31.15296   2.08802 -15.38947   3.10876     (-26.977,-3.109) (-44.705,-4.996) (-47.436,-2.088)      4.62795  4.62795  4.62795  
26    -53.53729 -44.70603 -31.05725   1.98506 -15.18355   3.00581     (-27.087,-3.006) (-44.706,-5.202) (-47.526,-1.985)      4.72016  4.72016  4.72016  
27    -53.42096 -44.70757 -30.96153   1.88210 -14.97764   2.90285     (-27.197,-2.903) (-44.708,-5.408) (-47.615,-1.882)      4.82799  4.82799  4.82799  
28    -53.30462 -44.70910 -30.86582   1.77915 -14.77173   2.79989     (-27.308,-2.800) (-44.709,-5.614) (-47.705,-1.779)      4.95041  4.95041  4.95041  
29    -53.18829 -44.71064 -30.77010   1.67619 -14.56581   2.69694     (-27.418,-2.697) (-44.711,-5.820) (-47.794,-1.676)      5.08638  5.08638  5.08638  
30    -53.07195 -44.71217 -30.67439   1.57323 -14.35990   2.59398     (-27.528,-2.594) (-44.712,-6.025) (-47.884,-1.573)      5.23483  5.23483  5.23483  
31    -52.95561 -44.71371 -30.57868   1.47028 -14.15399   2.49103     (-27.638,-2.491) (-44.714,-6.231) (-47.974,-1.470)      5.39473  5.39473  5.39473  
32    -52.83928 -44.71524 -30.48296   1.36732 -13.94808   2.38807     (-27.748,-2.388) (-44.715,-6.437) (-48.063,-1.367)      5.5651  5.5651  5.5651  
33    -52.72294 -44.71678 -30.38725   1.26436 -13.74216   2.28511     (-27.859,-2.285) (-44.717,-6.643) (-48.153,-1.264)      5.74501  5.74501  5.74501  
34    -52.60661 -44.71831 -30.29153   1.16141 -13.53625   2.18216     (-27.969,-2.182) (-44.718,-6.849) (-48.242,-1.161)      5.93359  5.93359  5.93359  
35    -52.49027 -44.71985 -30.19582   1.05845 -13.33034   2.07920     (-28.079,-2.079) (-44.720,-7.055) (-48.332,-1.058)      6.13004  6.13004  6.13004  
36    -52.37393 -44.72138 -30.10010   0.95549 -13.12442   1.97624     (-28.189,-1.976) (-44.721,-7.261) (-48.421,-0.955)      6.33363  6.33363  6.33363  
37    -52.25760 -44.72291 -30.00439   0.85254 -12.91851   1.87329     (-28.299,-1.873) (-44.723,-7.467) (-48.511,-0.853)      6.54368  6.54368  6.54368  
38    -52.14126 -44.72445 -29.90867   0.74958 -12.71260   1.77033     (-28.410,-1.770) (-44.724,-7.673) (-48.601,-0.750)      6.75961  6.75961  6.75961  
39    -52.02493 -44.72598 -29.81296   0.64663 -12.50669   1.66737     (-28.520,-1.667) (-44.726,-7.879) (-48.690,-0.647)      6.98086  6.98086  6.98086  
40    -51.90859 -44.72752 -29.71724   0.54367 -12.30077   1.56442     (-28.630,-1.564) (-44.728,-8.085) (-48.780,-0.544)      7.20694  7.20694  7.20694  
41    -51.79225 -44.72905 -29.62153   0.44071 -12.09486   1.46146     (-28.740,-1.461) (-44.729,-8.291) (-48.869,-0.441)      7.43741  7.43741  7.43741  
42    -51.67592 -44.73059 -29.52581   0.33776 -11.88895   1.35850     (-28.850,-1.359) (-44.731,-8.496) (-48.959,-0.338)      7.67188  7.67188  7.67188  
43    -51.55958 -44.73212 -29.43010   0.23480 -11.68303   1.25555     (-28.960,-1.256) (-44.732,-8.702) (-49.048,-0.235)      7.90999  7.90999  7.90999  
44    -51.44325 -44.73366 -29.33438   0.13184 -11.47712   1.15259     (-29.071,-1.153) (-44.734,-8.908) (-49.138,-0.132)      8.15142  8.15142  8.15142  
45    -51.32691 -44.73519 -29.23867   0.02889 -11.27121   1.04964     (-29.181,-1.050) (-44.735,-9.114) (-49.228,-0.029)      8.39589  8.39589  8.39589  
46    -51.21057 -44.73672 -29.14295  -0.07407 -11.06530   0.94668     (-44.663,-0.873) (-29.217,-9.246) (-49.391,-0.074)      8.63924  8.71169  8.64314  
47    -51.09424 -44.73826 -29.04724  -0.17703 -10.85938   0.84372     (-44.561,-0.667) (-29.224,-9.349) (-49.584,-0.177)      8.88651  9.0341  8.89293  
48    -50.97790 -44.73979 -28.95152  -0.27998 -10.65347   0.74077     (-44.460,-0.461) (-29.232,-9.452) (-49.776,-0.280)      9.09949  9.24244  9.14506  
49    -50.86157 -44.74133 -28.85581  -0.38294 -10.44756   0.63781     (-44.358,-0.255) (-29.239,-9.555) (-49.969,-0.383)      9.19593  9.34238  9.39934  
50    -50.74523 -44.74286 -28.76009  -0.48590 -10.24164   0.53485     (-44.257,-0.049) (-29.246,-9.658) (-50.161,-0.486)      9.30332  9.35135  9.36144  
51    -50.62889 -44.74440 -28.66438  -0.58885 -10.03573   0.43190     (-44.313,-0.157) (-50.197,-9.604) (-29.096,-0.432)      9.23498  9.23498  9.23498  
52    -50.51256 -44.74593 -28.56866  -0.69181  -9.82982   0.32894     (-44.417,-0.363) (-50.184,-9.501) (-28.898,-0.329)      9.11929  9.11929  9.11929  
53    -50.39622 -44.74747 -28.47295  -0.79476  -9.62391   0.22598     (-44.521,-0.569) (-50.170,-9.398) (-28.699,-0.226)      9.01479  9.01479  9.01479  
54    -50.27989 -44.74900 -28.37723  -0.89772  -9.41799   0.12303     (-44.626,-0.775) (-50.157,-9.295) (-28.500,-0.123)      8.92187  8.92187  8.92187  
55    -50.16355 -44.75053 -28.28152  -1.00068  -9.21208   0.02007     (-44.730,-0.981) (-50.143,-9.192) (-28.302,-0.020)      8.84089  8.84089  8.84089  
56    -50.04721 -44.75207 -28.18581  -1.10363  -9.00617  -0.08289     (-50.047,-1.104) (-44.752,-9.006) (-28.186,-0.083)      8.7205  8.76001  8.77219  
57    -49.93088 -44.75360 -28.09009  -1.20659  -8.80025  -0.18584     (-49.931,-1.207) (-44.754,-8.800) (-28.090,-0.186)      8.53737  8.53737  8.53737  
58    -49.81454 -44.75514 -27.99438  -1.30955  -8.59434  -0.28880     (-49.815,-1.310) (-44.755,-8.594) (-27.994,-0.289)      8.30622  8.30622  8.30622  
59    -49.69821 -44.75667 -27.89866  -1.41250  -8.38843  -0.39175     (-49.698,-1.413) (-44.757,-8.388) (-27.899,-0.392)      8.07913  8.07913  8.07913  
60    -49.58187 -44.75821 -27.80295  -1.51546  -8.18252  -0.49471     (-49.582,-1.515) (-44.758,-8.183) (-27.803,-0.495)      7.85647  7.85647  7.85647  
61    -49.46553 -44.75974 -27.70723  -1.61842  -7.97660  -0.59767     (-49.466,-1.618) (-44.760,-7.977) (-27.707,-0.598)      7.63862  7.63862  7.63862  
62    -49.34920 -44.76128 -27.61152  -1.72137  -7.77069  -0.70062     (-49.349,-1.721) (-44.761,-7.771) (-27.612,-0.701)      7.426  7.426  7.426  
63    -49.23286 -44.76281 -27.51580  -1.82433  -7.56478  -0.80358     (-49.233,-1.824) (-44.763,-7.565) (-27.516,-0.804)      7.21907  7.21907  7.21907  
64    -49.11653 -44.76435 -27.42009  -1.92729  -7.35886  -0.90654     (-49.117,-1.927) (-44.764,-7.359) (-27.420,-0.907)      7.01834  7.01834  7.01834  
65    -49.00019 -44.76588 -27.32437  -2.03024  -7.15295  -1.00949     (-49.000,-2.030) (-44.766,-7.153) (-27.324,-1.009)      6.82435  6.82435  6.82435  
66    -48.88385 -44.76741 -27.22866  -2.13320  -6.94704  -1.11245     (-48.884,-2.133) (-44.767,-6.947) (-27.229,-1.112)      6.6377  6.6377  6.6377  
67    -48.76752 -44.76895 -27.13294  -2.23615  -6.74113  -1.21541     (-48.768,-2.236) (-44.769,-6.741) (-27.133,-1.215)      6.45903  6.45903  6.45903  
68    -48.65118 -44.77048 -27.03723  -2.33911  -6.53521  -1.31836     (-48.651,-2.339) (-44.770,-6.535) (-27.037,-1.318)      6.289  6.289  6.289  
69    -48.53485 -44.77202 -26.94151  -2.44207  -6.32930  -1.42132     (-48.535,-2.442) (-44.772,-6.329) (-26.942,-1.421)      6.12835  6.12835  6.12835  
70    -48.41851 -44.77355 -26.84580  -2.54502  -6.12339  -1.52428     (-48.419,-2.545) (-44.774,-6.123) (-26.846,-1.524)      5.97782  5.97782  5.97782  
71    -48.30217 -44.77509 -26.75008  -2.64798  -5.91747  -1.62723     (-48.302,-2.648) (-44.775,-5.917) (-26.750,-1.627)      5.8382  5.8382  5.8382  
72    -48.18584 -44.77662 -26.65437  -2.75094  -5.71156  -1.73019     (-48.186,-2.751) (-44.777,-5.712) (-26.654,-1.730)      5.7103  5.7103  5.7103  
73    -48.06950 -44.77816 -26.55865  -2.85389  -5.50565  -1.83314     (-48.070,-2.854) (-44.778,-5.506) (-26.559,-1.833)      5.59491  5.59491  5.59491  
74    -47.95317 -44.77969 -26.46294  -2.95685  -5.29974  -1.93610     (-47.953,-2.957) (-44.780,-5.300) (-26.463,-1.936)      5.49282  5.49282  5.49282  
75    -47.83683 -44.78122 -26.36722  -3.05981  -5.09382  -2.03906     (-47.837,-3.060) (-44.781,-5.094) (-26.367,-2.039)      5.40479  5.40479  5.40479  
76    -47.72049 -44.78276 -26.27151  -3.16276  -4.88791  -2.14201     (-47.720,-3.163) (-44.783,-4.888) (-26.272,-2.142)      5.33151  5.33151  5.33151  
77    -47.60416 -44.78429 -26.17579  -3.26572  -4.68200  -2.24497     (-47.604,-3.266) (-44.784,-4.682) (-26.176,-2.245)      5.2736  5.2736  5.2736  
78    -47.48782 -44.78583 -26.08008  -3.36868  -4.47608  -2.34793     (-47.488,-3.369) (-44.786,-4.476) (-26.080,-2.348)      5.23157  5.23157  5.23157  
79    -47.37149 -44.78736 -25.98436  -3.47163  -4.27017  -2.45088     (-47.371,-3.472) (-44.787,-4.270) (-25.984,-2.451)      5.20581  5.20581  5.20581  
80    -47.25515 -44.78890 -25.88865  -3.57459  -4.06426  -2.55384     (-47.255,-3.575) (-44.789,-4.064) (-25.889,-2.554)      5.19655  5.19655  5.19655  
81    -47.13881 -44.79043 -25.79293  -3.67754  -3.85835  -2.65680     (-47.139,-3.678) (-44.790,-3.858) (-25.793,-2.657)      5.20388  5.20388  5.20388  
82    -47.02248 -44.79197 -25.69722  -3.78050  -3.65243  -2.75975     (-47.022,-3.781) (-44.792,-3.652) (-25.697,-2.760)      4.99401  4.99401  4.99401  
83    -46.90614 -44.79350 -25.60151  -3.88346  -3.44652  -2.86271     (-46.906,-3.883) (-44.794,-3.447) (-25.602,-2.863)      4.70024  4.70024  4.70024  
84    -46.78981 -44.79504 -25.50579  -3.98641  -3.24061  -2.96567     (-46.790,-3.986) (-44.795,-3.241) (-25.506,-2.966)      4.40648  4.40648  4.40648  
85    -46.67347 -44.79657 -25.41008  -4.08937  -3.03469  -3.06862     (-46.673,-4.089) (-44.797,-3.035) (-25.410,-3.069)      4.11271  4.11271  4.11271  
86    -46.55713 -44.79810 -25.31436  -4.19233  -2.82878  -3.17158     (-46.557,-4.192) (-44.798,-2.829) (-25.314,-3.172)      3.81895  3.81895  3.81895  
87    -46.44080 -44.79964 -25.21865  -4.29528  -2.62287  -3.27453     (-46.441,-4.295) (-44.800,-2.623) (-25.219,-3.275)      3.52518  3.52518  3.52518  
88    -46.32446 -44.80117 -25.12293  -4.39824  -2.41696  -3.37749     (-46.324,-4.398) (-44.801,-2.417) (-25.123,-3.377)      3.23142  3.23142  3.23142  
89    -46.20813 -44.80271 -25.02722  -4.50120  -2.21104  -3.48045     (-46.208,-4.501) (-44.803,-2.211) (-25.027,-3.480)      2.93765  2.93765  2.93765  
90    -46.09179 -44.80424 -24.93150  -4.60415  -2.00513  -3.58340     (-46.092,-4.604) (-44.804,-2.005) (-24.932,-3.583)      2.64389  2.64389  2.64389  
91    -45.97545 -44.80578 -24.83579  -4.70711  -1.79922  -3.68636     (-45.975,-4.707) (-44.806,-1.799) (-24.836,-3.686)      2.35012  2.35012  2.35012  
92    -45.85912 -44.80731 -24.74007  -4.81007  -1.59330  -3.78932     (-45.859,-4.810) (-44.807,-1.593) (-24.740,-3.789)      2.05636  2.05636  2.05636  
93    -45.74278 -44.80885 -24.64436  -4.91302  -1.38739  -3.89227     (-45.743,-4.913) (-44.809,-1.387) (-24.644,-3.892)      1.76259  1.76259  1.76259  
94    -45.62645 -44.81038 -24.54864  -5.01598  -1.18148  -3.99523     (-45.626,-5.016) (-44.810,-1.181) (-24.549,-3.995)      1.46883  1.46883  1.46883  
95    -45.51011 -44.81191 -24.45293  -5.11893  -0.97557  -4.09819     (-45.510,-5.119) (-44.812,-0.976) (-24.453,-4.098)      1.17506  1.17506  1.17506  
96    -45.39377 -44.81345 -24.35721  -5.22189  -0.76965  -4.20114     (-45.394,-5.222) (-44.813,-0.770) (-24.357,-4.201)      0.881295  0.881295  0.881295  
97    -45.27744 -44.81498 -24.26150  -5.32485  -0.56374  -4.30410     (-45.277,-5.325) (-44.815,-0.564) (-24.261,-4.304)      0.58753  0.58753  0.58753  
98    -45.16110 -44.81652 -24.16578  -5.42780  -0.35783  -4.40706     (-45.161,-5.428) (-44.817,-0.358) (-24.166,-4.407)      0.293765  0.293765  0.293765  
99    -45.04477 -44.81805 -24.07007  -5.53076  -0.15191  -4.51001     (-45.045,-5.531) (-44.818,-0.152) (-24.070,-4.510)      0  1.3487e-06  0  
