PointDistanceFollower   Jan 31 2020   mode =  Single Point 
Fol_.12_0.txt      Output is S6 probe cell, C3 reduced cell,  S6Dist CS6Dist LMDist  distance between 
Compute times (msec)     S6Dist   41   CS6Dist  2   LMDist   3044
PointDistanceFollower  Jan 31 2020  mode = Single Point
Fol_.12_0.txt     Output is S6 probe cell, C3 reduced cell, S6Dist CS6Dist LMDist distance between
0    -52.40730 -29.62180 -30.12580  10.27287 -21.66425  -7.08341     (-16.663,-7.083) (-59.491,-8.202) (-22.538,-3.189)      0  0  0  
1    -52.04625 -29.92350 -30.04916  10.09755 -21.52827  -7.04407     (-16.898,-7.044) (-59.090,-8.377) (-22.879,-3.053)      0.618427  0.618427  0.618427  
2    -51.68520 -30.22521 -29.97252   9.92223 -21.39229  -7.00474     (-17.133,-7.005) (-58.690,-8.553) (-23.220,-2.917)      1.23685  1.23685  1.23685  
3    -51.32415 -30.52692 -29.89588   9.74692 -21.25630  -6.96541     (-17.367,-6.965) (-58.290,-8.728) (-23.562,-2.782)      1.85528  1.85528  1.85528  
4    -50.96310 -30.82862 -29.81924   9.57160 -21.12032  -6.92608     (-17.602,-6.926) (-57.889,-8.903) (-23.903,-2.646)      2.47371  2.47371  2.47371  
5    -50.60205 -31.13033 -29.74260   9.39629 -20.98434  -6.88674     (-17.837,-6.887) (-57.489,-9.079) (-24.244,-2.510)      3.09213  3.09213  3.09213  
6    -50.24101 -31.43203 -29.66596   9.22097 -20.84835  -6.84741     (-18.071,-6.847) (-57.088,-9.254) (-24.585,-2.374)      3.71056  3.71056  3.71056  
7    -49.87996 -31.73374 -29.58932   9.04565 -20.71237  -6.80808     (-18.306,-6.808) (-56.688,-9.429) (-24.926,-2.238)      4.32899  4.32899  4.32899  
8    -49.51891 -32.03545 -29.51267   8.87034 -20.57639  -6.76874     (-18.541,-6.769) (-56.288,-9.604) (-25.267,-2.102)      4.94741  4.94741  4.94741  
9    -49.15786 -32.33715 -29.43603   8.69502 -20.44040  -6.72941     (-18.775,-6.729) (-55.887,-9.780) (-25.608,-1.966)      5.56584  5.56584  5.56584  
10    -48.79681 -32.63886 -29.35939   8.51971 -20.30442  -6.69008     (-19.010,-6.690) (-55.487,-9.955) (-25.949,-1.830)      6.18427  6.18427  6.18427  
11    -48.43576 -32.94056 -29.28275   8.34439 -20.16844  -6.65075     (-19.245,-6.651) (-55.087,-10.130) (-26.290,-1.694)      6.80269  6.80269  6.80269  
12    -48.07471 -33.24227 -29.20611   8.16907 -20.03245  -6.61141     (-19.479,-6.611) (-54.686,-10.306) (-26.631,-1.558)      7.42112  7.42112  7.42112  
13    -47.71366 -33.54398 -29.12947   7.99376 -19.89647  -6.57208     (-19.714,-6.572) (-54.286,-10.481) (-26.972,-1.422)      8.03955  8.03955  8.03955  
14    -47.35262 -33.84568 -29.05283   7.81844 -19.76049  -6.53275     (-19.949,-6.533) (-53.885,-10.656) (-27.313,-1.286)      8.65797  8.65797  8.65797  
15    -46.99157 -34.14739 -28.97619   7.64313 -19.62451  -6.49341     (-20.183,-6.493) (-53.485,-10.832) (-27.654,-1.150)      9.2764  9.2764  9.2764  
16    -46.63052 -34.44909 -28.89955   7.46781 -19.48852  -6.45408     (-20.418,-6.454) (-53.085,-11.007) (-27.995,-1.014)      9.89483  9.89483  9.89483  
17    -46.26947 -34.75080 -28.82291   7.29250 -19.35254  -6.41475     (-20.653,-6.415) (-52.684,-11.182) (-28.336,-0.878)      10.5133  10.5133  10.5133  
18    -45.90842 -35.05251 -28.74627   7.11718 -19.21656  -6.37542     (-20.887,-6.375) (-52.284,-11.358) (-28.677,-0.742)      11.1317  11.1317  11.1317  
19    -45.54737 -35.35421 -28.66963   6.94186 -19.08057  -6.33608     (-21.122,-6.336) (-51.883,-11.533) (-29.018,-0.606)      11.7501  11.7501  11.7501  
20    -45.18632 -35.65592 -28.59299   6.76655 -18.94459  -6.29675     (-21.357,-6.297) (-51.483,-11.708) (-29.359,-0.470)      12.3685  12.3685  12.3685  
21    -44.82527 -35.95763 -28.51635   6.59123 -18.80861  -6.25742     (-21.591,-6.257) (-51.083,-11.884) (-29.700,-0.334)      12.987  12.987  12.987  
22    -44.46423 -36.25933 -28.43971   6.41592 -18.67262  -6.21808     (-21.826,-6.218) (-50.682,-12.059) (-30.041,-0.198)      13.6054  13.6054  13.6054  
23    -44.10318 -36.56104 -28.36307   6.24060 -18.53664  -6.17875     (-22.061,-6.179) (-50.282,-12.234) (-30.382,-0.062)      14.2238  14.2238  14.2238  
24    -43.74213 -36.86274 -28.28643   6.06528 -18.40066  -6.13942     (-49.807,-6.065) (-22.221,-12.335) (-30.797,-0.074)      14.8875  14.9456  14.8422  
25    -43.38108 -37.16445 -28.20979   5.88997 -18.26467  -6.10009     (-49.271,-5.890) (-22.320,-12.375) (-31.274,-0.210)      15.5932  15.7589  15.4607  
26    -43.02003 -37.46616 -28.13315   5.71465 -18.12869  -6.06075     (-48.735,-5.715) (-22.418,-12.414) (-31.752,-0.346)      16.3037  16.5782  16.0791  
27    -42.65898 -37.76786 -28.05651   5.53934 -17.99271  -6.02142     (-48.198,-5.539) (-22.517,-12.453) (-32.229,-0.482)      17.0183  17.2898  16.6975  
28    -42.29793 -38.06957 -27.97987   5.36402 -17.85673  -5.98209     (-47.662,-5.364) (-22.616,-12.493) (-32.706,-0.618)      17.7366  17.9624  17.3159  
29    -41.93689 -38.37127 -27.90322   5.18871 -17.72074  -5.94276     (-47.126,-5.189) (-22.715,-12.532) (-33.183,-0.754)      18.4581  18.6416  17.9344  
30    -41.57584 -38.67298 -27.82658   5.01339 -17.58476  -5.90342     (-46.589,-5.013) (-22.813,-12.571) (-33.660,-0.890)      19.1825  19.3267  18.5528  
31    -41.21479 -38.97469 -27.74994   4.83807 -17.44878  -5.86409     (-46.053,-4.838) (-22.912,-12.611) (-34.137,-1.026)      19.9094  20.0171  19.1712  
32    -40.85374 -39.27639 -27.67330   4.66276 -17.31279  -5.82476     (-45.516,-4.663) (-23.011,-12.650) (-34.614,-1.162)      20.6387  20.7123  19.7897  
33    -40.49269 -39.57810 -27.59666   4.48744 -17.17681  -5.78542     (-44.980,-4.487) (-23.109,-12.689) (-35.091,-1.298)      21.37  21.4118  20.4081  
34    -40.13164 -39.87981 -27.52002   4.31213 -17.04083  -5.74609     (-44.444,-4.312) (-23.208,-12.729) (-35.568,-1.434)      22.1032  22.1152  21.0265  
35    -39.77059 -40.18151 -27.44338   4.13681 -16.90484  -5.70676     (-43.907,-4.137) (-23.307,-12.768) (-36.045,-1.570)      22.8222  22.8222  21.6449  
36    -39.40954 -40.48322 -27.36674   3.96149 -16.76886  -5.66743     (-43.371,-3.961) (-23.405,-12.807) (-36.522,-1.706)      23.5324  23.5324  22.2634  
37    -39.04850 -40.78492 -27.29010   3.78618 -16.63288  -5.62809     (-42.835,-3.786) (-23.504,-12.847) (-36.999,-1.842)      24.2456  24.2456  22.8818  
38    -38.68745 -41.08663 -27.21346   3.61086 -16.49689  -5.58876     (-42.298,-3.611) (-23.603,-12.886) (-37.476,-1.978)      24.9614  24.9614  23.5002  
39    -38.32640 -41.38834 -27.13682   3.43555 -16.36091  -5.54943     (-41.762,-3.436) (-23.701,-12.925) (-37.953,-2.114)      25.6797  25.6797  24.1186  
40    -37.96535 -41.69004 -27.06018   3.26023 -16.22493  -5.51009     (-41.226,-3.260) (-23.800,-12.965) (-38.430,-2.250)      26.4003  26.4003  24.7371  
41    -37.60430 -41.99175 -26.98354   3.08491 -16.08895  -5.47076     (-40.689,-3.085) (-23.899,-13.004) (-38.907,-2.386)      27.1229  27.1229  25.3555  
42    -37.24325 -42.29345 -26.90690   2.90960 -15.95296  -5.43143     (-40.153,-2.910) (-23.997,-13.043) (-39.384,-2.522)      27.8475  27.8475  25.9739  
43    -36.88220 -42.59516 -26.83026   2.73428 -15.81698  -5.39210     (-39.616,-2.734) (-24.096,-13.083) (-39.861,-2.658)      28.2696  28.2696  26.2775  
44    -36.52115 -42.89687 -26.75362   2.55897 -15.68100  -5.35276     (-39.080,-2.559) (-24.195,-13.122) (-40.338,-2.794)      27.6277  27.6277  25.781  
45    -36.16011 -43.19857 -26.67698   2.38365 -15.54501  -5.31343     (-38.544,-2.384) (-24.293,-13.161) (-40.815,-2.930)      26.9918  26.9918  25.2857  
46    -35.79906 -43.50028 -26.60034   2.20834 -15.40903  -5.27410     (-38.007,-2.208) (-24.392,-13.201) (-41.292,-3.066)      26.3625  26.3625  24.7918  
47    -35.43801 -43.80199 -26.52370   2.03302 -15.27305  -5.23476     (-37.471,-2.033) (-24.491,-13.240) (-41.769,-3.202)      25.7401  25.7401  24.2992  
48    -35.07696 -44.10369 -26.44706   1.85770 -15.13706  -5.19543     (-36.935,-1.858) (-24.589,-13.279) (-42.246,-3.338)      25.1252  25.1252  23.8082  
49    -34.71591 -44.40540 -26.37041   1.68239 -15.00108  -5.15610     (-36.398,-1.682) (-24.688,-13.319) (-42.723,-3.474)      24.507  24.5184  23.3187  
50    -34.35486 -44.70710 -26.29377   1.50707 -14.86510  -5.11677     (-35.862,-1.507) (-24.787,-13.358) (-43.200,-3.610)      23.8663  23.9203  22.8309  
51    -33.99381 -45.00881 -26.21713   1.33176 -14.72911  -5.07743     (-35.326,-1.332) (-24.885,-13.397) (-43.677,-3.746)      23.2327  23.3315  22.3449  
52    -33.63276 -45.31052 -26.14049   1.15644 -14.59313  -5.03810     (-34.789,-1.156) (-24.984,-13.437) (-44.154,-3.882)      22.6068  22.7528  21.8608  
53    -33.27172 -45.61222 -26.06385   0.98112 -14.45715  -4.99877     (-34.253,-0.981) (-25.083,-13.476) (-44.631,-4.018)      21.9893  22.1849  21.3787  
54    -32.91067 -45.91393 -25.98721   0.80581 -14.32117  -4.95944     (-33.716,-0.806) (-25.181,-13.515) (-45.108,-4.154)      21.3809  21.6288  20.8989  
55    -32.54962 -46.21563 -25.91057   0.63049 -14.18518  -4.92010     (-33.180,-0.630) (-25.280,-13.555) (-45.585,-4.290)      20.7824  21.0853  20.4214  
56    -32.18857 -46.51734 -25.83393   0.45518 -14.04920  -4.88077     (-32.644,-0.455) (-25.379,-13.594) (-46.062,-4.426)      20.1946  20.5554  19.9464  
57    -31.82752 -46.81905 -25.75729   0.27986 -13.91322  -4.84144     (-32.107,-0.280) (-25.477,-13.633) (-46.539,-4.562)      19.6186  19.8509  19.474  
58    -31.46647 -47.12075 -25.68065   0.10454 -13.77723  -4.80210     (-31.571,-0.105) (-25.576,-13.673) (-47.016,-4.698)      19.0554  19.1422  19.0046  
59    -31.10542 -47.42246 -25.60401  -0.07077 -13.64125  -4.76277     (-31.105,-0.071) (-47.422,-13.641) (-25.604,-4.763)      18.5383  18.5383  18.5383  
60    -30.74437 -47.72417 -25.52737  -0.24609 -13.50527  -4.72344     (-30.744,-0.246) (-47.724,-13.505) (-25.527,-4.723)      18.0753  18.0753  18.0753  
61    -30.38333 -48.02587 -25.45073  -0.42140 -13.36928  -4.68411     (-30.383,-0.421) (-48.026,-13.369) (-25.451,-4.684)      17.6159  17.6159  17.6159  
62    -30.02228 -48.32758 -25.37409  -0.59672 -13.23330  -4.64477     (-30.022,-0.597) (-48.328,-13.233) (-25.374,-4.645)      17.1605  17.1605  17.1605  
63    -29.66123 -48.62928 -25.29745  -0.77203 -13.09732  -4.60544     (-29.661,-0.772) (-48.629,-13.097) (-25.297,-4.605)      16.7093  16.7093  16.7093  
64    -29.30018 -48.93099 -25.22081  -0.94735 -12.96133  -4.56611     (-29.300,-0.947) (-48.931,-12.961) (-25.221,-4.566)      16.2626  16.2626  16.2626  
65    -28.93913 -49.23270 -25.14417  -1.12267 -12.82535  -4.52677     (-28.939,-1.123) (-49.233,-12.825) (-25.144,-4.527)      15.8209  15.8209  15.8209  
66    -28.57808 -49.53440 -25.06753  -1.29798 -12.68937  -4.48744     (-28.578,-1.298) (-49.534,-12.689) (-25.068,-4.487)      15.3847  15.3847  15.3847  
67    -28.21703 -49.83611 -24.99089  -1.47330 -12.55339  -4.44811     (-28.217,-1.473) (-49.836,-12.553) (-24.991,-4.448)      14.9542  14.9542  14.9542  
68    -27.85598 -50.13781 -24.91425  -1.64861 -12.41740  -4.40878     (-27.856,-1.649) (-50.138,-12.417) (-24.914,-4.409)      14.5302  14.5302  14.5302  
69    -27.49494 -50.43952 -24.83760  -1.82393 -12.28142  -4.36944     (-27.495,-1.824) (-50.440,-12.281) (-24.838,-4.369)      14.1131  14.1131  14.1131  
70    -27.13389 -50.74123 -24.76096  -1.99925 -12.14544  -4.33011     (-27.134,-1.999) (-50.741,-12.145) (-24.761,-4.330)      13.7036  13.7036  13.7036  
71    -26.77284 -51.04293 -24.68432  -2.17456 -12.00945  -4.29078     (-26.773,-2.175) (-51.043,-12.009) (-24.684,-4.291)      13.3025  13.3025  13.3025  
72    -26.41179 -51.34464 -24.60768  -2.34988 -11.87347  -4.25144     (-26.412,-2.350) (-51.345,-11.873) (-24.608,-4.251)      12.9104  12.9104  12.9104  
73    -26.05074 -51.64634 -24.53104  -2.52519 -11.73749  -4.21211     (-26.051,-2.525) (-51.646,-11.737) (-24.531,-4.212)      12.5282  12.5282  12.5282  
74    -25.68969 -51.94805 -24.45440  -2.70051 -11.60150  -4.17278     (-25.690,-2.701) (-51.948,-11.602) (-24.454,-4.173)      12.1568  12.1568  12.1568  
75    -25.32864 -52.24976 -24.37776  -2.87583 -11.46552  -4.13345     (-25.329,-2.876) (-52.250,-11.466) (-24.378,-4.133)      11.7974  11.7974  11.7974  
76    -24.96759 -52.55146 -24.30112  -3.05114 -11.32954  -4.09411     (-24.968,-3.051) (-52.551,-11.330) (-24.301,-4.094)      11.451  11.451  11.451  
77    -24.60655 -52.85317 -24.22448  -3.22646 -11.19355  -4.05478     (-24.607,-3.226) (-52.853,-11.194) (-24.224,-4.055)      11.1188  11.1188  11.1188  
78    -24.24550 -53.15488 -24.14784  -3.40177 -11.05757  -4.01545     (-24.245,-3.402) (-53.155,-11.058) (-24.148,-4.015)      10.8021  10.8021  10.8021  
79    -23.88445 -53.45658 -24.07120  -3.57709 -10.92159  -3.97612     (-23.884,-3.577) (-53.457,-10.922) (-24.071,-3.976)      10.5023  10.5023  10.5023  
80    -23.52340 -53.75829 -23.99456  -3.75240 -10.78561  -3.93678     (-23.523,-3.752) (-53.758,-10.786) (-23.995,-3.937)      10.0184  10.0184  10.0184  
81    -23.16235 -54.05999 -23.91792  -3.92772 -10.64962  -3.89745     (-23.162,-3.928) (-54.060,-10.650) (-23.918,-3.897)      9.49115  9.49115  9.49115  
82    -22.80130 -54.36170 -23.84128  -4.10304 -10.51364  -3.85812     (-22.801,-4.103) (-54.362,-10.514) (-23.841,-3.858)      8.96386  8.96386  8.96386  
83    -22.44025 -54.66341 -23.76464  -4.27835 -10.37766  -3.81878     (-22.440,-4.278) (-54.663,-10.378) (-23.765,-3.819)      8.43658  8.43658  8.43658  
84    -22.07921 -54.96511 -23.68800  -4.45367 -10.24167  -3.77945     (-22.079,-4.454) (-54.965,-10.242) (-23.688,-3.779)      7.90929  7.90929  7.90929  
85    -21.71816 -55.26682 -23.61136  -4.62898 -10.10569  -3.74012     (-21.718,-4.629) (-55.267,-10.106) (-23.611,-3.740)      7.38201  7.38201  7.38201  
86    -21.35711 -55.56852 -23.53472  -4.80430  -9.96971  -3.70079     (-21.357,-4.804) (-55.569,-9.970) (-23.535,-3.701)      6.85472  6.85472  6.85472  
87    -20.99606 -55.87023 -23.45808  -4.97962  -9.83372  -3.66145     (-20.996,-4.980) (-55.870,-9.834) (-23.458,-3.661)      6.32743  6.32743  6.32743  
88    -20.63501 -56.17194 -23.38144  -5.15493  -9.69774  -3.62212     (-20.635,-5.155) (-56.172,-9.698) (-23.381,-3.622)      5.80015  5.80015  5.80015  
89    -20.27396 -56.47364 -23.30480  -5.33025  -9.56176  -3.58279     (-20.274,-5.330) (-56.474,-9.562) (-23.305,-3.583)      5.27286  5.27286  5.27286  
90    -19.91291 -56.77535 -23.22815  -5.50556  -9.42577  -3.54345     (-19.913,-5.506) (-56.775,-9.426) (-23.228,-3.543)      4.74558  4.74558  4.74558  
91    -19.55186 -57.07706 -23.15151  -5.68088  -9.28979  -3.50412     (-19.552,-5.681) (-57.077,-9.290) (-23.152,-3.504)      4.21829  4.21829  4.21829  
92    -19.19082 -57.37876 -23.07487  -5.85620  -9.15381  -3.46479     (-19.191,-5.856) (-57.379,-9.154) (-23.075,-3.465)      3.691  3.691  3.691  
93    -18.82977 -57.68047 -22.99823  -6.03151  -9.01783  -3.42546     (-18.830,-6.032) (-57.680,-9.018) (-22.998,-3.425)      3.16372  3.16372  3.16372  
94    -18.46872 -57.98217 -22.92159  -6.20683  -8.88184  -3.38612     (-18.469,-6.207) (-57.982,-8.882) (-22.922,-3.386)      2.63643  2.63643  2.63643  
95    -18.10767 -58.28388 -22.84495  -6.38214  -8.74586  -3.34679     (-18.108,-6.382) (-58.284,-8.746) (-22.845,-3.347)      2.10914  2.10914  2.10914  
96    -17.74662 -58.58559 -22.76831  -6.55746  -8.60988  -3.30746     (-17.747,-6.557) (-58.586,-8.610) (-22.768,-3.307)      1.58186  1.58186  1.58186  
97    -17.38557 -58.88729 -22.69167  -6.73277  -8.47389  -3.26812     (-17.386,-6.733) (-58.887,-8.474) (-22.692,-3.268)      1.05457  1.05457  1.05457  
98    -17.02452 -59.18900 -22.61503  -6.90809  -8.33791  -3.22879     (-17.025,-6.908) (-59.189,-8.338) (-22.615,-3.229)      0.527286  0.527286  0.527286  
99    -16.66347 -59.49070 -22.53839  -7.08341  -8.20193  -3.18946     (-16.663,-7.083) (-59.491,-8.202) (-22.538,-3.189)      0  0  0  
