Fol_2018-02-06.13_54_17.0_.txt     Output is probe cell, reduced cell, NCDist distance between
0    -360.68728 -204.82437  37.54189 -110.56993 -263.56578 191.93319       -71.63259 -84.52376  -9.73067 -77.66015 -100.83926 -82.75872      4.61798e-13
1    -357.76753 -203.60921  37.06439 -110.23751 -261.92208 189.15853       -72.76355 -87.21423  -6.15747 -83.53052 -104.08004 -79.33059      8.83185
2    -354.84779 -202.39405  36.58689 -109.90509 -260.27838 186.38386       -73.89451 -89.90470  -2.58426 -89.40089 -107.32083 -75.90246      17.6637
3    -351.92804 -201.17889  36.10938 -109.57267 -258.63468 183.60920       -94.28232 -74.03653  -0.98895 -109.57267 -91.60623 -73.46328      23.1214
4    -349.00830 -199.96374  35.63188 -109.24024 -256.99097 180.83453       -96.57948 -71.59429  -4.56215 -109.24024 -90.72349 -73.60836      22.2938    *****
5    -346.08856 -198.74858  35.15438 -108.90782 -255.34727 178.05987       -98.87665 -69.15204  -8.13536 -108.90782 -89.84076 -73.75344      22.567
6    -343.16881 -197.53342  34.67688 -108.57540 -253.70357 175.28520       -101.17381 -66.70980 -11.70857 -108.57540 -88.95802 -73.89852      23.9032
7    -340.24907 -196.31826  34.19938 -108.24298 -252.05987 172.51053       -103.47098 -64.26756 -15.28178 -108.24298 -88.07528 -74.04360      26.14    *****
8    -337.32932 -195.10310  33.72188 -107.91056 -250.41616 169.73587       -105.76814 -61.82531 -18.85498 -107.91056 -87.19255 -74.18867      29.0702
9    -334.40958 -193.88795  33.24438 -107.57813 -248.77246 166.96120       -108.06531 -59.38307 -22.42819 -107.57813 -86.30981 -74.33375      32.5068
10    -331.48983 -192.67279  32.76688 -107.24571 -247.12876 164.18654       -110.36247 -56.94082 -26.00140 -107.24571 -85.42708 -74.47883      36.3063
11    -328.57009 -191.45763  32.28938 -106.91329 -245.48506 161.41187       -112.65964 -54.49858 -29.57461 -106.91329 -84.54434 -74.62391      40.3664
12    -325.65034 -190.24247  31.81188 -106.58087 -243.84136 158.63721       -114.95680 -52.05634 -33.14781 -106.58087 -83.66161 -74.76899      44.6159
13    -322.73060 -189.02732  31.33438 -106.24845 -242.19765 155.86254       -117.25397 -49.61409 -36.72102 -106.24845 -82.77887 -74.91407      49.0057
14    -319.81086 -187.81216  30.85688 -105.91602 -240.55395 153.08787       -119.55113 -47.17185 -40.29423 -105.91602 -81.89614 -75.05915      53.2546
15    -316.89111 -186.59700  30.37938 -105.58360 -238.91025 150.31321       -121.84830 -43.86743 -44.72961 -105.58360 -75.20422 -81.01340      57.1627
16    -313.97137 -185.38184  29.90188 -105.25118 -237.26655 147.53854       -124.14546 -47.44064 -42.28736 -105.25118 -75.34930 -80.13066      54.4673
17    -311.05162 -184.16669  29.42438 -104.91876 -235.62284 144.76388       -126.44263 -51.01385 -39.84512 -104.91876 -75.49438 -79.24793      52.1117
18    -308.13188 -182.95153  28.94688 -104.58634 -233.97914 141.98921       -75.63946 -104.58634 -37.40287 -54.58706 -128.73979 -78.36519      50.144
19    -305.21213 -181.73637  28.46937 -104.25391 -232.33544 139.21454       -75.78454 -104.25391 -34.96063 -58.16026 -131.03696 -77.48246      48.6113
20    -302.29239 -180.52121  27.99187 -103.92149 -230.69174 136.43988       -75.92962 -103.92149 -32.51839 -61.73347 -133.33412 -76.59972      47.5555
21    -299.37265 -179.30606  27.51437 -103.58907 -229.04804 133.66521       -76.07470 -103.58907 -30.07614 -65.30668 -135.63129 -75.71699      47.0089
22    -296.45290 -178.09090  27.03687 -103.25665 -227.40433 130.89055       -76.21977 -103.25665 -27.63390 -68.87989 -137.92845 -74.83425      46.9892
23    -293.53316 -176.87574  26.55937 -102.92423 -225.76063 128.11588       -76.36485 -102.92423 -25.19166 -72.45309 -140.22562 -73.95152      47.4971
24    -290.61341 -175.66058  26.08187 -102.59180 -224.11693 125.34122       -76.50993 -102.59180 -22.74941 -76.02630 -142.52278 -73.06878      48.5161
25    -287.69367 -174.44542  25.60437 -102.25938 -222.47323 122.56655       -76.65501 -102.25938 -20.30717 -79.59951 -144.81995 -72.18604      50.0148
26    -284.77392 -173.23027  25.12687 -101.92696 -220.82952 119.79188       -76.80009 -101.92696 -17.86493 -83.17272 -147.11712 -71.30331      51.9519
27    -281.85418 -172.01511  24.64937 -101.59454 -219.18582 117.01722       -76.94517 -101.59454 -15.42268 -86.74592 -149.41428 -70.42057      54.2803
28    -278.93444 -170.79995  24.17187 -101.26211 -217.54212 114.24255       -77.09025 -101.26211 -12.98044 -90.31913 -151.71145 -69.53784      56.9521
29    -276.01469 -169.58479  23.69437 -100.92969 -215.89842 111.46789       -77.23532 -100.92969 -10.53819 -93.89234 -154.00861 -68.65510      59.9214
30    -273.09495 -168.36964  23.21687 -100.59727 -214.25471 108.69322       -77.38040 -100.59727  -8.09595 -97.46554 -156.30578 -67.77237      63.1462
31    -270.17520 -167.15448  22.73937 -100.26485 -212.61101 105.91855       -77.52548 -100.26485  -5.65371 -101.03875 -158.60294 -66.88963      66.5895
32    -267.25546 -165.93932  22.26187 -99.93243 -210.96731 103.14389       -77.67056 -99.93243  -3.21146 -104.61196 -160.90011 -66.00690      70.219
33    -264.33571 -164.72416  21.78437 -99.60000 -209.32361 100.36922       -77.81564 -99.60000  -0.76922 -108.18517 -163.19727 -65.12416      73.4111
34    -261.41597 -163.50901  21.30687 -99.26758 -207.67991  97.59456       -76.28769 -110.08535  -1.67302 -97.59456 -163.82141 -65.91445      73.402
35    -258.49623 -162.29385  20.82937 -98.93516 -206.03620  94.81989       -73.99053 -111.21631  -4.11527 -94.81989 -163.67633 -67.47396      72.2922
36    -255.57648 -161.07869  20.35186 -98.60274 -204.39250  92.04523       -71.69336 -112.34728  -6.55751 -92.04523 -163.53126 -69.03346      71.483
37    -252.65674 -159.86353  19.87436 -98.27032 -202.74880  89.27056       -69.39620 -113.47824  -8.99976 -89.27056 -163.38618 -70.59297      70.9847
38    -249.73699 -158.64838  19.39686 -97.93789 -201.10510  86.49589       -67.09903 -114.60920 -11.44200 -86.49589 -163.24110 -72.15248      70.8037
39    -246.81725 -157.43322  18.91936 -97.60547 -199.46139  83.72123       -64.80187 -115.74017 -13.88424 -83.72123 -163.09602 -73.71199      70.9426
40    -243.89750 -156.21806  18.44186 -97.27305 -197.81769  80.94656       -62.50470 -116.87113 -16.32649 -80.94656 -162.95094 -75.27150      71.3995
41    -240.97776 -155.00290  17.96436 -96.94063 -196.17399  78.17190       -60.20754 -118.00209 -18.76873 -78.17190 -162.80586 -76.83101      72.1684
42    -238.05801 -153.78774  17.48686 -96.60821 -194.53029  75.39723       -57.91037 -119.13306 -21.21097 -75.39723 -162.66078 -78.39051      73.2394
43    -235.13827 -152.57259  17.00936 -96.27578 -192.88659  72.62256       -55.61320 -120.26402 -23.65322 -72.62256 -162.51571 -79.95002      74.5994
44    -232.21853 -151.35743  16.53186 -95.94336 -191.24288  69.84790       -53.31604 -121.39498 -26.09546 -69.84790 -162.37063 -81.50953      76.2331
45    -229.29878 -150.14227  16.05436 -95.61094 -189.59918  67.07323       -51.01887 -122.52595 -28.53771 -67.07323 -162.22555 -83.06904      78.1233
46    -226.37904 -148.92711  15.57686 -95.27852 -187.95548  64.29857       -48.72171 -123.65691 -30.97995 -64.29857 -162.08047 -84.62855      80.2518
47    -223.45929 -147.71196  15.09936 -94.94609 -186.31178  61.52390       -46.42454 -124.78787 -33.42219 -61.52390 -161.93539 -86.18805      82.6003
48    -220.53955 -146.49680  14.62186 -94.61367 -184.66807  58.74924       -44.12738 -125.91884 -35.86444 -58.74924 -161.79031 -87.74756      85.1505
49    -217.61980 -145.28164  14.14436 -94.28125 -183.02437  55.97457       -41.83021 -127.04980 -38.30668 -55.97457 -161.64523 -89.30707      87.8848
50    -214.70006 -144.06648  13.66686 -93.94883 -181.38067  53.19990       -39.53305 -128.18077 -40.74892 -53.19990 -161.50016 -90.86658      90.7867
51    -211.78032 -142.85133  13.18936 -93.61641 -179.73697  50.42524       -37.23588 -129.31173 -43.19117 -50.42524 -161.35508 -92.42609      92.1795
52    -208.86057 -141.63617  12.71185 -93.28398 -178.09327  47.65057       -34.93872 -130.44269 -45.63341 -47.65057 -161.21000 -93.98560      92.5402
53    -205.94083 -140.42101  12.23435 -92.95156 -176.44956  44.87591       -32.64155 -131.57366 -48.07566 -44.87591 -161.06492 -95.54510      93.1431
54    -203.02108 -139.20585  11.75685 -92.61914 -174.80586  42.10124       -30.34439 -132.70462 -50.51790 -42.10124 -160.91984 -97.10461      93.9837
55    -200.10134 -137.99070  11.27935 -92.28672 -173.16216  39.32658       -28.04722 -133.83558 -52.96014 -39.32658 -160.77476 -98.66412      95.0557
56    -197.18159 -136.77554  10.80185 -91.95430 -171.51846  36.55191       -25.75006 -134.96655 -55.40239 -36.55191 -160.62968 -100.22363      96.3514
57    -194.26185 -135.56038  10.32435 -91.62187 -169.87475  33.77724       -23.45289 -136.09751 -57.84463 -33.77724 -160.48461 -101.78314      97.8618
58    -191.34211 -134.34522   9.84685 -91.28945 -168.23105  31.00258       -21.15573 -137.22847 -60.28687 -31.00258 -160.33953 -103.34264      99.5772
59    -188.42236 -133.13006   9.36935 -90.95703 -166.58735  28.22791       -18.85856 -138.35944 -62.72912 -28.22791 -160.19445 -104.90215      101.487
60    -185.50262 -131.91491   8.89185 -90.62461 -164.94365  25.45325       -16.56140 -139.49040 -65.17136 -25.45325 -160.04937 -106.46166      103.581
61    -182.58287 -130.69975   8.41435 -90.29219 -163.29994  22.67858       -14.26423 -140.62136 -67.61361 -22.67858 -159.90429 -108.02117      105.848
62    -179.66313 -129.48459   7.93685 -89.95976 -161.65624  19.90391       -11.96707 -141.75233 -70.05585 -19.90391 -159.75921 -109.58068      108.277
63    -176.74338 -128.26943   7.45935 -89.62734 -160.01254  17.12925        -9.66990 -142.88329 -72.49809 -17.12925 -159.61414 -111.14019      110.857
64    -173.82364 -127.05428   6.98185 -89.29492 -158.36884  14.35458        -7.37274 -144.01426 -74.94034 -14.35458 -159.46906 -112.69969      113.578
65    -170.90390 -125.83912   6.50435 -88.96250 -156.72514  11.57992        -5.07557 -145.14522 -77.38258 -11.57992 -159.32398 -114.25920      116.431
66    -167.98415 -124.62396   6.02685 -88.63007 -155.08143   8.80525        -2.77841 -146.27618 -79.82482  -8.80525 -159.17890 -115.81871      119.405
67    -165.06441 -123.40880   5.54935 -88.29765 -153.43773   6.03059        -0.48124 -147.40715 -82.26707  -6.03059 -159.03382 -117.37822      122.492
68    -162.14466 -122.19365   5.07184 -87.96523 -151.79403   3.25592        -1.81593 -117.12180 -82.89339  -5.07184 -157.07282 -146.72218      121.998
69    -159.22492 -120.97849   4.59434 -87.63281 -150.15033   0.48125        -4.11309 -116.38414 -83.03846  -4.59434 -154.63057 -145.55598      120.621
70    -156.30517 -119.76333   4.11684 -87.30039 -148.50662  -2.29341        -6.41026 -115.64649 -83.18354  -4.11684 -152.18833 -144.38978      119.34
71    -153.38543 -118.54817   3.63934 -86.96796 -146.86292  -5.06808        -8.70742 -114.90883 -83.32862  -3.63934 -149.74609 -143.22358      118.159
72    -150.46568 -117.33302   3.16184 -86.63554 -145.21922  -7.84274       -11.00459 -114.17117 -83.47370  -3.16184 -147.30384 -142.05738      114.992
73    -147.54594 -116.11786   2.68434 -86.30312 -143.57552 -10.61741       -13.30175 -113.43352 -83.61878  -2.68434 -144.86160 -140.89118      111.714
74    -144.62620 -114.90270   2.20684 -85.97070 -141.93182 -13.39208       -15.59892 -112.69586 -83.76386  -2.20684 -142.41935 -139.72497      108.459
75    -141.70645 -113.68754   1.72934 -85.63828 -140.28811 -16.16674       -17.89608 -111.95820 -83.90894  -1.72934 -139.97711 -138.55877      105.232
76    -138.78671 -112.47238   1.25184 -85.30585 -138.64441 -18.94141       -20.19325 -111.22054 -84.05401  -1.25184 -137.53487 -137.39257      102.034
77    -135.86696 -111.25723   0.77434 -84.97343 -137.00071 -21.71607       -22.49041 -110.48289 -84.19909  -0.77434 -135.09262 -136.22637      98.6848
78    -132.94722 -110.04207   0.29684 -84.64101 -135.35701 -24.49074       -132.65038  -0.29684 -84.34417 -109.74523 -24.78758 -135.06017      95.0592
79    -130.02747 -108.82691  -0.18066 -84.30859 -133.71330 -27.26540       -133.71330  -0.18066 -84.30859 -108.82691 -27.26540 -130.02747      91.0836
80    -127.10773 -107.61175  -0.65816 -83.97617 -132.06960 -30.04007       -132.06960  -0.65816 -83.97617 -107.61175 -30.04007 -127.10773      86.5294
81    -124.18799 -106.39660  -1.13566 -83.64374 -130.42590 -32.81474       -130.42590  -1.13566 -83.64374 -106.39660 -32.81474 -124.18799      81.9752
82    -121.26824 -105.18144  -1.61316 -83.31132 -128.78220 -35.58940       -128.78220  -1.61316 -83.31132 -105.18144 -35.58940 -121.26824      77.4211
83    -118.34850 -103.96628  -2.09066 -82.97890 -127.13850 -38.36407       -127.13850 -82.97890  -2.09066 -103.96628 -118.34850 -38.36407      72.8669
84    -115.42875 -102.75112  -2.56816 -82.64648 -125.49479 -41.13873       -125.49479 -82.64648  -2.56816 -102.75112 -115.42875 -41.13873      68.3127
85    -112.50901 -101.53597  -3.04567 -82.31406 -123.85109 -43.91340       -123.85109 -82.31406  -3.04567 -101.53597 -112.50901 -43.91340      63.7585
86    -109.58926 -100.32081  -3.52317 -81.98163 -122.20739 -46.68807       -122.20739 -81.98163  -3.52317 -100.32081 -109.58926 -46.68807      59.2043
87    -106.66952 -99.10565  -4.00067 -81.64921 -120.56369 -49.46273       -120.56369 -81.64921  -4.00067 -99.10565 -106.66952 -49.46273      54.6502
88    -103.74978 -97.89049  -4.47817 -81.31679 -118.91998 -52.23740       -118.91998 -81.31679  -4.47817 -97.89049 -103.74978 -52.23740      50.096
89    -100.83003 -96.67534  -4.95567 -80.98437 -117.27628 -55.01206       -100.83003 -96.67534  -4.95567 -80.98437 -117.27628 -55.01206      45.5418
90    -97.91029 -95.46018  -5.43317 -80.65194 -115.63258 -57.78673       -97.91029 -95.46018  -5.43317 -80.65194 -115.63258 -57.78673      40.9876
91    -94.99054 -94.24502  -5.91067 -80.31952 -113.98888 -60.56139       -94.99054 -94.24502  -5.91067 -80.31952 -113.98888 -60.56139      36.4334
92    -92.07080 -93.02986  -6.38817 -79.98710 -112.34517 -63.33606       -92.07080 -93.02986  -6.38817 -79.98710 -112.34517 -63.33606      31.8793
93    -89.15105 -91.81470  -6.86567 -79.65468 -110.70147 -66.11073       -89.15105 -91.81470  -6.86567 -79.65468 -110.70147 -66.11073      27.3251
94    -86.23131 -90.59955  -7.34317 -79.32226 -109.05777 -68.88539       -86.23131 -90.59955  -7.34317 -79.32226 -109.05777 -68.88539      22.7709
95    -83.31157 -89.38439  -7.82067 -78.98983 -107.41407 -71.66006       -83.31157 -89.38439  -7.82067 -78.98983 -107.41407 -71.66006      18.2167
96    -80.39182 -88.16923  -8.29817 -78.65741 -105.77037 -74.43472       -80.39182 -88.16923  -8.29817 -78.65741 -105.77037 -74.43472      13.6625
97    -77.47208 -86.95407  -8.77567 -78.32499 -104.12666 -77.20939       -77.47208 -86.95407  -8.77567 -78.32499 -104.12666 -77.20939      9.10836
98    -74.55233 -85.73892  -9.25317 -77.99257 -102.48296 -79.98405       -74.55233 -85.73892  -9.25317 -77.99257 -102.48296 -79.98405      4.55418
99    -71.63259 -84.52376  -9.73067 -77.66015 -100.83926 -82.75872       -71.63259 -84.52376  -9.73067 -77.66015 -100.83926 -82.75872      0
