Fol_2018-02-06.14_11_35.20_.txt     Output is probe cell, reduced cell, NCDist distance between
0     33.60382 -134.36167 -64.62636 -12.66115 -129.52049 -87.66967       -33.60382 -54.06585 -31.02254 -46.26497 -95.91667 -100.75785      7.10543e-14
1     32.92496 -133.55060 -64.28693 -13.00058 -129.18106 -87.80187       -32.92496 -54.87692 -31.36197 -45.92554 -96.25610 -100.62565      1.2173
2     32.24609 -132.73954 -63.94750 -13.34002 -128.84163 -87.93408       -32.24609 -55.68799 -31.70141 -45.58611 -96.59554 -100.49344      2.43459
3     31.56723 -131.92847 -63.60806 -13.67945 -128.50220 -88.06628       -31.56723 -56.49905 -32.04084 -45.24667 -96.93497 -100.36124      3.65189
4     30.88836 -131.11740 -63.26863 -14.01888 -128.16276 -88.19848       -30.88836 -57.31012 -32.38027 -44.90724 -97.27440 -100.22904      4.86919
5     30.20950 -130.30633 -62.92920 -14.35831 -127.82333 -88.33069       -30.20950 -58.12119 -32.71970 -44.56781 -97.61383 -100.09683      6.08648
6     29.53063 -129.49526 -62.58977 -14.69775 -127.48390 -88.46289       -29.53063 -58.93226 -33.05914 -44.22838 -97.95327 -99.96463      7.30378
7     28.85177 -128.68419 -62.25033 -15.03718 -127.14446 -88.59510       -28.85177 -59.74333 -33.39857 -43.88894 -98.29270 -99.83243      8.52108
8     28.17290 -127.87312 -61.91090 -15.37661 -126.80503 -88.72730       -28.17290 -60.55440 -33.73800 -43.54951 -98.63213 -99.70022      9.73838
9     27.49404 -127.06205 -61.57147 -15.71604 -126.46560 -88.85950       -27.49404 -61.36547 -34.07743 -43.21008 -98.97156 -99.56802      10.9557
10     26.81517 -126.25098 -61.23204 -16.05548 -126.12617 -88.99171       -26.81517 -62.17654 -34.41687 -42.87065 -99.31100 -99.43581      12.173
11     26.13631 -125.43991 -60.89260 -16.39491 -125.78673 -89.12391       -26.13631 -62.98761 -34.75630 -42.53121 -99.65043 -99.30361      13.3903
12     25.45744 -124.62885 -60.55317 -16.73434 -125.44730 -89.25612       -25.45744 -63.79868 -35.09573 -42.19178 -99.98986 -99.17141      14.6076
13     24.77858 -123.81778 -60.21374 -17.07377 -125.10787 -89.38832       -24.77858 -64.60974 -35.43516 -41.85235 -100.32929 -99.03920      15.8249
14     24.09971 -123.00671 -59.87431 -17.41321 -124.76844 -89.52052       -24.09971 -65.42081 -35.77460 -41.51292 -100.66873 -98.90700      17.0422
15     23.42084 -122.19564 -59.53487 -17.75264 -124.42900 -89.65273       -23.42084 -66.23188 -36.11403 -41.17348 -101.00816 -98.77479      18.2595
16     22.74198 -121.38457 -59.19544 -18.09207 -124.08957 -89.78493       -22.74198 -67.04295 -36.45346 -40.83405 -101.34759 -98.64259      19.4768
17     22.06311 -120.57350 -58.85601 -18.43150 -123.75014 -89.91713       -22.06311 -67.85402 -36.79289 -40.49462 -101.68702 -98.51039      20.694
18     21.38425 -119.76243 -58.51658 -18.77094 -123.41071 -90.04934       -21.38425 -68.66509 -37.13233 -40.15519 -102.02646 -98.37818      21.9113
19     20.70538 -118.95136 -58.17714 -19.11037 -123.07127 -90.18154       -20.70538 -69.47616 -37.47176 -39.81575 -102.36589 -98.24598      23.1286
20     20.02652 -118.14029 -57.83771 -19.44980 -122.73184 -90.31375       -20.02652 -70.28723 -37.81119 -39.47632 -102.70532 -98.11377      24.3459
21     19.34765 -117.32923 -57.49828 -19.78923 -122.39241 -90.44595       -19.34765 -71.09830 -38.15062 -39.13689 -103.04475 -97.98157      25.5632
22     18.66879 -116.51816 -57.15885 -20.12867 -122.05298 -90.57815       -18.66879 -71.90936 -38.49006 -38.79746 -103.38419 -97.84937      26.7805
23     17.98992 -115.70709 -56.81941 -20.46810 -121.71354 -90.71036       -17.98992 -72.72043 -38.82949 -38.45802 -103.72362 -97.71716      27.9978
24     17.31106 -114.89602 -56.47998 -20.80753 -121.37411 -90.84256       -17.31106 -73.53150 -39.16892 -38.11859 -104.06305 -97.58496      29.2151
25     16.63219 -114.08495 -56.14055 -21.14696 -121.03468 -90.97477       -16.63219 -74.34257 -39.50835 -37.77916 -104.40249 -97.45276      30.4324
26     15.95333 -113.27388 -55.80112 -21.48640 -120.69525 -91.10697       -15.95333 -75.15364 -39.84779 -37.43973 -104.74192 -97.32055      31.6497
27     15.27446 -112.46281 -55.46168 -21.82583 -120.35581 -91.23917       -15.27446 -75.96471 -40.18722 -37.10029 -105.08135 -97.18835      32.867
28     14.59560 -111.65174 -55.12225 -22.16526 -120.01638 -91.37138       -14.59560 -76.77578 -40.52665 -36.76086 -105.42078 -97.05614      34.0843
29     13.91673 -110.84067 -54.78282 -22.50469 -119.67695 -91.50358       -13.91673 -77.58685 -40.86608 -36.42143 -105.76022 -96.92394      35.3016
30     13.23787 -110.02960 -54.44339 -22.84413 -119.33752 -91.63579       -13.23787 -78.39792 -41.20552 -36.08200 -106.09965 -96.79174      36.5189
31     12.55900 -109.21854 -54.10395 -23.18356 -118.99808 -91.76799       -12.55900 -79.20899 -41.54495 -35.74256 -106.43908 -96.65953      37.7362
32     11.88014 -108.40747 -53.76452 -23.52299 -118.65865 -91.90019       -11.88014 -80.02005 -41.88438 -35.40313 -106.77851 -96.52733      38.9535
33     11.20127 -107.59640 -53.42509 -23.86242 -118.31922 -92.03240       -11.20127 -80.83112 -42.22381 -35.06370 -107.11795 -96.39512      40.1708
34     10.52241 -106.78533 -53.08566 -24.20186 -117.97979 -92.16460       -10.52241 -81.64219 -42.56325 -34.72427 -107.45738 -96.26292      41.3881
35      9.84354 -105.97426 -52.74622 -24.54129 -117.64035 -92.29680        -9.84354 -82.45326 -42.90268 -34.38483 -107.79681 -96.13072      42.6054
36      9.16468 -105.16319 -52.40679 -24.88072 -117.30092 -92.42901       -83.26433  -9.16468 -43.24211 -108.13624 -34.04540 -95.99851      43.8227
37      8.48581 -104.35212 -52.06736 -25.22015 -116.96149 -92.56121       -84.07540  -8.48581 -43.58154 -108.47568 -33.70597 -95.86631      45.04
38      7.80695 -103.54105 -51.72793 -25.55959 -116.62206 -92.69342       -84.88647  -7.80695 -43.92098 -108.81511 -33.36654 -95.73411      46.2573
39      7.12808 -102.72998 -51.38849 -25.89902 -116.28262 -92.82562       -85.69754  -7.12808 -44.26041 -109.15454 -33.02710 -95.60190      47.4746
40      6.44922 -101.91892 -51.04906 -26.23845 -115.94319 -92.95782       -86.50861  -6.44922 -44.59984 -109.49397 -32.68767 -95.46970      48.6919
41      5.77035 -101.10785 -50.70963 -26.57788 -115.60376 -93.09003       -87.31967  -5.77035 -44.93927 -109.83341 -32.34824 -95.33749      49.9092
42      5.09149 -100.29678 -50.37020 -26.91732 -115.26433 -93.22223       -88.13074  -5.09149 -45.27871 -110.17284 -32.00881 -95.20529      51.1265
43      4.41262 -99.48571 -50.03076 -27.25675 -114.92489 -93.35444       -88.94181  -4.41262 -45.61814 -110.51227 -31.66937 -95.07309      52.3438
44      3.73376 -98.67464 -49.69133 -27.59618 -114.58546 -93.48664       -89.75288  -3.73376 -45.95757 -110.85170 -31.32994 -94.94088      53.5611
45      3.05489 -97.86357 -49.35190 -27.93561 -114.24603 -93.61884       -90.56395  -3.05489 -46.29700 -111.19114 -30.99051 -94.80868      54.7784
46      2.37603 -97.05250 -49.01247 -28.27505 -113.90660 -93.75105       -91.37502  -2.37603 -46.63644 -111.53057 -30.65108 -94.67647      55.9957
47      1.69716 -96.24143 -48.67303 -28.61448 -113.56716 -93.88325       -92.18609  -1.69716 -46.97587 -111.87000 -30.31164 -94.54427      57.213
48      1.01830 -95.43036 -48.33360 -28.95391 -113.22773 -94.01545       -92.99716  -1.01830 -47.31530 -112.20943 -29.97221 -94.41207      58.4303
49      0.33943 -94.61930 -47.99417 -29.29335 -112.88830 -94.14766       -93.80823  -0.33943 -47.65473 -112.54887 -29.63278 -94.27986      59.6475
50     -0.33943 -93.80823 -47.65473 -29.63278 -112.54887 -94.27986       -93.80823  -0.33943 -47.65473 -112.54887 -29.63278 -94.27986      59.6475
51     -1.01830 -92.99716 -47.31530 -29.97221 -112.20943 -94.41207       -92.99716  -1.01830 -47.31530 -112.20943 -29.97221 -94.41207      58.4303
52     -1.69716 -92.18609 -46.97587 -30.31164 -111.87000 -94.54427       -92.18609  -1.69716 -46.97587 -111.87000 -30.31164 -94.54427      57.213
53     -2.37603 -91.37502 -46.63644 -30.65108 -111.53057 -94.67647       -91.37502  -2.37603 -46.63644 -111.53057 -30.65108 -94.67647      55.9957
54     -3.05489 -90.56395 -46.29700 -30.99051 -111.19114 -94.80868       -90.56395  -3.05489 -46.29700 -111.19114 -30.99051 -94.80868      54.7784
55     -3.73376 -89.75288 -45.95757 -31.32994 -110.85170 -94.94088       -89.75288  -3.73376 -45.95757 -110.85170 -31.32994 -94.94088      53.5611
56     -4.41262 -88.94181 -45.61814 -31.66937 -110.51227 -95.07309       -88.94181  -4.41262 -45.61814 -110.51227 -31.66937 -95.07309      52.3438
57     -5.09149 -88.13074 -45.27871 -32.00881 -110.17284 -95.20529       -88.13074  -5.09149 -45.27871 -110.17284 -32.00881 -95.20529      51.1265
58     -5.77035 -87.31967 -44.93927 -32.34824 -109.83341 -95.33749       -87.31967  -5.77035 -44.93927 -109.83341 -32.34824 -95.33749      49.9092
59     -6.44922 -86.50861 -44.59984 -32.68767 -109.49397 -95.46970       -86.50861  -6.44922 -44.59984 -109.49397 -32.68767 -95.46970      48.6919
60     -7.12808 -85.69754 -44.26041 -33.02710 -109.15454 -95.60190       -85.69754  -7.12808 -44.26041 -109.15454 -33.02710 -95.60190      47.4746
61     -7.80695 -84.88647 -43.92098 -33.36654 -108.81511 -95.73411       -84.88647  -7.80695 -43.92098 -108.81511 -33.36654 -95.73411      46.2573
62     -8.48581 -84.07540 -43.58154 -33.70597 -108.47568 -95.86631       -84.07540  -8.48581 -43.58154 -108.47568 -33.70597 -95.86631      45.04
63     -9.16468 -83.26433 -43.24211 -34.04540 -108.13624 -95.99851       -83.26433  -9.16468 -43.24211 -108.13624 -34.04540 -95.99851      43.8227
64     -9.84354 -82.45326 -42.90268 -34.38483 -107.79681 -96.13072        -9.84354 -82.45326 -42.90268 -34.38483 -107.79681 -96.13072      42.6054
65    -10.52241 -81.64219 -42.56325 -34.72427 -107.45738 -96.26292       -10.52241 -81.64219 -42.56325 -34.72427 -107.45738 -96.26292      41.3881
66    -11.20127 -80.83112 -42.22381 -35.06370 -107.11795 -96.39512       -11.20127 -80.83112 -42.22381 -35.06370 -107.11795 -96.39512      40.1708
67    -11.88014 -80.02005 -41.88438 -35.40313 -106.77851 -96.52733       -11.88014 -80.02005 -41.88438 -35.40313 -106.77851 -96.52733      38.9535
68    -12.55900 -79.20899 -41.54495 -35.74256 -106.43908 -96.65953       -12.55900 -79.20899 -41.54495 -35.74256 -106.43908 -96.65953      37.7362
69    -13.23787 -78.39792 -41.20552 -36.08200 -106.09965 -96.79174       -13.23787 -78.39792 -41.20552 -36.08200 -106.09965 -96.79174      36.5189
70    -13.91673 -77.58685 -40.86608 -36.42143 -105.76022 -96.92394       -13.91673 -77.58685 -40.86608 -36.42143 -105.76022 -96.92394      35.3016
71    -14.59560 -76.77578 -40.52665 -36.76086 -105.42078 -97.05614       -14.59560 -76.77578 -40.52665 -36.76086 -105.42078 -97.05614      34.0843
72    -15.27446 -75.96471 -40.18722 -37.10029 -105.08135 -97.18835       -15.27446 -75.96471 -40.18722 -37.10029 -105.08135 -97.18835      32.867
73    -15.95333 -75.15364 -39.84779 -37.43973 -104.74192 -97.32055       -15.95333 -75.15364 -39.84779 -37.43973 -104.74192 -97.32055      31.6497
74    -16.63219 -74.34257 -39.50835 -37.77916 -104.40249 -97.45276       -16.63219 -74.34257 -39.50835 -37.77916 -104.40249 -97.45276      30.4324
75    -17.31106 -73.53150 -39.16892 -38.11859 -104.06305 -97.58496       -17.31106 -73.53150 -39.16892 -38.11859 -104.06305 -97.58496      29.2151
76    -17.98992 -72.72043 -38.82949 -38.45802 -103.72362 -97.71716       -17.98992 -72.72043 -38.82949 -38.45802 -103.72362 -97.71716      27.9978
77    -18.66879 -71.90936 -38.49006 -38.79746 -103.38419 -97.84937       -18.66879 -71.90936 -38.49006 -38.79746 -103.38419 -97.84937      26.7805
78    -19.34765 -71.09830 -38.15062 -39.13689 -103.04475 -97.98157       -19.34765 -71.09830 -38.15062 -39.13689 -103.04475 -97.98157      25.5632
79    -20.02652 -70.28723 -37.81119 -39.47632 -102.70532 -98.11377       -20.02652 -70.28723 -37.81119 -39.47632 -102.70532 -98.11377      24.3459
80    -20.70538 -69.47616 -37.47176 -39.81575 -102.36589 -98.24598       -20.70538 -69.47616 -37.47176 -39.81575 -102.36589 -98.24598      23.1286
81    -21.38425 -68.66509 -37.13233 -40.15519 -102.02646 -98.37818       -21.38425 -68.66509 -37.13233 -40.15519 -102.02646 -98.37818      21.9113
82    -22.06311 -67.85402 -36.79289 -40.49462 -101.68702 -98.51039       -22.06311 -67.85402 -36.79289 -40.49462 -101.68702 -98.51039      20.694
83    -22.74198 -67.04295 -36.45346 -40.83405 -101.34759 -98.64259       -22.74198 -67.04295 -36.45346 -40.83405 -101.34759 -98.64259      19.4768
84    -23.42084 -66.23188 -36.11403 -41.17348 -101.00816 -98.77479       -23.42084 -66.23188 -36.11403 -41.17348 -101.00816 -98.77479      18.2595
85    -24.09971 -65.42081 -35.77460 -41.51292 -100.66873 -98.90700       -24.09971 -65.42081 -35.77460 -41.51292 -100.66873 -98.90700      17.0422
86    -24.77858 -64.60974 -35.43516 -41.85235 -100.32929 -99.03920       -24.77858 -64.60974 -35.43516 -41.85235 -100.32929 -99.03920      15.8249
87    -25.45744 -63.79868 -35.09573 -42.19178 -99.98986 -99.17141       -25.45744 -63.79868 -35.09573 -42.19178 -99.98986 -99.17141      14.6076
88    -26.13631 -62.98761 -34.75630 -42.53121 -99.65043 -99.30361       -26.13631 -62.98761 -34.75630 -42.53121 -99.65043 -99.30361      13.3903
89    -26.81517 -62.17654 -34.41687 -42.87065 -99.31100 -99.43581       -26.81517 -62.17654 -34.41687 -42.87065 -99.31100 -99.43581      12.173
90    -27.49404 -61.36547 -34.07743 -43.21008 -98.97156 -99.56802       -27.49404 -61.36547 -34.07743 -43.21008 -98.97156 -99.56802      10.9557
91    -28.17290 -60.55440 -33.73800 -43.54951 -98.63213 -99.70022       -28.17290 -60.55440 -33.73800 -43.54951 -98.63213 -99.70022      9.73838
92    -28.85177 -59.74333 -33.39857 -43.88894 -98.29270 -99.83243       -28.85177 -59.74333 -33.39857 -43.88894 -98.29270 -99.83243      8.52108
93    -29.53063 -58.93226 -33.05914 -44.22838 -97.95327 -99.96463       -29.53063 -58.93226 -33.05914 -44.22838 -97.95327 -99.96463      7.30378
94    -30.20950 -58.12119 -32.71970 -44.56781 -97.61383 -100.09683       -30.20950 -58.12119 -32.71970 -44.56781 -97.61383 -100.09683      6.08648
95    -30.88836 -57.31012 -32.38027 -44.90724 -97.27440 -100.22904       -30.88836 -57.31012 -32.38027 -44.90724 -97.27440 -100.22904      4.86919
96    -31.56723 -56.49905 -32.04084 -45.24667 -96.93497 -100.36124       -31.56723 -56.49905 -32.04084 -45.24667 -96.93497 -100.36124      3.65189
97    -32.24609 -55.68799 -31.70141 -45.58611 -96.59554 -100.49344       -32.24609 -55.68799 -31.70141 -45.58611 -96.59554 -100.49344      2.43459
98    -32.92496 -54.87692 -31.36197 -45.92554 -96.25610 -100.62565       -32.92496 -54.87692 -31.36197 -45.92554 -96.25610 -100.62565      1.2173
99    -33.60382 -54.06585 -31.02254 -46.26497 -95.91667 -100.75785       -33.60382 -54.06585 -31.02254 -46.26497 -95.91667 -100.75785      0
