Fol_2018-02-13.10_32_08.47_.txt     Output is probe cell, reduced cell, NCDist distance between
0    -111.10960 3661.01211 362.91478 -7079.44041 -924.11874 -10481.53928       -770.12418 -309.39878 -198.28918 -164.62560 -1420.97752 -1922.47456      1.97239e-12
1    -117.76631 3620.90695 357.24605 -7009.59380 -929.13752 -10395.08408       -732.06679 -332.41172 -214.64541 -142.60064 -1474.49119 -1942.12795      77.334
2    -124.42302 3580.80179 351.57733 -6939.74718 -934.15629 -10308.62888       -694.00940 -355.42466 -231.00164 -120.57569 -1528.00487 -1961.78134      154.668
3    -131.07974 3540.69663 345.90860 -6869.90057 -939.17507 -10222.17368       -655.95201 -378.43760 -247.35787 -98.55073 -1581.51854 -1981.43473      232.002
4    -137.73645 3500.59146 340.23987 -6800.05395 -944.19384 -10135.71848       -617.89462 -401.45055 -263.71410 -76.52578 -1635.03221 -2001.08812      309.336
5    -144.39316 3460.48630 334.57115 -6730.20734 -949.21262 -10049.26329       -579.83723 -424.46349 -280.07033 -54.50082 -1688.54588 -2020.74151      386.67
6    -151.04987 3420.38114 328.90242 -6660.36073 -954.23140 -9962.80809       -541.77984 -447.47643 -296.42656 -32.47586 -1742.05955 -2040.39490      464.004
7    -157.70659 3380.27598 323.23369 -6590.51411 -959.25017 -9876.35289       -503.72245 -470.48937 -312.78279 -10.45091 -1795.57323 -2060.04829      541.338
8    -164.36330 3340.17082 317.56497 -6520.66750 -964.26895 -9789.89769       -477.23911 -317.56497 -481.92827 -11.57405 -1837.51285 -2068.12763      596.27
9    -171.02001 3300.06566 311.89624 -6450.82088 -969.28772 -9703.44249       -461.20668 -311.89624 -482.91625 -33.59900 -1869.00156 -2065.75606      631.659
10    -177.67673 3259.96050 306.22751 -6380.97427 -974.30650 -9616.98729       -445.17425 -483.90424 -306.22751 -55.62396 -2063.38450 -1900.49028      667.827
11    -184.33344 3219.85534 300.55879 -6311.12766 -979.32527 -9530.53209       -429.14181 -484.89222 -300.55879 -77.64892 -2061.01293 -1931.97900      697.401
12    -190.99015 3179.75018 294.89006 -6241.28104 -984.34405 -9444.07689       -413.10938 -485.88021 -294.89006 -99.67387 -2058.64136 -1963.46771      726.247
13    -197.64687 3139.64502 289.22133 -6171.43443 -989.36283 -9357.62169       -397.07695 -486.86820 -289.22133 -121.69883 -2056.26980 -1994.95643      756.336
14    -204.30358 3099.53986 283.55260 -6101.58781 -994.38160 -9271.16649       -381.04451 -487.85618 -283.55260 -143.72379 -2053.89823 -2026.44514      776.103
15    -210.96029 3059.43470 277.88388 -6031.74120 -999.40038 -9184.71129       -365.01208 -488.84417 -277.88388 -165.74874 -2051.52666 -2057.93386      786.508
16    -217.61700 3019.32954 272.21515 -5961.89458 -1004.41915 -9098.25609       -348.97965 -489.83216 -272.21515 -187.77370 -2049.15510 -2089.42257      798.998
17    -224.27372 2979.22438 266.54642 -5892.04797 -1009.43793 -9011.80090       -332.94721 -490.82014 -266.54642 -209.79865 -2046.78353 -2120.91129      813.479
18    -230.93043 2939.11922 260.87770 -5822.20136 -1014.45670 -8925.34570       -316.91478 -491.80813 -260.87770 -231.82361 -2044.41196 -2152.40000      829.844
19    -237.58714 2899.01406 255.20897 -5752.35474 -1019.47548 -8838.89050       -300.88235 -492.79611 -255.20897 -253.84857 -2042.04040 -2183.88872      847.986
20    -244.24386 2858.90890 249.54024 -5682.50813 -1024.49425 -8752.43530       -284.84991 -493.78410 -249.54024 -275.87352 -2039.66883 -2215.37744      867.792
21    -250.90057 2818.80374 243.87152 -5612.66151 -1029.51303 -8665.98010       -268.81748 -494.77209 -243.87152 -297.89848 -2037.29726 -2246.86615      889.152
22    -257.55728 2778.69858 238.20279 -5542.81490 -1034.53181 -8579.52490       -252.78504 -495.76007 -238.20279 -319.92344 -2034.92570 -2278.35487      911.956
23    -264.21400 2738.59342 232.53406 -5472.96828 -1039.55058 -8493.06970       -236.75261 -496.74806 -232.53406 -341.94839 -2032.55413 -2309.84358      936.099
24    -270.87071 2698.48826 226.86534 -5403.12167 -1044.56936 -8406.61450       -220.72018 -497.73604 -226.86534 -363.97335 -2030.18256 -2341.33230      961.48
25    -277.52742 2658.38310 221.19661 -5333.27506 -1049.58813 -8320.15930       -204.68774 -498.72403 -221.19661 -385.99830 -2027.81100 -2372.82101      988.004
26    -284.18413 2618.27794 215.52788 -5263.42844 -1054.60691 -8233.70410       -188.65531 -499.71202 -215.52788 -408.02326 -2025.43943 -2404.30973      1015.58
27    -290.84085 2578.17277 209.85916 -5193.58183 -1059.62568 -8147.24890       -172.62288 -500.70000 -209.85916 -430.04822 -2023.06786 -2435.79844      1044.13
28    -297.49756 2538.06761 204.19043 -5123.73521 -1064.64446 -8060.79370       -156.59044 -501.68799 -204.19043 -452.07317 -2020.69630 -2467.28716      1073.57
29    -304.15427 2497.96245 198.52170 -5053.88860 -1069.66323 -7974.33850       -140.55801 -502.67597 -198.52170 -474.09813 -2018.32473 -2498.77588      1103.83
30    -310.81099 2457.85729 192.85297 -4984.04198 -1074.68201 -7887.88331       -124.52558 -503.66396 -192.85297 -496.12309 -2015.95316 -2530.26459      1134.84
31    -317.46770 2417.75213 187.18425 -4914.19537 -1079.70079 -7801.42811       -108.49314 -504.65195 -187.18425 -518.14804 -2013.58160 -2561.75331      1166.55
32    -324.12441 2377.64697 181.51552 -4844.34876 -1084.71956 -7714.97291       -92.46071 -505.63993 -181.51552 -540.17300 -2011.21003 -2593.24202      1198.9
33    -330.78113 2337.54181 175.84679 -4774.50214 -1089.73834 -7628.51771       -76.42828 -506.62792 -175.84679 -562.19795 -2008.83847 -2624.73074      1231.84
34    -337.43784 2297.43665 170.17807 -4704.65553 -1094.75711 -7542.06251       -60.39584 -507.61591 -170.17807 -584.22291 -2006.46690 -2656.21945      1265.32
35    -344.09455 2257.33149 164.50934 -4634.80891 -1099.77589 -7455.60731       -44.36341 -508.60389 -164.50934 -606.24787 -2004.09533 -2687.70817      1299.3
36    -350.75126 2217.22633 158.84061 -4564.96230 -1104.79466 -7369.15211       -28.33098 -509.59188 -158.84061 -628.27282 -2001.72377 -2719.19688      1333.75
37    -357.40798 2177.12117 153.17189 -4495.11568 -1109.81344 -7282.69691       -12.29854 -510.57986 -153.17189 -650.29778 -1999.35220 -2750.68560      1368.63
38    -364.06469 2137.01601 147.50316 -4425.26907 -1114.83221 -7196.24171       -507.83396  -3.73389 -1993.24674 -143.76927 -676.05663 -2778.44042      1401.05
39    -370.72140 2096.91085 141.83443 -4355.42246 -1119.85099 -7109.78651       -492.78951 -19.76632 -1974.84274 -122.06811 -714.11402 -2793.89671      1425.29
40    -377.37812 2056.80569 136.16571 -4285.57584 -1124.86977 -7023.33131       -477.74506 -35.79876 -1956.43874 -100.36695 -752.17141 -2809.35299      1451.18
41    -384.03483 2016.70053 130.49698 -4215.72923 -1129.88854 -6936.87611       -462.70062 -51.83119 -1938.03474 -78.66579 -790.22880 -2824.80927      1464.07
42    -390.69154 1976.59537 124.82825 -4145.88261 -1134.90732 -6850.42092       -447.65617 -67.86363 -1919.63074 -56.96463 -828.28619 -2840.26555      1463.36
43    -397.34826 1936.49021 119.15953 -4076.03600 -1139.92609 -6763.96572       -432.61172 -83.89606 -1901.22674 -35.26347 -866.34357 -2855.72183      1464.69
44    -404.00497 1896.38505 113.49080 -4006.18938 -1144.94487 -6677.51052       -417.56727 -99.92849 -1882.82274 -13.56231 -904.40096 -2871.17812      1468.06
45    -410.66168 1856.27989 107.82207 -3936.34277 -1149.96364 -6591.05532        -8.13885 -934.31950 -107.82207 -410.66168 -1856.27989 -2878.49554      1464.01
46    -417.31839 1816.17473 102.15334 -3866.49616 -1154.98242 -6504.60012       -29.84001 -950.67573 -102.15334 -417.31839 -1816.17473 -2872.25067      1445.89
47    -423.97511 1776.06957  96.48462 -3796.64954 -1160.00119 -6418.14492       -51.54117 -967.03196 -96.48462 -423.97511 -1776.06957 -2866.00579      1429.27
48    -430.63182 1735.96441  90.81589 -3726.80293 -1165.01997 -6331.68972       -73.24234 -983.38819 -90.81589 -430.63182 -1735.96441 -2859.76091      1414.19
49    -437.28853 1695.85924  85.14716 -3656.95631 -1170.03875 -6245.23452       -94.94350 -999.74442 -85.14716 -437.28853 -1695.85924 -2853.51603      1400.71
50    -443.94525 1655.75408  79.47844 -3587.10970 -1175.05752 -6158.77932       -116.64466 -1016.10065 -79.47844 -443.94525 -1655.75408 -2847.27115      1388.87
51    -450.60196 1615.64892  73.80971 -3517.26309 -1180.07630 -6072.32412       -138.34582 -1032.45688 -73.80971 -450.60196 -1615.64892 -2841.02627      1378.72
52    -457.25867 1575.54376  68.14098 -3447.41647 -1185.09507 -5985.86892       -160.04698 -1048.81311 -68.14098 -457.25867 -1575.54376 -2834.78140      1370.29
53    -463.91539 1535.43860  62.47226 -3377.56986 -1190.11385 -5899.41372       -181.74814 -1065.16933 -62.47226 -463.91539 -1535.43860 -2828.53652      1363.61
54    -470.57210 1495.33344  56.80353 -3307.72324 -1195.13262 -5812.95852       -203.44930 -1081.52556 -56.80353 -470.57210 -1495.33344 -2822.29164      1358.72
55    -477.22881 1455.22828  51.13480 -3237.87663 -1200.15140 -5726.50333       -225.15046 -1097.88179 -51.13480 -477.22881 -1455.22828 -2816.04676      1355.63
56    -483.88552 1415.12312  45.46608 -3168.03001 -1205.17017 -5640.04813       -246.85162 -1114.23802 -45.46608 -483.88552 -1415.12312 -2809.80188      1354.34
57    -490.54224 1375.01796  39.79735 -3098.18340 -1210.18895 -5553.59293       -268.55278 -1130.59425 -39.79735 -490.54224 -1375.01796 -2803.55700      1354.88
58    -497.19895 1334.91280  34.12862 -3028.33679 -1215.20773 -5467.13773       -1146.95048 -290.25394 -34.12862 -1334.91280 -497.19895 -2797.31213      1357.23
59    -503.85566 1294.80764  28.45990 -2958.49017 -1220.22650 -5380.68253       -1163.30671 -311.95510 -28.45990 -1294.80764 -503.85566 -2791.06725      1361.38
60    -510.51238 1254.70248  22.79117 -2888.64356 -1225.24528 -5294.22733       -1179.66294 -333.65626 -22.79117 -1254.70248 -510.51238 -2784.82237      1349.91
61    -517.16909 1214.59732  17.12244 -2818.79694 -1230.26405 -5207.77213       -1196.01917 -355.35742 -17.12244 -1214.59732 -517.16909 -2778.57749      1317.61
62    -523.82580 1174.49216  11.45371 -2748.95033 -1235.28283 -5121.31693       -1212.37540 -377.05858 -11.45371 -1174.49216 -523.82580 -2772.33261      1286.41
63    -530.48252 1134.38700   5.78499 -2679.10371 -1240.30160 -5034.86173       -1228.73163 -398.75974  -5.78499 -1134.38700 -530.48252 -2766.08773      1256.4
64    -537.13923 1094.28184   0.11626 -2609.25710 -1245.32038 -4948.40653       -537.13923 -1094.28184  -0.11626 -420.46090 -1245.08786 -2759.84286      1227.67
65    -543.79594 1054.17668  -5.55247 -2539.41049 -1250.33915 -4861.95133       -538.24347 -436.60960  -5.55247 -1048.62421 -1255.89162 -2759.15044      1201.26
66    -550.45265 1014.07152 -11.22119 -2469.56387 -1255.35793 -4775.49613       -539.23146 -452.64203 -11.22119 -1002.85032 -1266.57912 -2758.57429      1176.41
67    -557.10937 973.96636 -16.88992 -2399.71726 -1260.37671 -4689.04093       -540.21945 -468.67446 -16.88992 -957.07644 -1277.26663 -2757.99814      1153.19
68    -563.76608 933.86120 -22.55865 -2329.87064 -1265.39548 -4602.58574       -541.20743 -484.70690 -22.55865 -911.30255 -1287.95413 -2757.42199      1131.7
69    -570.42279 893.75604 -28.22737 -2260.02403 -1270.41426 -4516.13054       -542.19542 -500.73933 -28.22737 -865.52866 -1298.64163 -2756.84584      1112.05
70    -577.07951 853.65088 -33.89610 -2190.17741 -1275.43303 -4429.67534       -543.18341 -516.77176 -33.89610 -819.75478 -1309.32913 -2756.26969      1094.33
71    -583.73622 813.54572 -39.56483 -2120.33080 -1280.45181 -4343.22014       -544.17139 -532.80420 -39.56483 -773.98089 -1320.01663 -2755.69353      1078.64
72    -590.39293 773.44055 -45.23355 -2050.48419 -1285.47058 -4256.76494       -545.15938 -548.83663 -45.23355 -728.20700 -1330.70414 -2755.11738      1065.07
73    -597.04965 733.33539 -50.90228 -1980.63757 -1290.48936 -4170.30974       -546.14736 -564.86906 -50.90228 -682.43311 -1341.39164 -2754.54123      1050.69
74    -603.70636 693.23023 -56.57101 -1910.79096 -1295.50813 -4083.85454       -547.13535 -580.90150 -56.57101 -636.65923 -1352.07914 -2753.96508      1030.76
75    -610.36307 653.12507 -62.23974 -1840.94434 -1300.52691 -3997.39934       -548.12334 -596.93393 -62.23974 -590.88534 -1362.76664 -2753.38893      1012.9
76    -617.01978 613.01991 -67.90846 -1771.09773 -1305.54569 -3910.94414       -549.11132 -612.96636 -67.90846 -545.11145 -1373.45415 -2752.81278      997.24
77    -623.67650 572.91475 -73.57719 -1701.25111 -1310.56446 -3824.48894       -550.09931 -628.99880 -73.57719 -499.33756 -1384.14165 -2752.23663      983.871
78    -630.33321 532.80959 -79.24592 -1631.40450 -1315.58324 -3738.03374       -551.08729 -645.03123 -79.24592 -453.56368 -1394.82915 -2751.66047      972.89
79    -636.98992 492.70443 -84.91464 -1561.55789 -1320.60201 -3651.57854       -552.07528 -661.06366 -84.91464 -407.78979 -1405.51665 -2751.08432      964.38
80    -643.64664 452.59927 -90.58337 -1491.71127 -1325.62079 -3565.12335       -553.06327 -677.09610 -90.58337 -362.01590 -1416.20416 -2750.50817      958.406
81    -650.30335 412.49411 -96.25210 -1421.86466 -1330.63956 -3478.66815       -554.05125 -693.12853 -96.25210 -316.24201 -1426.89166 -2749.93202      955.016
82    -656.96006 372.38895 -101.92082 -1352.01804 -1335.65834 -3392.21295       -555.03924 -709.16097 -101.92082 -270.46813 -1437.57916 -2749.35587      954.237
83    -663.61678 332.28379 -107.58955 -1282.17143 -1340.67711 -3305.75775       -556.02722 -725.19340 -107.58955 -224.69424 -1448.26666 -2748.77972      956.076
84    -670.27349 292.17863 -113.25828 -1212.32481 -1345.69589 -3219.30255       -557.01521 -741.22583 -113.25828 -178.92035 -1458.95417 -2748.20357      960.518
85    -676.93020 252.07347 -118.92700 -1142.47820 -1350.71467 -3132.84735       -558.00320 -757.25827 -118.92700 -133.14647 -1469.64167 -2747.62741      967.527
86    -683.58691 211.96831 -124.59573 -1072.63159 -1355.73344 -3046.39215       -558.99118 -773.29070 -124.59573 -87.37258 -1480.32917 -2747.05126      977.047
87    -690.24363 171.86315 -130.26446 -1002.78497 -1360.75222 -2959.93695       -559.97917 -789.32313 -130.26446 -41.59869 -1491.01667 -2746.47511      989.006
88    -696.90034 131.75799 -135.93318 -932.93836 -1365.77099 -2873.48175       -565.14235 -131.75799 -801.18037  -4.17520 -1497.52898 -2741.72376      996.903
89    -703.55705  91.65283 -141.60191 -863.09174 -1370.78977 -2787.02655       -611.90423 -91.65283 -771.43892 -49.94908 -1462.44260 -2695.37372      946.055
90    -710.21377  51.54767 -147.27064 -793.24513 -1375.80854 -2700.57135       -658.66610 -51.54767 -741.69746 -95.72297 -1427.35621 -2649.02369      903.623
91    -716.87048  11.44251 -152.93937 -723.39851 -1380.82732 -2614.11615       -705.42797 -11.44251 -711.95601 -141.49686 -1392.26983 -2602.67365      870.836
92    -723.52719 -28.66265 -158.60809 -653.55190 -1385.84609 -2527.66095       -723.52719 -28.66265 -158.60809 -653.55190 -1385.84609 -2527.66095      796.215
93    -730.18390 -68.76781 -164.27682 -583.70529 -1390.86487 -2441.20576       -730.18390 -68.76781 -164.27682 -583.70529 -1390.86487 -2441.20576      698.191
94    -736.84062 -108.87297 -169.94555 -513.85867 -1395.88365 -2354.75056       -736.84062 -108.87297 -169.94555 -513.85867 -1395.88365 -2354.75056      592.94
95    -743.49733 -148.97814 -175.61427 -444.01206 -1400.90242 -2268.29536       -743.49733 -148.97814 -175.61427 -444.01206 -1400.90242 -2268.29536      474.352
96    -750.15404 -189.08330 -181.28300 -374.16544 -1405.92120 -2181.84016       -750.15404 -189.08330 -181.28300 -374.16544 -1405.92120 -2181.84016      355.764
97    -756.81076 -229.18846 -186.95173 -304.31883 -1410.93997 -2095.38496       -756.81076 -229.18846 -186.95173 -304.31883 -1410.93997 -2095.38496      237.176
98    -763.46747 -269.29362 -192.62045 -234.47222 -1415.95875 -2008.92976       -763.46747 -269.29362 -192.62045 -234.47222 -1415.95875 -2008.92976      118.588
99    -770.12418 -309.39878 -198.28918 -164.62560 -1420.97752 -1922.47456       -770.12418 -309.39878 -198.28918 -164.62560 -1420.97752 -1922.47456      0
