Fol_2018-02-06.14_51_04.98_.txt     Output is probe cell, reduced cell, NCDist distance between
0    -183.13629  81.59680 -143.28719 -171.09366  49.45048 -97.91373       -101.53949 -32.14632 -16.31693 -61.69039 -81.59680 -89.49686      1.1545e-13
1    -180.29740  81.26212 -141.67502 -171.13245  45.78246 -100.62100       -99.03528 -35.47966 -19.35889 -60.41291 -81.26212 -89.87033      5.34033
2    -177.45851  80.92743 -140.06286 -171.17124  42.11443 -103.32828       -96.53108 -38.81300 -22.40085 -59.13543 -80.92743 -90.24380      10.6807
3    -174.61962  80.59275 -138.45070 -171.21003  38.44641 -106.03555       -94.02687 -42.14634 -25.44280 -57.85795 -80.59275 -90.61728      16.021
4    -171.78073  80.25807 -136.83854 -171.24882  34.77838 -108.74283       -80.25807 -56.58047 -28.48476 -45.47969 -91.52266 -90.99075      21.3613
5    -168.94184  79.92339 -135.22637 -171.28761  31.11036 -111.45010       -79.92339 -55.30299 -31.52672 -48.81303 -89.01846 -91.36422      26.7017
6    -166.10295  79.58870 -133.61421 -171.32640  27.44234 -114.15738       -79.58870 -54.02551 -34.56867 -52.14637 -86.51425 -91.73769      32.042
7    -163.26406  79.25402 -132.00205 -171.36518  23.77431 -116.86465       -79.25402 -52.74803 -37.61063 -55.47971 -84.01004 -92.11116      37.3823
8    -160.42518  78.91934 -130.38988 -171.40397  20.10629 -119.57193       -78.91934 -51.47054 -40.65259 -58.81305 -81.50584 -92.48463      38.6592
9    -157.58629  78.58466 -128.77772 -171.44276  16.43826 -122.27920       -78.58466 -50.19306 -43.69454 -62.14639 -79.00163 -92.85811      40.254
10    -154.74740  78.24998 -127.16556 -171.48155  12.77024 -124.98647       -78.24998 -48.91558 -46.73650 -65.47973 -76.49742 -93.23158      42.4649
11    -151.90851  77.91529 -125.55340 -171.52034   9.10222 -127.69375       -77.91529 -47.63810 -49.77845 -68.81308 -73.99321 -93.60505      45.2017
12    -149.06962  77.58061 -123.94123 -171.55913   5.43419 -130.40102       -77.58061 -46.36062 -52.82041 -72.14642 -71.48901 -93.97852      48.3752
13    -146.23073  77.24593 -122.32907 -171.59792   1.76617 -133.10830       -77.24593 -45.08314 -55.86237 -75.47976 -68.98480 -94.35199      51.9053
14    -143.39184  76.91125 -120.71691 -171.63671  -1.90185 -135.81557       -76.91125 -43.80566 -58.90432 -78.81310 -66.48059 -94.72547      55.4389
15    -140.55295  76.57656 -119.10474 -171.67550  -5.56988 -138.52285       -76.57656 -42.52818 -61.94628 -82.14644 -63.97639 -95.09894      58.739
16    -137.71406  76.24188 -117.49258 -171.71429  -9.23790 -141.23012       -76.24188 -41.25070 -64.98824 -85.47978 -61.47218 -95.47241      62.3226
17    -134.87517  75.90720 -115.88042 -171.75308 -12.90593 -143.93739       -75.90720 -39.97322 -68.03019 -88.81313 -58.96797 -95.84588      66.1436
18    -132.03628  75.57252 -114.26826 -171.79187 -16.57395 -146.64467       -75.57252 -38.69574 -71.07215 -92.14647 -56.46377 -96.21935      70.1633
19    -129.19740  75.23783 -112.65609 -171.83066 -20.24197 -149.35194       -37.41826 -75.23783 -74.11411 -53.95956 -95.47981 -96.59282      74.3495
20    -126.35851  74.90315 -111.04393 -171.86945 -23.91000 -152.05922       -36.14078 -77.15606 -74.90315 -51.45535 -96.96630 -98.81315      76.1816
21    -123.51962  74.56847 -109.43177 -171.90824 -27.57802 -154.76649       -34.86330 -80.19802 -74.56847 -48.95115 -97.33977 -102.14649      77.0467
22    -120.68073  74.23379 -107.81961 -171.94703 -31.24605 -157.47377       -33.58582 -83.23998 -74.23379 -46.44694 -97.71324 -105.47983      78.2674
23    -117.84184  73.89911 -106.20744 -171.98582 -34.91407 -160.18104       -32.30834 -86.28193 -73.89911 -43.94273 -98.08671 -108.81317      79.8274
24    -115.00295  73.56442 -104.59528 -172.02461 -38.58209 -162.88831       -89.32389 -31.03086 -73.56442 -98.46018 -41.43853 -112.14652      81.7073
25    -112.16406  73.22974 -102.98312 -172.06340 -42.25012 -165.59559       -92.36585 -29.75338 -73.22974 -98.83366 -38.93432 -115.47986      83.8856
26    -109.32517  72.89506 -101.37095 -172.10219 -45.91814 -168.30286       -95.40780 -28.47590 -72.89506 -99.20713 -36.43011 -118.81320      86.3397
27    -106.48628  72.56038 -99.75879 -172.14098 -49.58616 -171.01014       -98.44976 -27.19841 -72.56038 -99.58060 -33.92591 -122.14654      89.0468
28    -103.64739  72.22569 -98.14663 -172.17977 -53.25419 -173.71741       -101.49172 -25.92093 -72.22569 -99.95407 -31.42170 -125.47988      91.8748
29    -100.80850  71.89101 -96.53447 -172.21855 -56.92221 -176.42469       -104.53367 -24.64345 -71.89101 -100.32754 -28.91749 -128.81322      94.6966
30    -97.96962  71.55633 -94.92230 -172.25734 -60.59024 -179.13196       -26.41329 -100.70101 -71.55633 -23.36597 -107.57563 -132.14657      97.729
31    -95.13073  71.22165 -93.31014 -172.29613 -64.25826 -181.83924       -23.90908 -101.07449 -71.22165 -22.08849 -110.61759 -135.47991      100.953
32    -92.29184  70.88696 -91.69798 -172.33492 -67.92628 -184.54651       -21.40487 -101.44796 -70.88696 -20.81101 -113.65954 -138.81325      104.351
33    -89.45295  70.55228 -90.08581 -172.37371 -71.59431 -187.25378       -18.90067 -101.82143 -70.55228 -19.53353 -116.70150 -142.14659      107.906
34    -86.61406  70.21760 -88.47365 -172.41250 -75.26233 -189.96106       -16.39646 -102.19490 -70.21760 -18.25605 -119.74346 -145.47993      111.604
35    -83.77517  69.88292 -86.86149 -172.45129 -78.93036 -192.66833       -13.89225 -102.56837 -69.88292 -16.97857 -122.78541 -148.81327      115.43
36    -80.93628  69.54824 -85.24933 -172.49008 -82.59838 -195.37561       -11.38805 -102.94185 -69.54824 -15.70109 -125.82737 -152.14662      119.373
37    -78.09739  69.21355 -83.63716 -172.52887 -86.26640 -198.08288        -8.88384 -103.31532 -69.21355 -14.42361 -128.86933 -155.47996      123.421
38    -75.25850  68.87887 -82.02500 -172.56766 -89.93443 -200.79016        -6.37963 -103.68879 -68.87887 -13.14613 -131.91128 -158.81330      127.564
39    -72.41961  68.54419 -80.41284 -172.60645 -93.60245 -203.49743        -3.87543 -104.06226 -68.54419 -11.86865 -134.95324 -162.14664      131.545
40    -69.58072  68.20951 -78.80067 -172.64524 -97.27047 -206.20470        -1.37122 -104.43573 -68.20951 -10.59117 -137.99520 -165.47998      135.174
41    -66.74184  67.87482 -77.18851 -172.68403 -100.93850 -208.91198       -10.44668 -139.90417 -66.74184  -1.13299 -167.68033 -103.67622      136.586
42    -63.90295  67.54014 -75.57635 -172.72282 -104.60652 -211.61925       -11.67340 -140.44192 -63.90295  -3.63720 -168.50947 -101.54548      135.316
43    -61.06406  67.20546 -73.96419 -172.76161 -108.27455 -214.32653       -12.90013 -140.97967 -61.06406  -6.14140 -169.33860 -99.41475      134.193
44    -58.22517  66.87078 -72.35202 -172.80040 -111.94257 -217.03380       -14.12685 -141.51742 -58.22517  -8.64561 -170.16774 -97.28401      133.221
45    -55.38628  66.53610 -70.73986 -172.83919 -115.61059 -219.74108       -15.35358 -142.05517 -55.38628 -11.14982 -170.99687 -95.15328      132.403
46    -52.54739  66.20141 -69.12770 -172.87798 -119.27862 -222.44835       -16.58031 -142.59292 -52.54739 -13.65402 -171.82601 -93.02254      131.742
47    -49.70850  65.86673 -67.51553 -172.91677 -122.94664 -225.15562       -17.80703 -143.13067 -49.70850 -16.15823 -172.65514 -90.89181      130.888
48    -46.86961  65.53205 -65.90337 -172.95556 -126.61467 -227.86290       -19.03376 -143.66841 -46.86961 -18.66244 -173.48428 -88.76107      130.102
49    -44.03072  65.19737 -64.29121 -172.99435 -130.28269 -230.57017       -20.26049 -144.20616 -44.03072 -21.16664 -174.31341 -86.63034      129.475
50    -41.19183  64.86268 -62.67905 -173.03314 -133.95071 -233.27745       -21.48721 -144.74391 -41.19183 -23.67085 -175.14255 -84.49960      129.012
51    -38.35295  64.52800 -61.06688 -173.07192 -137.61874 -235.98472       -22.71394 -145.28166 -38.35295 -26.17506 -175.97168 -82.36887      128.712
52    -35.51406  64.19332 -59.45472 -173.11071 -141.28676 -238.69200       -23.94066 -145.81941 -35.51406 -28.67926 -176.80082 -80.23813      128.579
53    -32.67517  63.85864 -57.84256 -173.14950 -144.95478 -241.39927       -25.16739 -146.35716 -32.67517 -31.18347 -177.62995 -78.10740      128.611
54    -29.83628  63.52395 -56.23039 -173.18829 -148.62281 -244.10654       -26.39412 -146.89491 -29.83628 -33.68768 -178.45909 -75.97666      128.809
55    -26.99739  63.18927 -54.61823 -173.22708 -152.29083 -246.81382       -27.62084 -147.43266 -26.99739 -36.19188 -179.28822 -73.84593      129.172
56    -24.15850  62.85459 -53.00607 -173.26587 -155.95886 -249.52109       -28.84757 -147.97041 -24.15850 -38.69609 -180.11736 -71.71519      129.699
57    -21.31961  62.51991 -51.39391 -173.30466 -159.62688 -252.22837       -30.07430 -148.50816 -21.31961 -41.20030 -180.94649 -69.58446      130.387
58    -18.48072  62.18523 -49.78174 -173.34345 -163.29490 -254.93564       -31.30102 -149.04591 -18.48072 -43.70450 -181.77563 -67.45372      131.235
59    -15.64183  61.85054 -48.16958 -173.38224 -166.96293 -257.64292       -32.52775 -149.58366 -15.64183 -46.20871 -182.60476 -65.32299      132.239
60    -12.80294  61.51586 -46.55742 -173.42103 -170.63095 -260.35019       -33.75447 -150.12141 -12.80294 -48.71292 -183.43390 -63.19225      133.396
61     -9.96405  61.18118 -44.94526 -173.45982 -174.29898 -263.05747       -34.98120 -150.65916  -9.96405 -51.21712 -184.26303 -61.06152      134.701
62     -7.12517  60.84650 -43.33309 -173.49861 -177.96700 -265.76474       -36.20793 -151.19691  -7.12517 -53.72133 -185.09216 -58.93078      136.15
63     -4.28628  60.51181 -41.72093 -173.53740 -181.63502 -268.47201       -37.43465 -151.73466  -4.28628 -56.22554 -185.92130 -56.80005      137.74
64     -1.44739  60.17713 -40.10877 -173.57619 -185.30305 -271.17929       -38.66138 -152.27241  -1.44739 -58.72974 -186.75043 -54.66931      138.251
65      1.39150  59.84245 -38.49660 -173.61498 -188.97107 -273.88656        -1.39150 -38.49660 -59.84245 -53.93008 -151.41866 -186.18807      135.656
66      4.23039  59.50777 -36.88444 -173.65377 -192.63909 -276.59384        -4.23039 -36.88444 -59.50777 -54.63823 -149.11752 -184.17831      131.541
67      7.06928  59.17308 -35.27228 -173.69256 -196.30712 -279.30111        -7.06928 -35.27228 -59.17308 -55.34639 -146.81638 -182.16856      127.455
68      9.90817  58.83840 -33.66012 -173.73135 -199.97514 -282.00839        -9.90817 -33.66012 -58.83840 -56.05454 -144.51524 -180.15880      123.401
69     12.74706  58.50372 -32.04795 -173.77014 -203.64317 -284.71566       -12.74706 -32.04795 -58.50372 -56.76270 -142.21410 -178.14905      119.382
70     15.58595  58.16904 -30.43579 -173.80893 -207.31119 -287.42293       -15.58595 -30.43579 -58.16904 -57.47085 -139.91296 -176.13930      115.401
71     18.42484  57.83436 -28.82363 -173.84772 -210.97921 -290.13021       -18.42484 -28.82363 -57.83436 -58.17900 -137.61183 -174.12954      111.463
72     21.26373  57.49967 -27.21146 -173.88651 -214.64724 -292.83748       -21.26373 -27.21146 -57.49967 -58.88716 -135.31069 -172.11979      107.573
73     24.10261  57.16499 -25.59930 -173.92529 -218.31526 -295.54476       -24.10261 -25.59930 -57.16499 -59.59531 -133.00955 -170.11003      103.735
74     26.94150  56.83031 -23.98714 -173.96408 -221.98329 -298.25203       -26.94150 -23.98714 -56.83031 -60.30347 -130.70841 -168.10028      99.956
75     29.78039  56.49563 -22.37498 -174.00287 -225.65131 -300.95931       -29.78039 -22.37498 -56.49563 -61.01162 -128.40727 -166.09052      96.2429
76     32.61928  56.16094 -20.76281 -174.04166 -229.31933 -303.66658       -32.61928 -20.76281 -56.16094 -61.71978 -126.10613 -164.08077      92.6033
77     35.45817  55.82626 -19.15065 -174.08045 -232.98736 -306.37385       -35.45817 -19.15065 -55.82626 -62.42793 -123.80499 -162.07102      89.0465
78     38.29706  55.49158 -17.53849 -174.11924 -236.65538 -309.08113       -38.29706 -17.53849 -55.49158 -63.13608 -121.50385 -160.06126      85.5827
79     41.13595  55.15690 -15.92632 -174.15803 -240.32340 -311.78840       -41.13595 -55.15690 -15.92632 -63.84424 -158.05151 -119.20271      82.2236
80     43.97484  54.82221 -14.31416 -174.19682 -243.99143 -314.49568       -43.97484 -54.82221 -14.31416 -64.55239 -156.04175 -116.90157      78.9827
81     46.81373  54.48753 -12.70200 -174.23561 -247.65945 -317.20295       -46.81373 -54.48753 -12.70200 -65.26055 -154.03200 -114.60043      75.875
82     49.65262  54.15285 -11.08984 -174.27440 -251.32748 -319.91023       -49.65262 -54.15285 -11.08984 -65.96870 -152.02224 -112.29929      72.9176
83     52.49151  53.81817  -9.47767 -174.31319 -254.99550 -322.61750       -52.49151 -53.81817  -9.47767 -66.67685 -150.01249 -109.99816      69.1155
84     55.33039  53.48349  -7.86551 -174.35198 -258.66352 -325.32478       -55.33039 -53.48349  -7.86551 -67.38501 -148.00274 -107.69702      65.2112
85     58.16928  53.14880  -6.25335 -174.39077 -262.33155 -328.03205       -58.16928 -53.14880  -6.25335 -68.09316 -145.99298 -105.39588      61.3943
86     61.00817  52.81412  -4.64118 -174.42956 -265.99957 -330.73932       -61.00817 -52.81412  -4.64118 -68.80132 -143.98323 -103.09474      57.6822
87     63.84706  52.47944  -3.02902 -174.46835 -269.66760 -333.44660       -63.84706 -52.47944  -3.02902 -69.50947 -141.97347 -100.79360      54.0964
88     66.68595  52.14476  -1.41686 -174.50714 -273.33562 -336.15387       -66.68595 -52.14476  -1.41686 -70.21763 -139.96372 -98.49246      50.6637
89     69.52484  51.81007   0.19530 -174.54593 -277.00364 -338.86115       -69.32954 -70.73048  -0.19530 -51.61477 -137.75866 -96.38662      47.2275
90     72.36373  51.47539   1.80747 -174.58472 -280.67167 -341.56842       -70.55626 -69.82647  -1.80747 -49.66793 -134.13674 -95.69765      42.5047
91     75.20262  51.14071   3.41963 -174.62351 -284.33969 -344.27570       -71.78299 -68.92246  -3.41963 -47.72108 -130.51483 -95.00867      37.782
92     78.04151  50.80603   5.03179 -174.66230 -288.00771 -346.98297       -73.00971 -68.01845  -5.03179 -45.77424 -126.89291 -94.31969      33.0592
93     80.88040  50.47134   6.64395 -174.70109 -291.67574 -349.69024       -74.23644 -67.11444  -6.64395 -43.82739 -123.27099 -93.63072      28.3365
94     83.71928  50.13666   8.25612 -174.73988 -295.34376 -352.39752       -75.46317 -66.21043  -8.25612 -41.88054 -119.64907 -92.94174      23.6137
95     86.55817  49.80198   9.86828 -174.77866 -299.01179 -355.10479       -76.68989 -65.30642  -9.86828 -39.93370 -116.02716 -92.25277      18.891
96     89.39706  49.46730  11.48044 -174.81745 -302.67981 -357.81207       -77.91662 -64.40241 -11.48044 -37.98685 -112.40524 -91.56379      14.1682
97     92.23595  49.13262  13.09261 -174.85624 -306.34783 -360.51934       -79.14335 -63.49841 -13.09261 -36.04001 -108.78332 -90.87481      9.44549
98     95.07484  48.79793  14.70477 -174.89503 -310.01586 -363.22662       -105.16141 -34.09316 -14.70477 -62.59440 -80.37007 -90.18584      4.72275
99     97.91373  48.46325  16.31693 -174.93382 -313.68388 -365.93389       -101.53949 -32.14632 -16.31693 -61.69039 -81.59680 -89.49686      7.78361e-14
