Fol_2018-02-06.14_22_40.41_.txt     Output is probe cell, reduced cell, NCDist distance between
0     28.44852 -131.36812 -99.99759  59.27836 -144.61505 -122.20742       -72.08976 -30.82984 -40.71923 -62.92906 -59.27836 -85.33669      0
1     27.43298 -130.35258 -99.39882  58.04395 -143.75307 -121.83499       -72.30864 -30.61096 -41.35487 -63.79105 -58.04395 -85.70912      1.70452
2     26.41744 -129.33705 -98.80005  56.80953 -142.89108 -121.46256       -72.52752 -30.39208 -41.99052 -64.65303 -56.80953 -86.08155      3.40903
3     25.40190 -128.32151 -98.20127  55.57511 -142.02909 -121.09013       -72.74640 -30.17320 -42.62617 -65.51502 -55.57511 -86.45398      5.11355
4     24.38637 -127.30597 -97.60250  54.34069 -141.16711 -120.71770       -72.96528 -29.95432 -43.26181 -66.37701 -54.34069 -86.82642      6.81807
5     23.37083 -126.29043 -97.00373  53.10627 -140.30512 -120.34526       -73.18416 -29.73544 -43.89746 -67.23899 -53.10627 -87.19885      8.52259
6     22.35529 -125.27489 -96.40496  51.87185 -139.44313 -119.97283       -73.40304 -29.51656 -44.53311 -68.10098 -51.87185 -87.57128      10.2271
7     21.33975 -124.25936 -95.80619  50.63743 -138.58115 -119.60040       -73.62192 -29.29768 -45.16875 -68.96297 -50.63743 -87.94371      11.9316
8     20.32421 -123.24382 -95.20742  49.40302 -137.71916 -119.22797       -73.84080 -29.07880 -45.80440 -69.82495 -49.40302 -88.31614      13.6361
9     19.30868 -122.22828 -94.60865  48.16860 -136.85717 -118.85554       -74.05968 -28.85992 -46.44005 -70.68694 -48.16860 -88.68857      15.3407
10     18.29314 -121.21274 -94.00988  46.93418 -135.99519 -118.48311       -74.27856 -28.64104 -47.07570 -71.54893 -46.93418 -89.06101      17.0452
11     17.27760 -120.19720 -93.41110  45.69976 -135.13320 -118.11067       -74.49744 -28.42216 -47.71134 -72.41091 -45.69976 -89.43344      18.7497
12     16.26206 -119.18167 -92.81233  44.46534 -134.27121 -117.73824       -74.71632 -28.20328 -48.34699 -73.27290 -44.46534 -89.80587      20.4542
13     15.24652 -118.16613 -92.21356  43.23092 -133.40923 -117.36581       -74.93520 -27.98440 -48.98264 -74.13489 -43.23092 -90.17830      22.1587
14     14.23098 -117.15059 -91.61479  41.99651 -132.54724 -116.99338       -75.15408 -27.76552 -49.61828 -74.99687 -41.99651 -90.55073      23.8632
15     13.21545 -116.13505 -91.01602  40.76209 -131.68525 -116.62095       -75.37296 -27.54664 -50.25393 -75.85886 -40.76209 -90.92316      25.5678
16     12.19991 -115.11951 -90.41725  39.52767 -130.82327 -116.24852       -75.59184 -27.32776 -50.88958 -76.72085 -39.52767 -91.29560      27.2723
17     11.18437 -114.10397 -89.81848  38.29325 -129.96128 -115.87608       -75.81072 -27.10888 -51.52522 -77.58283 -38.29325 -91.66803      28.9768
18     10.16883 -113.08844 -89.21970  37.05883 -129.09929 -115.50365       -76.02960 -26.89000 -52.16087 -78.44482 -37.05883 -92.04046      30.6813
19      9.15329 -112.07290 -88.62093  35.82441 -128.23730 -115.13122       -76.24848 -26.67112 -52.79652 -79.30681 -35.82441 -92.41289      32.3858
20      8.13776 -111.05736 -88.02216  34.59000 -127.37532 -114.75879       -76.46736 -26.45224 -53.43217 -80.16879 -34.59000 -92.78532      34.0903
21      7.12222 -110.04182 -87.42339  33.35558 -126.51333 -114.38636       -76.68624 -26.23336 -54.06781 -81.03078 -33.35558 -93.15775      35.7949
22      6.10668 -109.02628 -86.82462  32.12116 -125.65134 -114.01393       -76.90512 -26.01448 -54.70346 -81.89277 -32.12116 -93.53019      37.4994
23      5.09114 -108.01075 -86.22585  30.88674 -124.78936 -113.64149       -25.79560 -77.12400 -55.33911 -30.88674 -82.75475 -93.90262      39.2039
24      4.07560 -106.99521 -85.62708  29.65232 -123.92737 -113.26906       -25.57672 -77.34288 -55.97475 -29.65232 -83.61674 -94.27505      40.9084
25      3.06007 -105.97967 -85.02831  28.41790 -123.06538 -112.89663       -25.35784 -77.56177 -56.61040 -28.41790 -84.47873 -94.64748      42.6129
26      2.04453 -104.96413 -84.42953  27.18349 -122.20340 -112.52420       -25.13896 -77.78065 -57.24605 -27.18349 -85.34071 -95.01991      44.0665
27      1.02899 -103.94859 -83.83076  25.94907 -121.34141 -112.15177       -24.92008 -77.99953 -57.88170 -25.94907 -86.20270 -95.39234      45.0142
28      0.01345 -102.93305 -83.23199  24.71465 -120.47942 -111.77934       -24.70120 -78.21841 -58.51734 -24.71465 -87.06469 -95.76478      46.0055
29     -1.00209 -101.91752 -82.63322  23.48023 -119.61744 -111.40690       -24.48232 -78.43729 -59.15299 -23.48023 -87.92667 -96.13721      47.0377
30     -2.01763 -100.90198 -82.03445  22.24581 -118.75545 -111.03447       -24.26344 -78.65617 -59.78864 -22.24581 -88.78866 -96.50964      48.1082
31     -3.03316 -99.88644 -81.43568  21.01139 -117.89346 -110.66204       -24.04456 -78.87505 -60.42428 -21.01139 -89.65065 -96.88207      49.2145
32     -4.04870 -98.87090 -80.83691  19.77697 -117.03148 -110.28961       -23.82568 -79.09393 -61.05993 -19.77697 -90.51263 -97.25450      50.3542
33     -5.06424 -97.85536 -80.23813  18.54256 -116.16949 -109.91718       -23.60680 -79.31281 -61.69558 -18.54256 -91.37462 -97.62693      51.525
34     -6.07978 -96.83983 -79.63936  17.30814 -115.30750 -109.54475       -23.38792 -79.53169 -62.33122 -17.30814 -92.23661 -97.99937      52.725
35     -7.09532 -95.82429 -79.04059  16.07372 -114.44552 -109.17231       -23.16904 -79.75057 -62.96687 -16.07372 -93.09859 -98.37180      53.9521
36     -8.11085 -94.80875 -78.44182  14.83930 -113.58353 -108.79988       -22.95016 -79.96945 -63.60252 -14.83930 -93.96058 -98.74423      55.2046
37     -9.12639 -93.79321 -77.84305  13.60488 -112.72154 -108.42745       -22.73128 -80.18833 -64.23817 -13.60488 -94.82257 -99.11666      56.4808
38    -10.14193 -92.77767 -77.24428  12.37046 -111.85956 -108.05502       -22.51240 -80.40721 -64.87381 -12.37046 -95.68456 -99.48909      57.7791
39    -11.15747 -91.76213 -76.64551  11.13605 -110.99757 -107.68259       -22.29352 -80.62609 -65.50946 -11.13605 -96.54654 -99.86152      59.098
40    -12.17301 -90.74660 -76.04673   9.90163 -110.13558 -107.31016       -22.07464 -80.84497 -66.14511  -9.90163 -97.40853 -100.23396      60.4362
41    -13.18855 -89.73106 -75.44796   8.66721 -109.27360 -106.93772       -21.85575 -81.06385 -66.78075  -8.66721 -98.27052 -100.60639      61.7924
42    -14.20408 -88.71552 -74.84919   7.43279 -108.41161 -106.56529       -21.63687 -81.28273 -67.41640  -7.43279 -99.13250 -100.97882      63.1655
43    -15.21962 -87.69998 -74.25042   6.19837 -107.54962 -106.19286       -21.41799 -81.50161 -68.05205  -6.19837 -99.99449 -101.35125      64.5545
44    -16.23516 -86.68444 -73.65165   4.96395 -106.68764 -105.82043       -21.19911 -81.72049 -68.68770  -4.96395 -100.85648 -101.72368      65.9582
45    -17.25070 -85.66891 -73.05288   3.72954 -105.82565 -105.44800       -20.98023 -81.93937 -69.32334  -3.72954 -101.71846 -102.09611      67.3758
46    -18.26624 -84.65337 -72.45411   2.49512 -104.96366 -105.07557       -20.76135 -82.15825 -69.95899  -2.49512 -102.58045 -102.46855      68.8064
47    -19.28177 -83.63783 -71.85534   1.26070 -104.10168 -104.70313       -20.54247 -82.37713 -70.59464  -1.26070 -103.44244 -102.84098      70.2493
48    -20.29731 -82.62229 -71.25656   0.02628 -103.23969 -104.33070       -20.32359 -82.59601 -71.23028  -0.02628 -104.30442 -103.21341      71.5244
49    -21.31285 -81.60675 -70.65779  -1.20814 -102.37770 -103.95827       -21.31285 -81.60675 -70.65779  -1.20814 -102.37770 -103.95827      69.4847
50    -22.32839 -80.59121 -70.05902  -2.44256 -101.51572 -103.58584       -22.32839 -80.59121 -70.05902  -2.44256 -101.51572 -103.58584      67.4005
51    -23.34393 -79.57568 -69.46025  -3.67697 -100.65373 -103.21341       -23.34393 -79.57568 -69.46025  -3.67697 -100.65373 -103.21341      65.3238
52    -24.35947 -78.56014 -68.86148  -4.91139 -99.79174 -102.84098       -24.35947 -78.56014 -68.86148  -4.91139 -99.79174 -102.84098      63.2551
53    -25.37500 -77.54460 -68.26271  -6.14581 -98.92975 -102.46855       -25.37500 -77.54460 -68.26271  -6.14581 -98.92975 -102.46855      61.1954
54    -26.39054 -76.52906 -67.66394  -7.38023 -98.06777 -102.09611       -26.39054 -76.52906 -67.66394  -7.38023 -98.06777 -102.09611      59.1456
55    -27.40608 -75.51352 -67.06516  -8.61465 -97.20578 -101.72368       -27.40608 -75.51352 -67.06516  -8.61465 -97.20578 -101.72368      57.1068
56    -28.42162 -74.49799 -66.46639  -9.84907 -96.34379 -101.35125       -28.42162 -74.49799 -66.46639  -9.84907 -96.34379 -101.35125      55.0801
57    -29.43716 -73.48245 -65.86762 -11.08349 -95.48181 -100.97882       -29.43716 -73.48245 -65.86762 -11.08349 -95.48181 -100.97882      53.0669
58    -30.45269 -72.46691 -65.26885 -12.31790 -94.61982 -100.60639       -30.45269 -72.46691 -65.26885 -12.31790 -94.61982 -100.60639      51.0689
59    -31.46823 -71.45137 -64.67008 -13.55232 -93.75783 -100.23396       -31.46823 -71.45137 -64.67008 -13.55232 -93.75783 -100.23396      49.0879
60    -32.48377 -70.43583 -64.07131 -14.78674 -92.89585 -99.86152       -32.48377 -70.43583 -64.07131 -14.78674 -92.89585 -99.86152      47.1261
61    -33.49931 -69.42029 -63.47254 -16.02116 -92.03386 -99.48909       -33.49931 -69.42029 -63.47254 -16.02116 -92.03386 -99.48909      45.1859
62    -34.51485 -68.40476 -62.87377 -17.25558 -91.17187 -99.11666       -34.51485 -68.40476 -62.87377 -17.25558 -91.17187 -99.11666      43.2702
63    -35.53039 -67.38922 -62.27499 -18.49000 -90.30989 -98.74423       -35.53039 -67.38922 -62.27499 -18.49000 -90.30989 -98.74423      41.3826
64    -36.54592 -66.37368 -61.67622 -19.72441 -89.44790 -98.37180       -36.54592 -66.37368 -61.67622 -19.72441 -89.44790 -98.37180      39.5269
65    -37.56146 -65.35814 -61.07745 -20.95883 -88.58591 -97.99937       -37.56146 -65.35814 -61.07745 -20.95883 -88.58591 -97.99937      37.7079
66    -38.57700 -64.34260 -60.47868 -22.19325 -87.72393 -97.62693       -38.57700 -64.34260 -60.47868 -22.19325 -87.72393 -97.62693      35.9312
67    -39.59254 -63.32707 -59.87991 -23.42767 -86.86194 -97.25450       -39.59254 -63.32707 -59.87991 -23.42767 -86.86194 -97.25450      34.2033
68    -40.60808 -62.31153 -59.28114 -24.66209 -85.99995 -96.88207       -40.60808 -62.31153 -59.28114 -24.66209 -85.99995 -96.88207      32.5321
69    -41.62361 -61.29599 -58.68237 -25.89651 -85.13797 -96.50964       -41.62361 -61.29599 -58.68237 -25.89651 -85.13797 -96.50964      30.9267
70    -42.63915 -60.28045 -58.08359 -27.13092 -84.27598 -96.13721       -42.63915 -60.28045 -58.08359 -27.13092 -84.27598 -96.13721      29.3979
71    -43.65469 -59.26491 -57.48482 -28.36534 -83.41399 -95.76478       -43.65469 -59.26491 -57.48482 -28.36534 -83.41399 -95.76478      27.9583
72    -44.67023 -58.24938 -56.88605 -29.59976 -82.55201 -95.39234       -44.67023 -58.24938 -56.88605 -29.59976 -82.55201 -95.39234      26.6224
73    -45.68577 -57.23384 -56.28728 -30.83418 -81.69002 -95.01991       -45.68577 -57.23384 -56.28728 -30.83418 -81.69002 -95.01991      25.4065
74    -46.70131 -56.21830 -55.68851 -32.06860 -80.82803 -94.64748       -46.70131 -56.21830 -55.68851 -32.06860 -80.82803 -94.64748      24.3286
75    -47.71684 -55.20276 -55.08974 -33.30302 -79.96605 -94.27505       -47.71684 -55.20276 -55.08974 -33.30302 -79.96605 -94.27505      23.4078
76    -48.73238 -54.18722 -54.49097 -34.53744 -79.10406 -93.90262       -48.73238 -54.18722 -54.49097 -34.53744 -79.10406 -93.90262      22.6632
77    -49.74792 -53.17168 -53.89219 -35.77185 -78.24207 -93.53019       -49.74792 -53.17168 -53.89219 -35.77185 -78.24207 -93.53019      22.1127
78    -50.76346 -52.15615 -53.29342 -37.00627 -77.38009 -93.15775       -50.76346 -52.15615 -53.29342 -37.00627 -77.38009 -93.15775      21.771
79    -51.77900 -51.14061 -52.69465 -38.24069 -76.51810 -92.78532       -51.77900 -51.14061 -52.69465 -38.24069 -76.51810 -92.78532      21.6479
80    -52.79453 -50.12507 -52.09588 -39.47511 -75.65611 -92.41289       -52.79453 -50.12507 -52.09588 -39.47511 -75.65611 -92.41289      21.7472
81    -53.81007 -49.10953 -51.49711 -40.70953 -74.79413 -92.04046       -53.81007 -49.10953 -51.49711 -40.70953 -74.79413 -92.04046      22.066
82    -54.82561 -48.09399 -50.89834 -41.94395 -73.93214 -91.66803       -54.82561 -48.09399 -50.89834 -41.94395 -73.93214 -91.66803      22.5948
83    -55.84115 -47.07846 -50.29957 -43.17836 -73.07015 -91.29560       -55.84115 -47.07846 -50.29957 -43.17836 -73.07015 -91.29560      23.3194
84    -56.85669 -46.06292 -49.70080 -44.41278 -72.20817 -90.92316       -56.85669 -46.06292 -49.70080 -44.41278 -72.20817 -90.92316      24.2223
85    -57.87222 -45.04738 -49.10202 -45.64720 -71.34618 -90.55073       -57.87222 -45.04738 -49.10202 -45.64720 -71.34618 -90.55073      25.2843
86    -58.88776 -44.03184 -48.50325 -46.88162 -70.48419 -90.17830       -58.88776 -44.03184 -48.50325 -46.88162 -70.48419 -90.17830      26.4864
87    -59.90330 -43.01630 -47.90448 -48.11604 -69.62220 -89.80587       -59.90330 -43.01630 -47.90448 -48.11604 -69.62220 -89.80587      26.3636
88    -60.91884 -42.00076 -47.30571 -49.35046 -68.76022 -89.43344       -60.91884 -42.00076 -47.30571 -49.35046 -68.76022 -89.43344      24.1667
89    -61.93438 -40.98523 -46.70694 -50.58487 -67.89823 -89.06101       -61.93438 -40.98523 -46.70694 -50.58487 -67.89823 -89.06101      21.9697
90    -62.94992 -39.96969 -46.10817 -51.81929 -67.03624 -88.68857       -62.94992 -39.96969 -46.10817 -51.81929 -67.03624 -88.68857      19.7727
91    -63.96545 -38.95415 -45.50940 -53.05371 -66.17426 -88.31614       -63.96545 -38.95415 -45.50940 -53.05371 -66.17426 -88.31614      17.5758
92    -64.98099 -37.93861 -44.91062 -54.28813 -65.31227 -87.94371       -64.98099 -37.93861 -44.91062 -54.28813 -65.31227 -87.94371      15.3788
93    -65.99653 -36.92307 -44.31185 -55.52255 -64.45028 -87.57128       -65.99653 -36.92307 -44.31185 -55.52255 -64.45028 -87.57128      13.1818
94    -67.01207 -35.90754 -43.71308 -56.75697 -63.58830 -87.19885       -67.01207 -35.90754 -43.71308 -56.75697 -63.58830 -87.19885      10.9849
95    -68.02761 -34.89200 -43.11431 -57.99138 -62.72631 -86.82642       -68.02761 -34.89200 -43.11431 -57.99138 -62.72631 -86.82642      8.78788
96    -69.04314 -33.87646 -42.51554 -59.22580 -61.86432 -86.45398       -69.04314 -33.87646 -42.51554 -59.22580 -61.86432 -86.45398      6.59091
97    -70.05868 -32.86092 -41.91677 -60.46022 -61.00234 -86.08155       -70.05868 -32.86092 -41.91677 -60.46022 -61.00234 -86.08155      4.39394
98    -71.07422 -31.84538 -41.31800 -61.69464 -60.14035 -85.70912       -71.07422 -31.84538 -41.31800 -61.69464 -60.14035 -85.70912      2.19697
99    -72.08976 -30.82984 -40.71923 -62.92906 -59.27836 -85.33669       -72.08976 -30.82984 -40.71923 -62.92906 -59.27836 -85.33669      0
