Fol_2018-02-13.10_35_21.53_.txt     Output is probe cell, reduced cell, NCDist distance between
0    -1045.49525 -2647.93182 2260.10916 -2966.46803 -5113.33656 1172.44961       -566.29858 -71.14949 -55.80487 -452.45016 -735.78167 -1658.24144      9.09495e-13
1    -1040.65488 -2621.90372 2236.71609 -2941.07391 -5069.11883 1143.85677       -834.25110 -103.20189  -6.25067 -491.70338 -652.93479 -1581.24884      171.898
2    -1035.81451 -2595.87561 2213.32301 -2915.67979 -5024.90111 1115.26393       -876.91567 -79.44942 -68.30621 -475.15172 -683.76614 -1560.06110      243.608
3    -1030.97414 -2569.84751 2189.92994 -2890.28567 -4980.68338 1086.67109       -919.58023 -55.69695 -130.36175 -458.60007 -714.59749 -1538.87337      323.972
4    -1026.13377 -2543.81940 2166.53687 -2864.89155 -4936.46565 1058.07825       -962.24480 -31.94448 -192.41729 -442.04842 -745.42884 -1517.68563      407.908
5    -1021.29340 -2517.79130 2143.14380 -2839.49743 -4892.24793 1029.48542       -1004.90937  -8.19202 -254.47283 -425.49677 -776.26018 -1496.49790      493.596
6    -1016.45303 -2491.76320 2119.75073 -2814.10331 -4848.03020 1000.89258       -1032.01348 -15.56045 -393.38467 -300.96792 -822.65198 -1459.74971      578.747
7    -1011.61266 -2465.73509 2096.35766 -2788.70919 -4803.81248 972.29974       -1050.92558 -39.31292 -353.08055 -339.27099 -877.23580 -1414.80951      645.235
8    -1006.77229 -2439.70699 2072.96459 -2763.31507 -4759.59475 943.70690       -1069.83768 -63.06539 -312.77643 -377.57406 -931.81962 -1369.86931      668.466
9    -1001.93192 -2413.67888 2049.57152 -2737.92095 -4715.37702 915.11406       -1088.74977 -86.81786 -272.47231 -415.87713 -986.40343 -1324.92911      703.841
10    -997.09155 -2387.65078 2026.17845 -2712.52683 -4671.15930 886.52122       -1107.66187 -110.57033 -232.16819 -454.18020 -1040.98725 -1279.98891      749.64
11    -992.25118 -2361.62267 2002.78538 -2687.13271 -4626.94157 857.92838       -1126.57397 -134.32279 -191.86407 -492.48327 -1095.57107 -1235.04870      804.086
12    -987.41081 -2335.59457 1979.39230 -2661.73859 -4582.72385 829.33554       -1145.48607 -158.07526 -151.55995 -530.78634 -1150.15488 -1190.10850      865.548
13    -982.57044 -2309.56646 1955.99923 -2636.34447 -4538.50612 800.74270       -1164.39817 -181.82773 -111.25583 -569.08941 -1204.73870 -1145.16830      872.972
14    -977.73007 -2283.53836 1932.60616 -2610.95035 -4494.28839 772.14987       -1183.31026 -70.95171 -205.58020 -607.39248 -1100.22810 -1259.32252      847.998
15    -972.88969 -2257.51026 1909.21309 -2585.55623 -4450.07067 743.55703       -1202.22236 -30.64759 -229.33267 -645.69555 -1055.28789 -1313.90633      833.154
16    -968.04932 -2231.48215 1885.82002 -2560.16211 -4405.85294 714.96419       -1358.83362 -243.42860  -9.65653 -674.34209 -1211.47793 -1020.00422      819.821
17    -963.20895 -2205.45405 1862.42695 -2534.76799 -4361.63521 686.37135       -1373.11332 -226.87695 -49.96065 -672.34104 -1190.08591 -1015.36814      791.555
18    -958.36858 -2179.42594 1839.03388 -2509.37387 -4317.41749 657.77851       -1387.39301 -90.26477 -210.32530 -670.34000 -1010.73206 -1168.69388      765.627
19    -953.52821 -2153.39784 1815.64081 -2483.97975 -4273.19976 629.18567       -1401.67271 -130.56889 -193.77365 -668.33895 -1006.09598 -1147.30186      742.28
20    -948.68784 -2127.36973 1792.24774 -2458.58563 -4228.98204 600.59283       -1415.95241 -170.87301 -177.22200 -666.33790 -1001.45989 -1125.90984      721.766
21    -943.84747 -2101.34163 1768.85467 -2433.19151 -4184.76431 571.99999       -1430.23210 -211.17713 -160.67035 -664.33685 -996.82381 -1104.51782      704.332
22    -939.00710 -2075.31353 1745.46160 -2407.79739 -4140.54658 543.40716       -992.18773 -662.33580 -144.11869 -251.48125 -1444.51180 -1083.12580      690.211
23    -934.16673 -2049.28542 1722.06852 -2382.40327 -4096.32886 514.81432       -987.55165 -660.33475 -127.56704 -291.78537 -1458.79150 -1061.73377      679.61
24    -929.32636 -2023.25732 1698.67545 -2357.00916 -4052.11113 486.22148       -982.91556 -658.33370 -111.01539 -332.08949 -1473.07119 -1040.34175      672.696
25    -924.48599 -1997.22921 1675.28238 -2331.61504 -4007.89340 457.62864       -978.27948 -656.33265 -94.46374 -372.39361 -1487.35089 -1018.94973      669.582
26    -919.64562 -1971.20111 1651.88931 -2306.22092 -3963.67568 429.03580       -973.64340 -654.33160 -77.91209 -412.69773 -1501.63059 -997.55771      670.322
27    -914.80525 -1945.17300 1628.49624 -2280.82680 -3919.45795 400.44296       -969.00732 -652.33055 -61.36044 -453.00185 -1515.91028 -976.16569      674.903
28    -909.96488 -1919.14490 1605.10317 -2255.43268 -3875.24023 371.85012       -964.37124 -650.32951 -44.80879 -493.30597 -1530.18998 -954.77366      683.247
29    -905.12451 -1893.11680 1581.71010 -2230.03856 -3831.02250 343.25728       -959.73515 -648.32846 -28.25713 -533.61009 -1544.46968 -933.38164      695.219
30    -900.28414 -1867.08869 1558.31703 -2204.64444 -3786.80477 314.66444       -955.09907 -11.70548 -646.32741 -573.91421 -911.98962 -1558.74937      710.637
31    -895.44377 -1841.06059 1534.92396 -2179.25032 -3742.58705 286.07161       -945.61682  -4.84617 -609.37216 -639.48019 -895.44377 -1568.18290      723.393
32    -890.60340 -1815.03248 1511.53089 -2153.85620 -3698.36932 257.47877       -924.42909 -21.39782 -633.12463 -620.92749 -890.60340 -1565.91095      722.028
33    -885.76303 -1789.00438 1488.13782 -2128.46208 -3654.15160 228.88593       -903.24135 -37.94947 -656.87710 -602.37479 -885.76303 -1563.63899      705.27
34    -880.92266 -1762.97627 1464.74474 -2103.06796 -3609.93387 200.29309       -882.05362 -54.50112 -680.62957 -583.82209 -880.92266 -1561.36704      690.513
35    -876.08229 -1736.94817 1441.35167 -2077.67384 -3565.71614 171.70025       -860.86588 -71.05277 -704.38204 -565.26939 -876.08229 -1559.09508      677.886
36    -871.24191 -1710.92006 1417.95860 -2052.27972 -3521.49842 143.10741       -839.67815 -87.60443 -728.13450 -546.71669 -871.24191 -1556.82313      667.511
37    -866.40154 -1684.89196 1394.56553 -2026.88560 -3477.28069 114.51457       -818.49042 -104.15608 -751.88697 -528.16399 -866.40154 -1554.55117      659.493
38    -861.56117 -1658.86386 1371.17246 -2001.49148 -3433.06296  85.92173       -797.30268 -120.70773 -775.63944 -509.61129 -861.56117 -1552.27922      653.921
39    -856.72080 -1632.83575 1347.77939 -1976.09736 -3388.84524  57.32889       -776.11495 -137.25938 -799.39191 -491.05859 -856.72080 -1550.00726      650.855
40    -851.88043 -1606.80765 1324.38632 -1950.70324 -3344.62751  28.73606       -754.92721 -153.81103 -823.14438 -472.50589 -851.88043 -1547.73531      650.333
41    -847.04006 -1580.77954 1300.99325 -1925.30912 -3300.40979   0.14322       -733.73948 -170.36268 -846.89685 -453.95318 -847.04006 -1545.46335      652.359
42    -842.19969 -1554.75144 1277.60018 -1899.91500 -3256.19206 -28.44962       -712.55175 -186.91434 -870.64931 -435.40048 -842.19969 -1543.19140      656.911
43    -837.35932 -1528.72333 1254.20711 -1874.52088 -3211.97433 -57.04246       -691.36401 -203.46599 -894.40178 -416.84778 -837.35932 -1540.91944      663.936
44    -832.51895 -1502.69523 1230.81403 -1849.12676 -3167.75661 -85.63530       -670.17628 -220.01764 -918.15425 -398.29508 -832.51895 -1538.64749      673.357
45    -827.67858 -1476.66713 1207.42096 -1823.73264 -3123.53888 -114.22814       -648.98854 -236.56929 -941.90672 -379.74238 -827.67858 -1536.37553      685.075
46    -822.83821 -1450.63902 1184.02789 -1798.33852 -3079.32115 -142.82098       -627.80081 -965.65919 -253.12094 -361.18968 -1534.10358 -822.83821      698.975
47    -817.99784 -1424.61092 1160.63482 -1772.94440 -3035.10343 -171.41382       -606.61308 -989.41166 -269.67259 -342.63698 -1531.83162 -817.99784      714.93
48    -813.15747 -1398.58281 1137.24175 -1747.55028 -2990.88570 -200.00666       -585.42534 -1013.16412 -286.22424 -324.08428 -1529.55967 -813.15747      732.804
49    -808.31710 -1372.55471 1113.84868 -1722.15616 -2946.66798 -228.59949       -564.23761 -1036.91659 -302.77590 -305.53158 -1527.28772 -808.31710      752.462
50    -803.47673 -1346.52660 1090.45561 -1696.76204 -2902.45025 -257.19233       -543.04988 -1060.66906 -319.32755 -286.97888 -1525.01576 -803.47673      773.768
51    -798.63636 -1320.49850 1067.06254 -1671.36792 -2858.23252 -285.78517       -521.86214 -1084.42153 -335.87920 -268.42618 -1522.74381 -798.63636      796.588
52    -793.79599 -1294.47040 1043.66947 -1645.97380 -2814.01480 -314.37801       -500.67441 -1108.17400 -352.43085 -249.87348 -1520.47185 -793.79599      820.798
53    -788.95562 -1268.44229 1020.27640 -1620.57968 -2769.79707 -342.97085       -479.48667 -1131.92647 -368.98250 -231.32078 -1518.19990 -788.95562      846.277
54    -784.11525 -1242.41419 996.88333 -1595.18556 -2725.57935 -371.56369       -458.29894 -1155.67894 -385.53415 -212.76808 -1515.92794 -784.11525      872.915
55    -779.27488 -1216.38608 973.49025 -1569.79144 -2681.36162 -400.15653       -437.11121 -1179.43140 -402.08580 -194.21538 -1513.65599 -779.27488      900.609
56    -774.43451 -1190.35798 950.09718 -1544.39732 -2637.14389 -428.74937       -415.92347 -1203.18387 -418.63746 -175.66268 -1511.38403 -774.43451      929.264
57    -769.59414 -1164.32987 926.70411 -1519.00320 -2592.92617 -457.34220       -394.73574 -1226.93634 -435.18911 -157.10998 -1509.11208 -769.59414      958.795
58    -764.75376 -1138.30177 903.31104 -1493.60908 -2548.70844 -485.93504       -373.54800 -1250.68881 -451.74076 -138.55728 -1506.84012 -764.75376      989.122
59    -759.91339 -1112.27366 879.91797 -1468.21496 -2504.49071 -514.52788       -1504.56817 -120.00458 -468.29241 -1274.44128 -352.36027 -759.91339      1020.17
60    -755.07302 -1086.24556 856.52490 -1442.82084 -2460.27299 -543.12072       -1502.29621 -101.45188 -484.84406 -1298.19375 -331.17254 -755.07302      1051.89
61    -750.23265 -1060.21746 833.13183 -1417.42672 -2416.05526 -571.71356       -1500.02426 -82.89918 -501.39571 -1321.94621 -309.98480 -750.23265      1084.21
62    -745.39228 -1034.18935 809.73876 -1392.03260 -2371.83754 -600.30640       -1497.75230 -64.34647 -517.94737 -1345.69868 -288.79707 -745.39228      1117.08
63    -740.55191 -1008.16125 786.34569 -1366.63848 -2327.61981 -628.89924       -1495.48035 -534.49902 -45.79377 -1369.45115 -740.55191 -267.60934      1150.45
64    -735.71154 -982.13314 762.95262 -1341.24436 -2283.40208 -657.49208       -1493.20839 -551.05067 -27.24107 -1393.20362 -735.71154 -246.42160      1184.28
65    -730.87117 -956.10504 739.55954 -1315.85024 -2239.18436 -686.08492       -1490.93644 -567.60232  -8.68837 -1416.95609 -730.87117 -225.23387      1218.54
66    -726.03080 -930.07693 716.16647 -1290.45612 -2194.96663 -714.67775        -9.86433 -716.16647 -574.28964 -213.91046 -1430.84423 -1478.80016      1145.37    *****
67    -721.19043 -904.04883 692.77340 -1265.06200 -2150.74890 -743.27059       -28.41703 -692.77340 -572.28860 -211.27543 -1436.04400 -1457.97550      1136.52
68    -716.35006 -878.02073 669.38033 -1239.66788 -2106.53118 -771.86343       -46.96973 -669.38033 -570.28755 -208.64039 -1441.24376 -1437.15085      1128.81
69    -711.50969 -851.99262 645.98726 -1214.27376 -2062.31345 -800.45627       -65.52243 -645.98726 -568.28650 -206.00536 -1446.44353 -1416.32619      1108
70    -706.66932 -825.96452 622.59419 -1188.87964 -2018.09573 -829.04911       -84.07513 -622.59419 -566.28545 -203.37033 -1451.64330 -1395.50154      1080.51
71    -701.82895 -799.93641 599.20112 -1163.48552 -1973.87800 -857.64195       -102.62783 -564.28440 -599.20112 -200.73529 -1374.67688 -1456.84307      1053.59
72    -696.98858 -773.90831 575.80805 -1138.09140 -1929.66027 -886.23479       -121.18053 -562.28335 -575.80805 -198.10026 -1353.85223 -1462.04284      1022.62
73    -692.14821 -747.88020 552.41498 -1112.69728 -1885.44255 -914.82763       -139.73323 -560.28230 -552.41498 -195.46523 -1333.02757 -1467.24260      985.979
74    -687.30784 -721.85210 529.02191 -1087.30316 -1841.22482 -943.42047       -158.28593 -558.28125 -529.02191 -192.83019 -1312.20292 -1472.44237      949.361
75    -682.46747 -695.82400 505.62884 -1061.90904 -1797.00710 -972.01330       -176.83863 -556.28020 -505.62884 -190.19516 -1291.37826 -1477.64214      912.767
76    -677.62710 -669.79589 482.23576 -1036.51492 -1752.78937 -1000.60614       -195.39133 -554.27915 -482.23576 -187.56013 -1270.55360 -1482.84191      876.2
77    -672.78673 -643.76779 458.84269 -1011.12080 -1708.57164 -1029.19898       -213.94403 -552.27811 -458.84269 -184.92509 -1249.72895 -1488.04168      839.664
78    -667.94636 -617.73968 435.44962 -985.72668 -1664.35392 -1057.79182       -232.49673 -550.27706 -435.44962 -182.29006 -1228.90429 -1493.24144      803.164
79    -663.10599 -591.71158 412.05655 -960.33256 -1620.13619 -1086.38466       -251.04943 -548.27601 -412.05655 -179.65503 -1208.07964 -1498.44121      766.703
80    -658.26561 -565.68347 388.66348 -934.93844 -1575.91846 -1114.97750       -269.60213 -546.27496 -388.66348 -177.01999 -1187.25498 -1503.64098      730.289
81    -653.42524 -539.65537 365.27041 -909.54432 -1531.70074 -1143.57034       -288.15483 -544.27391 -365.27041 -174.38496 -1166.43033 -1508.84075      693.928
82    -648.58487 -513.62726 341.87734 -884.15020 -1487.48301 -1172.16318       -306.70754 -542.27286 -341.87734 -171.74993 -1145.60567 -1514.04052      657.63
83    -643.74450 -487.59916 318.48427 -858.75608 -1443.26529 -1200.75602       -325.26024 -540.27181 -318.48427 -169.11489 -1124.78102 -1519.24028      621.404
84    -638.90413 -461.57106 295.09120 -833.36196 -1399.04756 -1229.34885       -343.81294 -538.27076 -295.09120 -166.47986 -1103.95636 -1524.44005      585.266
85    -634.06376 -435.54295 271.69813 -807.96784 -1354.82983 -1257.94169       -362.36564 -536.26971 -271.69813 -163.84483 -1083.13171 -1529.63982      549.232
86    -629.22339 -409.51485 248.30505 -782.57372 -1310.61211 -1286.53453       -380.91834 -534.26866 -248.30505 -161.20979 -1062.30705 -1534.83959      513.323
87    -624.38302 -383.48674 224.91198 -757.17960 -1266.39438 -1315.12737       -399.47104 -532.26762 -224.91198 -158.57476 -1041.48240 -1540.03935      477.569
88    -619.54265 -357.45864 201.51891 -731.78548 -1222.17666 -1343.72021       -418.02374 -530.26657 -201.51891 -155.93973 -1020.65774 -1545.23912      442.006
89    -614.70228 -331.43053 178.12584 -706.39136 -1177.95893 -1372.31305       -436.57644 -528.26552 -178.12584 -153.30469 -999.83309 -1550.43889      406.686
90    -609.86191 -305.40243 154.73277 -680.99724 -1133.74120 -1400.90589       -455.12914 -526.26447 -154.73277 -150.66966 -979.00843 -1555.63866      371.676
91    -605.02154 -279.37433 131.33970 -655.60312 -1089.52348 -1429.49873       -473.68184 -524.26342 -131.33970 -148.03463 -958.18378 -1560.83843      337.075
92    -600.18117 -253.34622 107.94663 -630.20900 -1045.30575 -1458.09157       -492.23454 -522.26237 -107.94663 -145.39959 -937.35912 -1566.03819      303.021
93    -595.34080 -227.31812  84.55356 -604.81488 -1001.08802 -1486.68440       -510.78724 -520.26132 -84.55356 -142.76456 -916.53447 -1571.23796      269.723
94    -590.50043 -201.29001  61.16049 -579.42076 -956.87030 -1515.27724       -895.70981 -140.12953 -61.16049 -518.26027 -529.33994 -1576.43773      237.497
95    -585.66006 -175.26191  37.76742 -554.02664 -912.65257 -1543.87008       -874.88516 -137.49449 -37.76742 -516.25922 -547.89264 -1581.63750      206.847
96    -580.81969 -149.23380  14.37435 -528.63252 -868.43485 -1572.46292       -854.06050 -134.85946 -14.37435 -514.25817 -566.44534 -1586.83727      178.585
97    -575.97932 -123.20570  -9.01873 -503.23840 -824.21712 -1601.05576       -575.97932 -123.20570  -9.01873 -503.23840 -824.21712 -1601.05576      136.613
98    -571.13895 -97.17760 -32.41180 -477.84428 -779.99939 -1629.64860       -571.13895 -97.17760 -32.41180 -477.84428 -779.99939 -1629.64860      68.3063
99    -566.29858 -71.14949 -55.80487 -452.45016 -735.78167 -1658.24144       -566.29858 -71.14949 -55.80487 -452.45016 -735.78167 -1658.24144      0
