Fol_2018-02-13.10_37_57.58_.txt     Output is probe cell, reduced cell, NCDist distance between
0    3853.77572 1284.63755  -3.07568 -6358.55210 -8309.56281 -10840.66680       -3789.27699  -3.07568 -602.01137 -3853.77572 -563.84024 -1284.63755      3.24755e-12
1    3820.92962 1283.43770   3.06738 -6336.99605 -8282.85977 -10799.07412        -3.06738 -1280.37032 -637.93315 -593.40687 -3817.86224 -3767.05328      63.2786
2    3788.08352 1282.23784   9.21044 -6315.44000 -8256.15672 -10757.48144        -9.21044 -1273.02740 -670.77925 -626.04917 -3778.87308 -3741.75389      129.436
3    3755.23741 1281.03798  15.35350 -6293.88396 -8229.45367 -10715.88876       -15.35350 -1265.68448 -703.62536 -658.69147 -3739.88392 -3716.45450      195.692
4    3722.39131 1279.83812  21.49655 -6272.32791 -8202.75063 -10674.29608       -21.49655 -1258.34157 -736.47146 -691.33378 -3700.89475 -3691.15512      261.973
5    3689.54520 1278.63826  27.63961 -6250.77186 -8176.04758 -10632.70340       -27.63961 -1250.99865 -769.31757 -723.97608 -3661.90559 -3665.85573      328.263
6    3656.69910 1277.43841  33.78267 -6229.21582 -8149.34453 -10591.11072       -33.78267 -1243.65574 -802.16367 -756.61839 -3622.91643 -3640.55634      394.558
7    3623.85299 1276.23855  39.92573 -6207.65977 -8122.64149 -10549.51804       -39.92573 -1236.31282 -835.00978 -789.26069 -3583.92727 -3615.25695      460.856
8    3591.00689 1275.03869  46.06878 -6186.10373 -8095.93844 -10507.92536       -46.06878 -1228.96991 -867.85588 -821.90299 -3544.93810 -3589.95756      527.155
9    3558.16078 1273.83883  52.21184 -6164.54768 -8069.23539 -10466.33268       -52.21184 -1221.62699 -900.70199 -854.54530 -3505.94894 -3564.65817      593.456
10    3525.31468 1272.63897  58.35490 -6142.99163 -8042.53235 -10424.74001       -58.35490 -1214.28407 -933.54809 -887.18760 -3466.95978 -3539.35879      659.757
11    3492.46857 1271.43911  64.49796 -6121.43559 -8015.82930 -10383.14733       -64.49796 -1206.94116 -966.39420 -919.82991 -3427.97062 -3514.05940      726.059
12    3459.62247 1270.23926  70.64102 -6099.87954 -7989.12625 -10341.55465       -70.64102 -1199.59824 -999.24030 -952.47221 -3388.98145 -3488.76001      792.361
13    3426.77636 1269.03940  76.78407 -6078.32349 -7962.42321 -10299.96197       -76.78407 -1192.25533 -1032.08640 -985.11452 -3349.99229 -3463.46062      858.663
14    3393.93026 1267.83954  82.92713 -6056.76745 -7935.72016 -10258.36929       -82.92713 -1184.91241 -1064.93251 -1017.75682 -3311.00313 -3438.16123      924.966
15    3361.08415 1266.63968  89.07019 -6035.21140 -7909.01711 -10216.77661       -89.07019 -1177.56949 -1097.77861 -1050.39912 -3272.01397 -3412.86184      991.269
16    3328.23805 1265.43982  95.21325 -6013.65535 -7882.31407 -10175.18393       -95.21325 -1170.22658 -1130.62472 -1083.04143 -3233.02480 -3387.56246      1057.57
17    3295.39195 1264.23997 101.35630 -5992.09931 -7855.61102 -10133.59125       -101.35630 -1162.88366 -1163.47082 -1115.68373 -3194.03564 -3362.26307      1113.82
18    3262.54584 1263.04011 107.49936 -5970.54326 -7828.90797 -10091.99857       -107.49936 -1155.54075 -1196.31693 -1148.32604 -3155.04648 -3336.96368      1156.46
19    3229.69974 1261.84025 113.64242 -5948.98721 -7802.20493 -10050.40589       -113.64242 -1148.19783 -1229.16303 -1180.96834 -3116.05732 -3311.66429      1201.24
20    3196.85363 1260.64039 119.78548 -5927.43117 -7775.50188 -10008.81322       -119.78548 -1140.85491 -1262.00914 -1213.61064 -3077.06815 -3286.36490      1247.94
21    3164.00753 1259.44053 125.92854 -5905.87512 -7748.79883 -9967.22054       -125.92854 -1133.51200 -1294.85524 -1246.25295 -3038.07899 -3261.06552      1296.35
22    3131.16142 1258.24068 132.07159 -5884.31907 -7722.09579 -9925.62786       -132.07159 -1126.16908 -1327.70135 -1278.89525 -2999.08983 -3235.76613      1346.29
23    3098.31532 1257.04082 138.21465 -5862.76303 -7695.39274 -9884.03518       -138.21465 -1118.82617 -1360.54745 -1311.53756 -2960.10067 -3210.46674      1397.59
24    3065.46921 1255.84096 144.35771 -5841.20698 -7668.68969 -9842.44250       -144.35771 -1393.39356 -1111.48325 -1344.17986 -3185.16735 -2921.11150      1450.1
25    3032.62311 1254.64110 150.50077 -5819.65093 -7641.98664 -9800.84982       -150.50077 -1426.23966 -1104.14034 -1376.82216 -3159.86796 -2882.12234      1503.71
26    2999.77700 1253.44124 156.64382 -5798.09489 -7615.28360 -9759.25714       -156.64382 -1459.08577 -1096.79742 -1409.46447 -3134.56857 -2843.13318      1558.29
27    2966.93090 1252.24139 162.78688 -5776.53884 -7588.58055 -9717.66446       -162.78688 -1491.93187 -1089.45450 -1442.10677 -3109.26919 -2804.14402      1613.76
28    2934.08479 1251.04153 168.92994 -5754.98279 -7561.87750 -9676.07178       -168.92994 -1524.77797 -1082.11159 -1474.74908 -3083.96980 -2765.15485      1670.01
29    2901.23869 1249.84167 175.07300 -5733.42675 -7535.17446 -9634.47910       -175.07300 -1557.62408 -1074.76867 -1507.39138 -3058.67041 -2726.16569      1726.98
30    2868.39259 1248.64181 181.21606 -5711.87070 -7508.47141 -9592.88642       -181.21606 -1590.47018 -1067.42576 -1540.03369 -3033.37102 -2687.17653      1784.59
31    2835.54648 1247.44195 187.35911 -5690.31465 -7481.76836 -9551.29375       -1623.31629 -187.35911 -1060.08284 -3008.07163 -1572.67599 -2648.18737      1842.78
32    2802.70038 1246.24210 193.50217 -5668.75861 -7455.06532 -9509.70107       -1656.16239 -193.50217 -1052.73992 -2982.77224 -1605.31829 -2609.19820      1901.51
33    2769.85427 1245.04224 199.64523 -5647.20256 -7428.36227 -9468.10839       -1689.00850 -199.64523 -1045.39701 -2957.47286 -1637.96060 -2570.20904      1960.72
34    2737.00817 1243.84238 205.78829 -5625.64652 -7401.65922 -9426.51571       -1721.85460 -205.78829 -1038.05409 -2932.17347 -1670.60290 -2531.21988      2020.37
35    2704.16206 1242.64252 211.93134 -5604.09047 -7374.95618 -9384.92303       -1754.70071 -1030.71118 -211.93134 -2906.87408 -2492.23072 -1703.24521      2080.42
36    2671.31596 1241.44266 218.07440 -5582.53442 -7348.25313 -9343.33035       -1787.54681 -1023.36826 -218.07440 -2881.57469 -2453.24156 -1735.88751      2140.85
37    2638.46985 1240.24281 224.21746 -5560.97838 -7321.55008 -9301.73767       -1820.39292 -1016.02535 -224.21746 -2856.27530 -2414.25239 -1768.52981      2201.61
38    2605.62375 1239.04295 230.36052 -5539.42233 -7294.84704 -9260.14499       -1853.23902 -1008.68243 -230.36052 -2830.97592 -2375.26323 -1801.17212      2262.68
39    2572.77764 1237.84309 236.50358 -5517.86628 -7268.14399 -9218.55231       -1886.08513 -1001.33951 -236.50358 -2805.67653 -2336.27407 -1833.81442      2324.04
40    2539.93154 1236.64323 242.64663 -5496.31024 -7241.44094 -9176.95963       -1918.93123 -993.99660 -242.64663 -2780.37714 -2297.28491 -1866.45673      2385.66
41    2507.08543 1235.44337 248.78969 -5474.75419 -7214.73790 -9135.36696       -1951.77733 -986.65368 -248.78969 -2755.07775 -2258.29574 -1899.09903      2447.53
42    2474.23933 1234.24352 254.93275 -5453.19814 -7188.03485 -9093.77428       -1984.62344 -979.31077 -254.93275 -2729.77836 -2219.30658 -1931.74133      2509.63
43    2441.39323 1233.04366 261.07581 -5431.64210 -7161.33180 -9052.18160       -2017.46954 -971.96785 -261.07581 -2704.47897 -2180.31742 -1964.38364      2571.93
44    2408.54712 1231.84380 267.21887 -5410.08605 -7134.62876 -9010.58892       -2050.31565 -964.62493 -267.21887 -2679.17959 -2141.32826 -1997.02594      2634.43
45    2375.70102 1230.64394 273.36192 -5388.53000 -7107.92571 -8968.99624       -2083.16175 -957.28202 -273.36192 -2653.88020 -2102.33909 -2029.66825      2697.12
46    2342.85491 1229.44408 279.50498 -5366.97396 -7081.22266 -8927.40356       -2116.00786 -949.93910 -279.50498 -2628.58081 -2063.34993 -2062.31055      2711.13
47    2310.00881 1228.24423 285.64804 -5345.41791 -7054.51961 -8885.81088       -2148.85396 -942.59619 -285.64804 -2603.28142 -2024.36077 -2094.95286      2709.62
48    2277.16270 1227.04437 291.79110 -5323.86186 -7027.81657 -8844.21820       -2181.70007 -935.25327 -291.79110 -2577.98203 -1985.37161 -2127.59516      2709.74
49    2244.31660 1225.84451 297.93415 -5302.30582 -7001.11352 -8802.62552       -2214.54617 -927.91035 -297.93415 -2552.68264 -1946.38244 -2160.23746      2711.49
50    2211.47049 1224.64465 304.07721 -5280.74977 -6974.41047 -8761.03284       -2247.39228 -920.56744 -304.07721 -2527.38326 -1907.39328 -2192.87977      2714.85
51    2178.62439 1223.44479 310.22027 -5259.19372 -6947.70743 -8719.44016       -2280.23838 -913.22452 -310.22027 -2502.08387 -1868.40412 -2225.52207      2719.82
52    2145.77828 1222.24494 316.36333 -5237.63768 -6921.00438 -8677.84749       -2313.08449 -905.88161 -316.36333 -2476.78448 -1829.41496 -2258.16438      2726.4
53    2112.93218 1221.04508 322.50639 -5216.08163 -6894.30133 -8636.25481       -2345.93059 -898.53869 -322.50639 -2451.48509 -1790.42579 -2290.80668      2728.83
54    2080.08607 1219.84522 328.64944 -5194.52558 -6867.59829 -8594.66213       -2378.77669 -891.19578 -328.64944 -2426.18570 -1751.43663 -2323.44898      2716.71
55    2047.23997 1218.64536 334.79250 -5172.96954 -6840.89524 -8553.06945       -2411.62280 -883.85286 -334.79250 -2400.88631 -1712.44747 -2356.09129      2706.16
56    2014.39387 1217.44550 340.93556 -5151.41349 -6814.19219 -8511.47677       -2444.46890 -876.50994 -340.93556 -2375.58693 -1673.45831 -2388.73359      2697.2
57    1981.54776 1216.24564 347.07862 -5129.85744 -6787.48915 -8469.88409       -2477.31501 -869.16703 -347.07862 -2350.28754 -1634.46914 -2421.37590      2689.84
58    1948.70166 1215.04579 353.22167 -5108.30140 -6760.78610 -8428.29141       -2510.16111 -861.82411 -353.22167 -2324.98815 -1595.47998 -2454.01820      2684.1
59    1915.85555 1213.84593 359.36473 -5086.74535 -6734.08305 -8386.69873       -2543.00722 -854.48120 -359.36473 -2299.68876 -1556.49082 -2486.66050      2649.69
60    1883.00945 1212.64607 365.50779 -5065.18931 -6707.38001 -8345.10605       -2575.85332 -847.13828 -365.50779 -2274.38937 -1517.50166 -2519.30281      2583.38
61    1850.16334 1211.44621 371.65085 -5043.63326 -6680.67696 -8303.51337       -2608.69943 -839.79536 -371.65085 -2249.08999 -1478.51249 -2551.94511      2517.08
62    1817.31724 1210.24635 377.79391 -5022.07721 -6653.97391 -8261.92070       -2641.54553 -832.45245 -377.79391 -2223.79060 -1439.52333 -2584.58742      2450.78
63    1784.47113 1209.04650 383.93696 -5000.52117 -6627.27087 -8220.32802       -2674.39164 -825.10953 -383.93696 -2198.49121 -1400.53417 -2617.22972      2384.47
64    1751.62503 1207.84664 390.08002 -4978.96512 -6600.56782 -8178.73534       -2707.23774 -817.76662 -390.08002 -2173.19182 -1361.54501 -2649.87202      2318.17
65    1718.77892 1206.64678 396.22308 -4957.40907 -6573.86477 -8137.14266       -1322.55584 -2147.89243 -396.22308 -810.42370 -2740.08385 -2682.51433      2251.86
66    1685.93282 1205.44692 402.36614 -4935.85303 -6547.16173 -8095.54998       -1283.56668 -2122.59304 -402.36614 -803.08079 -2772.92995 -2715.15663      2185.56
67    1653.08671 1204.24706 408.50919 -4914.29698 -6520.45868 -8053.95730       -1244.57752 -2097.29366 -408.50919 -795.73787 -2805.77605 -2747.79894      2119.26
68    1620.24061 1203.04721 414.65225 -4892.74093 -6493.75563 -8012.36462       -1205.58836 -2071.99427 -414.65225 -788.39495 -2838.62216 -2780.44124      2052.95
69    1587.39451 1201.84735 420.79531 -4871.18489 -6467.05258 -7970.77194       -1166.59919 -2046.69488 -420.79531 -781.05204 -2871.46826 -2813.08355      1986.65
70    1554.54840 1200.64749 426.93837 -4849.62884 -6440.34954 -7929.17926       -1127.61003 -2021.39549 -426.93837 -773.70912 -2904.31437 -2845.72585      1920.34
71    1521.70230 1199.44763 433.08143 -4828.07279 -6413.64649 -7887.58658       -1088.62087 -1996.09610 -433.08143 -766.36621 -2937.16047 -2878.36815      1854.04
72    1488.85619 1198.24777 439.22448 -4806.51675 -6386.94344 -7845.99390       -1049.63171 -1970.79671 -439.22448 -759.02329 -2970.00658 -2911.01046      1787.74
73    1456.01009 1197.04792 445.36754 -4784.96070 -6360.24040 -7804.40123       -1010.64254 -1945.49733 -445.36754 -751.68037 -3002.85268 -2943.65276      1721.43
74    1423.16398 1195.84806 451.51060 -4763.40465 -6333.53735 -7762.80855       -971.65338 -1920.19794 -451.51060 -744.33746 -3035.69879 -2976.29507      1655.13
75    1390.31788 1194.64820 457.65366 -4741.84861 -6306.83430 -7721.21587       -932.66422 -1894.89855 -457.65366 -736.99454 -3068.54489 -3008.93737      1588.83
76    1357.47177 1193.44834 463.79672 -4720.29256 -6280.13126 -7679.62319       -893.67506 -1869.59916 -463.79672 -729.65163 -3101.39100 -3041.57967      1522.52
77    1324.62567 1192.24848 469.93977 -4698.73651 -6253.42821 -7638.03051       -854.68590 -1844.29977 -469.93977 -722.30871 -3134.23710 -3074.22198      1456.22
78    1291.77956 1191.04863 476.08283 -4677.18047 -6226.72516 -7596.43783       -815.69673 -1819.00039 -476.08283 -714.96580 -3167.08321 -3106.86428      1389.91
79    1258.93346 1189.84877 482.22589 -4655.62442 -6200.02212 -7554.84515       -776.70757 -1793.70100 -482.22589 -707.62288 -3199.92931 -3139.50659      1323.61
80    1226.08735 1188.64891 488.36895 -4634.06837 -6173.31907 -7513.25247       -737.71841 -1768.40161 -488.36895 -700.27996 -3232.77541 -3172.14889      1257.31
81    1193.24125 1187.44905 494.51200 -4612.51233 -6146.61602 -7471.65979       -698.72925 -1743.10222 -494.51200 -692.93705 -3265.62152 -3204.79119      1191
82    1160.39515 1186.24919 500.65506 -4590.95628 -6119.91298 -7430.06711       -659.74008 -1717.80283 -500.65506 -685.59413 -3298.46762 -3237.43350      1124.7
83    1127.54904 1185.04934 506.79812 -4569.40023 -6093.20993 -7388.47444       -620.75092 -1692.50344 -506.79812 -678.25122 -3331.31373 -3270.07580      1058.4
84    1094.70294 1183.84948 512.94118 -4547.84419 -6066.50688 -7346.88176       -581.76176 -1667.20406 -512.94118 -670.90830 -3364.15983 -3302.71811      992.095
85    1061.85683 1182.64962 519.08424 -4526.28814 -6039.80384 -7305.28908       -542.77260 -1641.90467 -519.08424 -663.56538 -3397.00594 -3335.36041      925.792
86    1029.01073 1181.44976 525.22729 -4504.73210 -6013.10079 -7263.69640       -503.78343 -1616.60528 -525.22729 -656.22247 -3429.85204 -3368.00272      859.49
87    996.16462 1180.24990 531.37035 -4483.17605 -5986.39774 -7222.10372       -464.79427 -1591.30589 -531.37035 -648.87955 -3462.69815 -3400.64502      793.187
88    963.31852 1179.05005 537.51341 -4461.62000 -5959.69470 -7180.51104       -425.80511 -1566.00650 -537.51341 -641.53664 -3495.54425 -3433.28732      726.885
89    930.47241 1177.85019 543.65647 -4440.06396 -5932.99165 -7138.91836       -386.81595 -1540.70711 -543.65647 -634.19372 -3528.39036 -3465.92963      660.584
90    897.62631 1176.65033 549.79952 -4418.50791 -5906.28860 -7097.32568       -347.82678 -1515.40773 -549.79952 -626.85080 -3561.23646 -3498.57193      594.283
91    864.78020 1175.45047 555.94258 -4396.95186 -5879.58555 -7055.73300       -308.83762 -1490.10834 -555.94258 -619.50789 -3594.08257 -3531.21424      527.983
92    831.93410 1174.25061 562.08564 -4375.39582 -5852.88251 -7014.14032       -269.84846 -1464.80895 -562.08564 -612.16497 -3626.92867 -3563.85654      461.685
93    799.08799 1173.05076 568.22870 -4353.83977 -5826.17946 -6972.54764       -230.85930 -1439.50956 -568.22870 -604.82206 -3659.77477 -3596.49884      395.388
94    766.24189 1171.85090 574.37176 -4332.28372 -5799.47641 -6930.95497       -191.87013 -1414.21017 -574.37176 -597.47914 -3692.62088 -3629.14115      329.094
95    733.39578 1170.65104 580.51481 -4310.72768 -5772.77337 -6889.36229       -152.88097 -1388.91078 -580.51481 -590.13623 -3725.46698 -3661.78345      262.805
96    700.54968 1169.45118 586.65787 -4289.17163 -5746.07032 -6847.76961       -113.89181 -1363.61140 -586.65787 -582.79331 -3758.31309 -3694.42576      196.528
97    667.70358 1168.25132 592.80093 -4267.61558 -5719.36727 -6806.17693       -74.90265 -1338.31201 -592.80093 -575.45039 -3791.15919 -3727.06806      130.277
98    634.85747 1167.05146 598.94399 -4246.05954 -5692.66423 -6764.58425       -35.91348 -1313.01262 -598.94399 -568.10748 -3824.00530 -3759.71036      64.1356
99    602.01137 1165.85161 605.08704 -4224.50349 -5665.96118 -6722.99157       -3789.27699  -3.07568 -602.01137 -3853.77572 -563.84024 -1284.63755      1.57529e-12
