Fol_2018-02-06.13_56_21.4_.txt     Output is probe cell, reduced cell, NCDist distance between
0     44.39741 -110.33250 -112.12928 -29.46745 -124.38795 -121.51036       -67.73186 -77.11295 -44.39741 -65.93509 -79.99054 -73.86486      3.75984e-14
1     43.26479 -109.99695 -111.44512 -29.83581 -123.93949 -121.02909       -68.18032 -77.76430 -43.26479 -66.73216 -80.67470 -73.10061      1.89623
2     42.13217 -109.66140 -110.76096 -30.20417 -123.49103 -120.54783       -68.62878 -78.41565 -42.13217 -67.52922 -81.35886 -72.33635      3.79246
3     40.99956 -109.32585 -110.07680 -30.57253 -123.04258 -120.06656       -69.07724 -79.06700 -40.99956 -68.32629 -82.04302 -71.57209      5.68869
4     39.86694 -108.99030 -109.39264 -30.94089 -122.59412 -119.58529       -69.52570 -79.71835 -39.86694 -69.12336 -82.72718 -70.80783      7.58492
5     38.73432 -108.65474 -108.70848 -31.30925 -122.14566 -119.10402       -69.97416 -80.36971 -38.73432 -69.92043 -83.41134 -70.04357      9.48114
6     37.60170 -108.31919 -108.02431 -31.67761 -121.69720 -118.62276       -70.42262 -81.02106 -37.60170 -70.71749 -84.09550 -69.27931      11.3774
7     36.46908 -107.98364 -107.34015 -32.04597 -121.24874 -118.14149       -70.87108 -81.67241 -36.46908 -71.51456 -84.77966 -68.51505      13.2736
8     35.33646 -107.64809 -106.65599 -32.41433 -120.80028 -117.66022       -71.31953 -82.32376 -35.33646 -72.31163 -85.46382 -67.75079      15.1698
9     34.20384 -107.31254 -105.97183 -32.78269 -120.35182 -117.17895       -71.76799 -82.97511 -34.20384 -73.10870 -86.14798 -66.98653      17.0661
10     33.07122 -106.97699 -105.28767 -33.15105 -119.90336 -116.69768       -72.21645 -83.62646 -33.07122 -73.90577 -86.83214 -66.22227      18.9623
11     31.93860 -106.64144 -104.60351 -33.51941 -119.45491 -116.21642       -72.66491 -84.27781 -31.93860 -74.70283 -87.51630 -65.45802      20.8585
12     30.80598 -106.30589 -103.91935 -33.88777 -119.00645 -115.73515       -73.11337 -84.92916 -30.80598 -75.49990 -88.20046 -64.69376      22.7547
13     29.67337 -105.97034 -103.23519 -34.25613 -118.55799 -115.25388       -73.56183 -85.58052 -29.67337 -76.29697 -88.88462 -63.92950      24.651
14     28.54075 -105.63478 -102.55103 -34.62449 -118.10953 -114.77261       -74.01029 -86.23187 -28.54075 -77.09404 -89.56878 -63.16524      26.5472
15     27.40813 -105.29923 -101.86687 -34.99285 -117.66107 -114.29135       -86.88322 -74.45874 -27.40813 -90.25294 -77.89111 -62.40098      28.4434
16     26.27551 -104.96368 -101.18271 -35.36121 -117.21261 -113.81008       -87.53457 -74.90720 -26.27551 -90.93710 -78.68817 -61.63672      30.3397
17     25.14289 -104.62813 -100.49855 -35.72957 -116.76415 -113.32881       -88.18592 -75.35566 -25.14289 -91.62126 -79.48524 -60.87246      32.2359
18     24.01027 -104.29258 -99.81439 -36.09793 -116.31569 -112.84754       -88.83727 -75.80412 -24.01027 -92.30542 -80.28231 -60.10820      34.1321
19     22.87765 -103.95703 -99.13023 -36.46629 -115.86724 -112.36628       -89.48862 -76.25258 -22.87765 -92.98958 -81.07938 -59.34394      36.0283
20     21.74503 -103.62148 -98.44607 -36.83465 -115.41878 -111.88501       -90.13998 -76.70104 -21.74503 -93.67374 -81.87645 -58.57968      37.9246
21     20.61241 -103.28593 -97.76191 -37.20301 -114.97032 -111.40374       -90.79133 -77.14950 -20.61241 -94.35790 -82.67351 -57.81542      39.8208
22     19.47980 -102.95038 -97.07775 -37.57137 -114.52186 -110.92247       -91.44268 -77.59796 -19.47980 -95.04206 -83.47058 -57.05117      41.7124
23     18.34718 -102.61483 -96.39359 -37.93973 -114.07340 -110.44121       -92.09403 -78.04641 -18.34718 -95.72622 -84.26765 -56.28691      43.5966
24     17.21456 -102.27927 -95.70943 -38.30809 -113.62494 -109.95994       -92.74538 -78.49487 -17.21456 -96.41039 -85.06472 -55.52265      45.4818
25     16.08194 -101.94372 -95.02527 -38.67645 -113.17648 -109.47867       -93.39673 -78.94333 -16.08194 -97.09455 -85.86179 -54.75839      47.3679
26     14.94932 -101.60817 -94.34111 -39.04481 -112.72802 -108.99740       -94.04808 -79.39179 -14.94932 -97.77871 -86.65885 -53.99413      49.2548
27     13.81670 -101.27262 -93.65695 -39.41317 -112.27957 -108.51613       -94.69943 -79.84025 -13.81670 -98.46287 -87.45592 -53.22987      51.1424
28     12.68408 -100.93707 -92.97279 -39.78153 -111.83111 -108.03487       -95.35079 -80.28871 -12.68408 -99.14703 -88.25299 -52.46561      53.0306
29     11.55146 -100.60152 -92.28863 -40.14989 -111.38265 -107.55360       -96.00214 -80.73717 -11.55146 -99.83119 -89.05006 -51.70135      54.9193
30     10.41884 -100.26597 -91.60447 -40.51825 -110.93419 -107.07233       -96.65349 -81.18563 -10.41884 -100.51535 -89.84713 -50.93709      56.8086
31      9.28622 -99.93042 -90.92031 -40.88661 -110.48573 -106.59106       -97.30484 -81.63408  -9.28622 -101.19951 -90.64419 -50.17283      58.6983
32      8.15361 -99.59487 -90.23615 -41.25497 -110.03727 -106.10980       -97.95619 -82.08254  -8.15361 -101.88367 -91.44126 -49.40858      60.5884
33      7.02099 -99.25932 -89.55199 -41.62333 -109.58881 -105.62853       -98.60754 -82.53100  -7.02099 -102.56783 -92.23833 -48.64432      62.4789
34      5.88837 -98.92376 -88.86783 -41.99169 -109.14036 -105.14726       -99.25889 -82.97946  -5.88837 -103.25199 -93.03540 -47.88006      64.3697
35      4.75575 -98.58821 -88.18367 -42.36005 -108.69190 -104.66599       -99.91024 -83.42792  -4.75575 -103.93615 -93.83247 -47.11580      66.2608
36      3.62313 -98.25266 -87.49951 -42.72841 -108.24344 -104.18473       -100.56160 -83.87638  -3.62313 -104.62031 -94.62953 -46.35154      68.1522
37      2.49051 -97.91711 -86.81535 -43.09677 -107.79498 -103.70346       -101.21295 -84.32484  -2.49051 -105.30447 -95.42660 -45.58728      70.0439
38      1.35789 -97.58156 -86.13119 -43.46513 -107.34652 -103.22219       -101.86430 -84.77330  -1.35789 -105.98863 -96.22367 -44.82302      71.9358
39      0.22527 -97.24601 -85.44703 -43.83349 -106.89806 -102.74092       -102.51565 -85.22175  -0.22527 -106.67279 -97.02074 -44.05876      73.8279
40     -0.90735 -96.91046 -84.76287 -44.20185 -106.44960 -102.25966       -96.91046 -84.76287  -0.90735 -106.44960 -102.25966 -44.20185      73.9247
41     -2.03997 -96.57491 -84.07871 -44.57021 -106.00114 -101.77839       -96.57491 -84.07871  -2.03997 -106.00114 -101.77839 -44.57021      72.4586
42     -3.17258 -96.23936 -83.39455 -44.93857 -105.55269 -101.29712       -96.23936 -83.39455  -3.17258 -105.55269 -101.29712 -44.93857      70.9966
43     -4.30520 -95.90381 -82.71039 -45.30693 -105.10423 -100.81585       -95.90381 -82.71039  -4.30520 -105.10423 -100.81585 -45.30693      69.5388
44     -5.43782 -95.56825 -82.02623 -45.67529 -104.65577 -100.33458       -95.56825 -82.02623  -5.43782 -104.65577 -100.33458 -45.67529      68.0855
45     -6.57044 -95.23270 -81.34207 -46.04365 -104.20731 -99.85332       -95.23270 -81.34207  -6.57044 -104.20731 -99.85332 -46.04365      66.637
46     -7.70306 -94.89715 -80.65791 -46.41201 -103.75885 -99.37205       -94.89715 -80.65791  -7.70306 -103.75885 -99.37205 -46.41201      65.1936
47     -8.83568 -94.56160 -79.97374 -46.78037 -103.31039 -98.89078       -94.56160 -79.97374  -8.83568 -103.31039 -98.89078 -46.78037      63.7557
48     -9.96830 -94.22605 -79.28958 -47.14873 -102.86193 -98.40951       -94.22605 -79.28958  -9.96830 -102.86193 -98.40951 -47.14873      62.3236
49    -11.10092 -93.89050 -78.60542 -47.51709 -102.41347 -97.92825       -93.89050 -78.60542 -11.10092 -102.41347 -97.92825 -47.51709      60.8978
50    -12.23354 -93.55495 -77.92126 -47.88545 -101.96502 -97.44698       -93.55495 -77.92126 -12.23354 -101.96502 -97.44698 -47.88545      59.4787
51    -13.36615 -93.21940 -77.23710 -48.25381 -101.51656 -96.96571       -93.21940 -77.23710 -13.36615 -101.51656 -96.96571 -48.25381      58.0668
52    -14.49877 -92.88385 -76.55294 -48.62217 -101.06810 -96.48444       -92.88385 -76.55294 -14.49877 -101.06810 -96.48444 -48.62217      56.6627
53    -15.63139 -92.54830 -75.86878 -48.99053 -100.61964 -96.00318       -92.54830 -75.86878 -15.63139 -100.61964 -96.00318 -48.99053      55.2668
54    -16.76401 -92.21274 -75.18462 -49.35889 -100.17118 -95.52191       -92.21274 -75.18462 -16.76401 -100.17118 -95.52191 -49.35889      53.88
55    -17.89663 -91.87719 -74.50046 -49.72725 -99.72272 -95.04064       -91.87719 -74.50046 -17.89663 -99.72272 -95.04064 -49.72725      52.5028
56    -19.02925 -91.54164 -73.81630 -50.09561 -99.27426 -94.55937       -91.54164 -73.81630 -19.02925 -99.27426 -94.55937 -50.09561      51.1361
57    -20.16187 -91.20609 -73.13214 -50.46397 -98.82580 -94.07811       -91.20609 -73.13214 -20.16187 -98.82580 -94.07811 -50.46397      49.7807
58    -21.29449 -90.87054 -72.44798 -50.83233 -98.37735 -93.59684       -90.87054 -72.44798 -21.29449 -98.37735 -93.59684 -50.83233      48.4377
59    -22.42711 -90.53499 -71.76382 -51.20069 -97.92889 -93.11557       -90.53499 -71.76382 -22.42711 -97.92889 -93.11557 -51.20069      47.1079
60    -23.55973 -90.19944 -71.07966 -51.56905 -97.48043 -92.63430       -90.19944 -71.07966 -23.55973 -97.48043 -92.63430 -51.56905      45.7926
61    -24.69234 -89.86389 -70.39550 -51.93741 -97.03197 -92.15303       -89.86389 -70.39550 -24.69234 -97.03197 -92.15303 -51.93741      44.4932
62    -25.82496 -89.52834 -69.71134 -52.30577 -96.58351 -91.67177       -89.52834 -69.71134 -25.82496 -96.58351 -91.67177 -52.30577      43.2109
63    -26.95758 -89.19279 -69.02718 -52.67413 -96.13505 -91.19050       -89.19279 -69.02718 -26.95758 -96.13505 -91.19050 -52.67413      41.9474
64    -28.09020 -88.85723 -68.34302 -53.04249 -95.68659 -90.70923       -88.85723 -68.34302 -28.09020 -95.68659 -90.70923 -53.04249      40.7045
65    -29.22282 -88.52168 -67.65886 -53.41085 -95.23814 -90.22796       -88.52168 -67.65886 -29.22282 -95.23814 -90.22796 -53.41085      39.484
66    -30.35544 -88.18613 -66.97470 -53.77921 -94.78968 -89.74670       -88.18613 -66.97470 -30.35544 -94.78968 -89.74670 -53.77921      38.2881
67    -31.48806 -87.85058 -66.29054 -54.14757 -94.34122 -89.26543       -87.85058 -31.48806 -66.29054 -94.34122 -54.14757 -89.26543      37.1192
68    -32.62068 -87.51503 -65.60638 -54.51593 -93.89276 -88.78416       -87.51503 -32.62068 -65.60638 -93.89276 -54.51593 -88.78416      35.98
69    -33.75330 -87.17948 -64.92222 -54.88429 -93.44430 -88.30289       -87.17948 -33.75330 -64.92222 -93.44430 -54.88429 -88.30289      34.8733
70    -34.88591 -86.84393 -64.23806 -55.25265 -92.99584 -87.82163       -86.84393 -34.88591 -64.23806 -92.99584 -55.25265 -87.82163      33.8023
71    -36.01853 -86.50838 -63.55390 -55.62101 -92.54738 -87.34036       -86.50838 -36.01853 -63.55390 -92.54738 -55.62101 -87.34036      32.7706
72    -37.15115 -86.17283 -62.86974 -55.98937 -92.09892 -86.85909       -86.17283 -37.15115 -62.86974 -92.09892 -55.98937 -86.85909      31.7819
73    -38.28377 -85.83728 -62.18558 -56.35773 -91.65047 -86.37782       -85.83728 -38.28377 -62.18558 -91.65047 -56.35773 -86.37782      30.8404
74    -39.41639 -85.50172 -61.50142 -56.72609 -91.20201 -85.89656       -85.50172 -39.41639 -61.50142 -91.20201 -56.72609 -85.89656      29.9506
75    -40.54901 -85.16617 -60.81726 -57.09445 -90.75355 -85.41529       -85.16617 -40.54901 -60.81726 -90.75355 -57.09445 -85.41529      29.1171
76    -41.68163 -84.83062 -60.13310 -57.46281 -90.30509 -84.93402       -84.83062 -41.68163 -60.13310 -90.30509 -57.46281 -84.93402      28.345
77    -42.81425 -84.49507 -59.44894 -57.83117 -89.85663 -84.45275       -84.49507 -42.81425 -59.44894 -89.85663 -57.83117 -84.45275      27.6394
78    -43.94687 -84.15952 -58.76478 -58.19953 -89.40817 -83.97148       -84.15952 -43.94687 -58.76478 -89.40817 -58.19953 -83.97148      27.0055
79    -45.07949 -83.82397 -58.08062 -58.56789 -88.95971 -83.49022       -83.82397 -45.07949 -58.08062 -88.95971 -58.56789 -83.49022      26.4485
80    -46.21210 -83.48842 -57.39646 -58.93625 -88.51125 -83.00895       -83.48842 -46.21210 -57.39646 -88.51125 -58.93625 -83.00895      25.9733
81    -47.34472 -83.15287 -56.71230 -59.30461 -88.06280 -82.52768       -83.15287 -47.34472 -56.71230 -88.06280 -59.30461 -82.52768      25.5844
82    -48.47734 -82.81732 -56.02814 -59.67297 -87.61434 -82.04641       -82.81732 -48.47734 -56.02814 -87.61434 -59.67297 -82.04641      25.286
83    -49.60996 -82.48177 -55.34398 -60.04133 -87.16588 -81.56515       -82.48177 -49.60996 -55.34398 -87.16588 -60.04133 -81.56515      24.7395
84    -50.74258 -82.14621 -54.65982 -60.40969 -86.71742 -81.08388       -82.14621 -50.74258 -54.65982 -86.71742 -60.40969 -81.08388      23.211
85    -51.87520 -81.81066 -53.97566 -60.77805 -86.26896 -80.60261       -81.81066 -51.87520 -53.97566 -86.26896 -60.77805 -80.60261      21.6869
86    -53.00782 -81.47511 -53.29150 -61.14641 -85.82050 -80.12134       -81.47511 -53.00782 -53.29150 -85.82050 -61.14641 -80.12134      20.1682
87    -54.14044 -81.13956 -52.60733 -61.51477 -85.37204 -79.64008       -81.13956 -54.14044 -52.60733 -85.37204 -61.51477 -79.64008      18.6562
88    -55.27306 -80.80401 -51.92317 -61.88313 -84.92359 -79.15881       -80.80401 -55.27306 -51.92317 -84.92359 -61.88313 -79.15881      17.1528
89    -56.40567 -80.46846 -51.23901 -62.25149 -84.47513 -78.67754       -80.46846 -56.40567 -51.23901 -84.47513 -62.25149 -78.67754      15.5946
90    -57.53829 -80.13291 -50.55485 -62.61985 -84.02667 -78.19627       -80.13291 -57.53829 -50.55485 -84.02667 -62.61985 -78.19627      14.0351
91    -58.67091 -79.79736 -49.87069 -62.98821 -83.57821 -77.71501       -79.79736 -58.67091 -49.87069 -83.57821 -62.98821 -77.71501      12.4757
92    -59.80353 -79.46181 -49.18653 -63.35657 -83.12975 -77.23374       -59.80353 -79.46181 -49.18653 -63.35657 -83.12975 -77.23374      10.9162
93    -60.93615 -79.12626 -48.50237 -63.72493 -82.68129 -76.75247       -60.93615 -79.12626 -48.50237 -63.72493 -82.68129 -76.75247      9.35677
94    -62.06877 -78.79070 -47.81821 -64.09329 -82.23283 -76.27120       -62.06877 -78.79070 -47.81821 -64.09329 -82.23283 -76.27120      7.7973
95    -63.20139 -78.45515 -47.13405 -64.46165 -81.78437 -75.78993       -63.20139 -78.45515 -47.13405 -64.46165 -81.78437 -75.78993      6.23784
96    -64.33401 -78.11960 -46.44989 -64.83001 -81.33592 -75.30867       -64.33401 -78.11960 -46.44989 -64.83001 -81.33592 -75.30867      4.67838
97    -65.46663 -77.78405 -45.76573 -65.19837 -80.88746 -74.82740       -65.46663 -77.78405 -45.76573 -65.19837 -80.88746 -74.82740      3.11892
98    -66.59925 -77.44850 -45.08157 -65.56673 -80.43900 -74.34613       -66.59925 -77.44850 -45.08157 -65.56673 -80.43900 -74.34613      1.55946
99    -67.73186 -77.11295 -44.39741 -65.93509 -79.99054 -73.86486       -67.73186 -77.11295 -44.39741 -65.93509 -79.99054 -73.86486      0
