Fol_2018-02-06.14_24_10.44_.txt     Output is probe cell, reduced cell, NCDist distance between
0    -80.08498 -123.30347  -0.33923 -133.10043 -52.57740  40.64745       -40.64745 -82.65602 -11.92995 -40.98668 -92.45299 -39.43753      1.01486e-13
1    -79.15554 -121.52689   0.19871 -134.16503 -54.07075  38.12032       -38.12032 -83.40657 -15.95043 -37.92162 -96.04471 -41.03521      6.92543
2    -78.22609 -119.75032   0.73664 -135.22963 -55.56410  35.59320       -35.59320 -84.15712 -19.97090 -34.85656 -99.63643 -42.63289      13.8509
3    -77.29665 -117.97374   1.27458 -136.29423 -57.05745  33.06608       -33.06608 -84.90767 -23.99138 -31.79150 -103.22815 -44.23057      20.7763
4    -76.36721 -116.19717   1.81252 -137.35883 -58.55081  30.53895       -30.53895 -28.01185 -85.65822 -28.72643 -45.82825 -106.81987      27.7017    *****
5    -75.43776 -114.42059   2.35046 -138.42342 -60.04416  28.01183       -28.01183 -32.03233 -86.40876 -25.66137 -47.42593 -110.41159      27.9611
6    -74.50832 -112.64402   2.88840 -139.48802 -61.53751  25.48471       -25.48471 -36.05280 -87.15931 -22.59631 -49.02361 -114.00331      29.7935    *****
7    -73.57887 -110.86745   3.42633 -140.55262 -63.03086  22.95758       -22.95758 -40.07328 -87.90986 -19.53125 -50.62129 -117.59504      33.0061
8    -72.64943 -109.09087   3.96427 -141.61722 -64.52421  20.43046       -20.43046 -44.09375 -88.66041 -16.46619 -52.21897 -121.18676      37.2436
9    -71.71999 -107.31430   4.50221 -142.68182 -66.01757  17.90334       -17.90334 -48.11423 -89.41096 -13.40113 -53.81665 -124.77848      42.1981
10    -70.79054 -105.53772   5.04015 -143.74641 -67.51092  15.37622       -55.41433 -10.33607 -90.16151 -52.13470 -15.37622 -128.37020      47.6467
11    -69.86110 -103.76115   5.57809 -144.81101 -69.00427  12.84909       -57.01201  -7.27101 -90.91206 -56.15518 -12.84909 -131.96192      53.4383
12    -68.93166 -101.98457   6.11602 -145.87561 -70.49762  10.32197       -58.60969  -4.20595 -91.66260 -60.17565 -10.32197 -135.55364      59.4729
13    -68.00221 -100.20800   6.65396 -146.94021 -71.99097   7.79485       -60.20737  -1.14088 -92.41315 -64.19613  -7.79485 -139.14536      65.6834
14    -67.07277 -98.43143   7.19190 -148.00481 -73.48433   5.26772        -1.92418 -59.88087 -66.29243  -7.19190 -91.23953 -140.81291      68.223
15    -66.14332 -96.65485   7.72984 -149.06940 -74.97768   2.74060        -4.98924 -58.41349 -67.24784  -7.72984 -88.92501 -141.33957      68.7467
16    -65.21388 -94.87828   8.26778 -150.13400 -76.47103   0.21348        -8.05430 -56.94610 -68.20325  -8.26778 -86.61050 -141.86623      69.5314
17    -64.28444 -93.10170   8.80571 -151.19860 -77.96438  -2.31365       -11.11936 -55.47872 -69.15867  -8.80571 -84.29599 -142.39289      70.5683
18    -63.35499 -91.32513   9.34365 -152.26320 -79.45773  -4.84077       -14.18442 -54.01134 -70.11408  -9.34365 -81.98148 -142.91955      71.8466
19    -62.42555 -89.54855   9.88159 -153.32780 -80.95109  -7.36789       -17.24948 -52.54396 -71.06949  -9.88159 -79.66696 -143.44621      69.9082
20    -61.49611 -87.77198  10.41953 -154.39240 -82.44444  -9.89502       -20.31454 -51.07658 -72.02491 -10.41953 -77.35245 -143.97287      67.7078
21    -60.56666 -85.99540  10.95747 -155.45699 -83.93779 -12.42214       -23.37960 -49.60920 -72.98032 -10.95747 -75.03794 -144.49953      65.7139
22    -59.63722 -84.21883  11.49540 -156.52159 -85.43114 -14.94926       -26.44467 -48.14181 -73.93574 -11.49540 -72.72343 -145.02619      63.9457
23    -58.70777 -82.44226  12.03334 -157.58619 -86.92449 -17.47638       -29.50973 -46.67443 -74.89115 -12.03334 -70.40891 -145.55285      62.4224
24    -57.77833 -80.66568  12.57128 -158.65079 -88.41784 -20.00351       -32.57479 -45.20705 -75.84656 -12.57128 -68.09440 -146.07951      61.1623
25    -56.84889 -78.88911  13.10922 -159.71539 -89.91120 -22.53063       -65.77989 -13.10922 -76.80198 -43.73967 -35.63985 -146.60617      60.182
26    -55.91944 -77.11253  13.64716 -160.77998 -91.40455 -25.05775       -63.46538 -13.64716 -77.75739 -42.27229 -38.70491 -147.13283      59.4952
27    -54.99000 -75.33596  14.18509 -161.84458 -92.89790 -27.58488       -61.15086 -14.18509 -78.71281 -40.80490 -41.76997 -147.65949      59.1122
28    -54.06055 -73.55938  14.72303 -162.90918 -94.39125 -30.11200       -58.83635 -14.72303 -79.66822 -39.33752 -44.83503 -148.18615      59.039
29    -53.13111 -71.78281  15.26097 -163.97378 -95.88460 -32.63912       -56.52184 -15.26097 -80.62363 -37.87014 -47.90009 -148.71281      59.2766
30    -52.20167 -70.00623  15.79891 -165.03838 -97.37796 -35.16625       -54.20733 -15.79891 -81.57905 -36.40276 -50.96515 -149.23947      59.8214
31    -51.27222 -68.22966  16.33685 -166.10297 -98.87131 -37.69337       -51.89281 -16.33685 -82.53446 -34.93538 -54.03022 -149.76613      60.6651
32    -50.34278 -66.45309  16.87478 -167.16757 -100.36466 -40.22049       -49.57830 -16.87478 -83.48988 -33.46800 -57.09528 -150.29279      61.7954
33    -49.41334 -64.67651  17.41272 -168.23217 -101.85801 -42.74762       -47.26379 -17.41272 -84.44529 -32.00061 -60.16034 -150.81945      63.197
34    -48.48389 -62.89994  17.95066 -169.29677 -103.35136 -45.27474       -44.94928 -17.95066 -85.40070 -30.53323 -63.22540 -151.34611      64.8523
35    -47.55445 -61.12336  18.48860 -170.36137 -104.84472 -47.80186       -42.63476 -18.48860 -86.35612 -29.06585 -66.29046 -151.87277      66.7424
36    -46.62500 -59.34679  19.02654 -171.42596 -106.33807 -50.32898       -40.32025 -19.02654 -87.31153 -27.59847 -69.35552 -152.39943      68.848
37    -45.69556 -57.57021  19.56447 -172.49056 -107.83142 -52.85611       -38.00574 -19.56447 -88.26694 -26.13109 -72.42058 -152.92609      71.1499
38    -44.76612 -55.79364  20.10241 -173.55516 -109.32477 -55.38323       -35.69123 -20.10241 -89.22236 -24.66370 -75.48564 -153.45275      73.6298
39    -43.83667 -54.01707  20.64035 -174.61976 -110.81812 -57.91035       -33.37671 -20.64035 -90.17777 -23.19632 -78.55070 -153.97941      76.2702
40    -42.90723 -52.24049  21.17829 -175.68436 -112.31147 -60.43748       -31.06220 -21.17829 -91.13319 -21.72894 -81.61577 -154.50607      78.4818
41    -41.97779 -50.46392  21.71623 -176.74895 -113.80483 -62.96460       -28.74769 -92.08860 -21.71623 -20.26156 -155.03273 -84.68083      80.6175
42    -41.04834 -48.68734  22.25416 -177.81355 -115.29818 -65.49172       -26.43318 -93.04401 -22.25416 -18.79418 -155.55939 -87.74589      82.92
43    -40.11890 -46.91077  22.79210 -178.87815 -116.79153 -68.01885       -24.11866 -93.99943 -22.79210 -17.32680 -156.08605 -90.81095      85.3759
44    -39.18945 -45.13419  23.33004 -179.94275 -118.28488 -70.54597       -21.80415 -94.95484 -23.33004 -15.85941 -156.61271 -93.87601      87.9724
45    -38.26001 -43.35762  23.86798 -181.00735 -119.77823 -73.07309       -19.48964 -95.91026 -23.86798 -14.39203 -157.13937 -96.94107      90.6973
46    -37.33057 -41.58104  24.40592 -182.07194 -121.27159 -75.60022       -17.17513 -96.86567 -24.40592 -12.92465 -157.66603 -100.00613      93.5395
47    -36.40112 -39.80447  24.94385 -183.13654 -122.76494 -78.12734       -14.86062 -97.82108 -24.94385 -11.45727 -158.19269 -103.07119      96.4885
48    -35.47168 -38.02790  25.48179 -184.20114 -124.25829 -80.65446       -12.54610 -98.77650 -25.48179  -9.98989 -158.71935 -106.13625      99.5349
49    -34.54224 -36.25132  26.01973 -185.26574 -125.75164 -83.18158       -10.23159 -99.73191 -26.01973  -8.52251 -159.24601 -109.20132      101.38
50    -33.61279 -34.47475  26.55767 -186.33034 -127.24499 -85.70871        -7.91708 -100.68732 -26.55767  -7.05512 -159.77267 -112.26638      103.024
51    -32.68335 -32.69817  27.09561 -187.39494 -128.73835 -88.23583        -5.60257 -101.64274 -27.09561  -5.58774 -160.29933 -115.33144      104.818
52    -31.75390 -30.92160  27.63354 -188.45953 -130.23170 -90.76295        -3.28805 -102.59815 -27.63354  -4.12036 -160.82599 -118.39650      106.754
53    -30.82446 -29.14502  28.17148 -189.52413 -131.72505 -93.29008        -0.97354 -103.55357 -28.17148  -2.65298 -161.35265 -121.46156      108.825
54    -29.89502 -27.36845  28.70942 -190.58873 -133.21840 -95.81720        -1.34097 -123.18565 -27.36845  -2.52657 -160.53834 -103.16801      108.608
55    -28.96557 -25.59187  29.24736 -191.65333 -134.71175 -98.34432        -3.65548 -123.93620 -25.59187  -3.37370 -158.75048 -101.80891      106.745
56    -28.03613 -23.81530  29.78530 -192.71793 -136.20510 -100.87145        -5.97000 -124.68675 -23.81530  -4.22083 -156.96263 -100.44981      104.78
57    -27.10669 -22.03873  30.32323 -193.78252 -137.69846 -103.39857        -8.28451 -125.43730 -22.03873  -5.06796 -155.17478 -99.09071      102.745
58    -26.17724 -20.26215  30.86117 -194.84712 -139.19181 -105.92569       -10.59902 -126.18784 -20.26215  -5.91509 -153.38693 -97.73161      100.816
59    -25.24780 -18.48558  31.39911 -195.91172 -140.68516 -108.45282       -12.91353 -126.93839 -18.48558  -6.76222 -151.59908 -96.37252      99
60    -24.31835 -16.70900  31.93705 -196.97632 -142.17851 -110.97994       -15.22805 -127.68894 -16.70900  -7.60935 -149.81122 -95.01342      97.3024
61    -23.38891 -14.93243  32.47499 -198.04092 -143.67186 -113.50706       -17.54256 -128.43949 -14.93243  -8.45648 -148.02337 -93.65432      95.7298
62    -22.45947 -13.15585  33.01292 -199.10551 -145.16522 -116.03418       -19.85707 -129.19004 -13.15585  -9.30361 -146.23552 -92.29522      94.2885
63    -21.53002 -11.37928  33.55086 -200.17011 -146.65857 -118.56131       -22.17158 -129.94059 -11.37928 -10.15074 -144.44767 -90.93612      92.9844
64    -20.60058  -9.60270  34.08880 -201.23471 -148.15192 -121.08843       -142.65981 -10.99787  -9.60270 -130.69114 -24.48610 -89.57702      91.8236
65    -19.67114  -7.82613  34.62674 -202.29931 -149.64527 -123.61555       -140.87196 -11.84500  -7.82613 -131.44168 -26.80061 -88.21792      90.3426
66    -18.74169  -6.04956  35.16468 -203.36391 -151.13862 -126.14268       -139.08411 -12.69214  -6.04956 -132.19223 -29.11512 -86.85883      88.5733
67    -17.81225  -4.27298  35.70261 -204.42850 -152.63198 -128.66980       -137.29626 -13.53927  -4.27298 -132.94278 -31.42963 -85.49973      86.9388
68    -16.88280  -2.49641  36.24055 -205.49310 -154.12533 -131.19692       -135.50840 -14.38640  -2.49641 -133.69333 -33.74415 -84.14063      85.4469
69    -15.95336  -0.71983  36.77849 -206.55770 -155.61868 -133.72405       -133.72055 -15.23353  -0.71983 -134.44388 -36.05866 -82.78153      83.9365
70    -15.02392   1.05674  37.31643 -207.62230 -157.11203 -136.25117        -1.05674 -37.31643 -15.02392 -82.47917 -134.13769 -130.87596      82.183
71    -14.09447   2.83332  37.85437 -208.68690 -158.60538 -138.77829        -2.83332 -37.85437 -14.09447 -82.89665 -133.11166 -127.31153      80.4286
72    -13.16503   4.60989  38.39230 -209.75149 -160.09873 -141.30542        -4.60989 -38.39230 -13.16503 -83.31413 -132.08564 -123.74710      78.8667
73    -12.23559   6.38646  38.93024 -210.81609 -161.59209 -143.83254        -6.38646 -38.93024 -12.23559 -83.73160 -131.05961 -120.18268      77.509
74    -11.30614   8.16304  39.46818 -211.88069 -163.08544 -146.35966        -8.16304 -39.46818 -11.30614 -84.14908 -130.03358 -116.61825      76.3662
75    -10.37670   9.93961  40.00612 -212.94529 -164.57879 -148.88678        -9.93961 -40.00612 -10.37670 -84.56655 -129.00756 -113.05382      75.4483
76     -9.44725  11.71619  40.54406 -214.00989 -166.07214 -151.41391       -11.71619 -40.54406  -9.44725 -84.98403 -127.98153 -109.48940      74.7635
77     -8.51781  13.49276  41.08199 -215.07448 -167.56549 -153.94103       -13.49276 -41.08199  -8.51781 -85.40150 -126.95551 -105.92497      74.3182
78     -7.58837  15.26934  41.61993 -216.13908 -169.05885 -156.46815       -15.26934 -41.61993  -7.58837 -85.81898 -125.92948 -102.36054      74.1167
79     -6.65892  17.04591  42.15787 -217.20368 -170.55220 -158.99528       -17.04591 -42.15787  -6.65892 -86.23646 -124.90346 -98.79612      74.1164
80     -5.72948  18.82249  42.69581 -218.26828 -172.04555 -161.52240       -18.82249 -42.69581  -5.72948 -86.65393 -123.87743 -95.23169      70.0541    *****
81     -4.80004  20.59906  43.23375 -219.33288 -173.53890 -164.04952       -20.59906 -43.23375  -4.80004 -87.07141 -122.85140 -91.66726      66.0181
82     -3.87059  22.37563  43.77168 -220.39748 -175.03225 -166.57665       -22.37563 -43.77168  -3.87059 -87.48888 -121.82538 -88.10284      62.0135
83     -2.94115  24.15221  44.30962 -221.46207 -176.52561 -169.10377       -24.15221 -44.30962  -2.94115 -87.90636 -120.79935 -84.53841      58.047
84     -2.01170  25.92878  44.84756 -222.52667 -178.01896 -171.63089       -25.92878 -44.84756  -2.01170 -88.32384 -119.77333 -80.97398      54.1269
85     -1.08226  27.70536  45.38550 -223.59127 -179.51231 -174.15802       -27.70536 -45.38550  -1.08226 -88.74131 -118.74730 -77.40956      50.2639
86     -0.15282  29.48193  45.92344 -224.65587 -181.00566 -176.68514       -29.48193 -45.92344  -0.15282 -89.15879 -117.72127 -73.84513      46.4724
87      0.77663  31.25851  46.46138 -225.72047 -182.49901 -179.21226       -30.48188 -88.79964  -0.77663 -45.68475 -115.91862 -71.05733      42.8719
88      1.70607  33.03508  46.99931 -226.78506 -183.99237 -181.73939       -31.32901 -88.28767  -1.70607 -45.29324 -113.96315 -68.42235      39.2992
89      2.63552  34.81166  47.53725 -227.84966 -185.48572 -184.26651       -32.17614 -87.77570  -2.63552 -44.90174 -112.00768 -65.78736      35.7266
90      3.56496  36.58823  48.07519 -228.91426 -186.97907 -186.79363       -33.02327 -87.26373  -3.56496 -44.51023 -110.05221 -63.15238      32.1539
91      4.49440  38.36480  48.61313 -229.97886 -188.47242 -189.32075       -33.87040 -86.75176  -4.49440 -44.11872 -108.09674 -60.51740      28.5813
92      5.42385  40.14138  49.15107 -231.04346 -189.96577 -191.84788       -34.71753 -86.23980  -5.42385 -43.72722 -106.14127 -57.88242      25.0086
93      6.35329  41.91795  49.68900 -232.10805 -191.45912 -194.37500       -35.56466 -85.72783  -6.35329 -43.33571 -104.18580 -55.24743      21.4359
94      7.28273  43.69453  50.22694 -233.17265 -192.95248 -196.90212       -36.41179 -85.21586  -7.28273 -42.94421 -102.23034 -52.61245      17.8633
95      8.21218  45.47110  50.76488 -234.23725 -194.44583 -199.42925       -37.25892 -84.70389  -8.21218 -42.55270 -100.27487 -49.97747      14.2906
96      9.14162  47.24768  51.30282 -235.30185 -195.93918 -201.95637       -38.10605 -84.19192  -9.14162 -42.16120 -98.31940 -47.34248      10.718
97     10.07107  49.02425  51.84076 -236.36645 -197.43253 -204.48349       -38.95319 -83.67996 -10.07107 -41.76969 -96.36393 -44.70750      7.14531
98     11.00051  50.80082  52.37869 -237.43104 -198.92588 -207.01062       -39.80032 -83.16799 -11.00051 -41.37818 -94.40846 -42.07252      3.57266
99     11.92995  52.57740  52.91663 -238.49564 -200.41924 -209.53774       -40.64745 -82.65602 -11.92995 -40.98668 -92.45299 -39.43753      2.46139e-14
