Fol_2018-02-06.15_24_09.11_.txt     Output is probe cell, reduced cell, NCDist distance between
0    -123.11655 -107.46351  68.07730 -84.13155 -115.44041  79.52688       -35.91352  -4.60466 -11.44958 -43.58966 -27.93663 -79.52688      4.71321e-14
1    -122.23571 -106.42454  67.27400 -83.72203 -114.55653  77.92028       -36.63625  -5.80175 -10.64628 -44.31543 -28.50426 -77.92028      2.45576
2    -121.35487 -105.38556  66.47070 -83.31252 -113.67265  76.31368       -37.35898  -6.99884  -9.84298 -45.04119 -29.07188 -76.31368      4.91152
3    -120.47403 -104.34658  65.66739 -82.90300 -112.78878  74.70707       -38.08170  -8.19593  -9.03968 -45.76696 -29.63951 -74.70707      7.36728
4    -119.59319 -103.30760  64.86409 -82.49349 -111.90490  73.10047       -38.80443  -9.39302  -8.23638 -46.49272 -30.20713 -73.10047      9.82304
5    -118.71235 -102.26862  64.06079 -82.08398 -111.02102  71.49387       -39.52716 -10.59011  -7.43307 -47.21849 -30.77476 -71.49387      12.2788
6    -117.83151 -101.22964  63.25749 -81.67446 -110.13715  69.88726       -40.24989 -11.78720  -6.62977 -47.94425 -31.34238 -69.88726      14.7346
7    -116.95067 -100.19067  62.45419 -81.26495 -109.25327  68.28066       -40.97261 -12.98429  -5.82647 -48.67002 -31.91001 -68.28066      17.1903
8    -116.06984 -99.15169  61.65089 -80.85543 -108.36939  66.67405       -41.69534 -14.18138  -5.02317 -49.39578 -32.47763 -66.67405      19.6461
9    -115.18900 -98.11271  60.84758 -80.44592 -107.48552  65.06745       -42.41807 -15.37847  -4.21987 -50.12155 -33.04526 -65.06745      22.1018
10    -114.30816 -97.07373  60.04428 -80.03641 -106.60164  63.46085       -43.14079 -16.57556  -3.41657 -50.84731 -33.61288 -63.46085      24.5576
11    -113.42732 -96.03475  59.24098 -79.62689 -105.71776  61.85424       -43.86352 -17.77265  -2.61326 -51.57308 -34.18051 -61.85424      27.0134
12    -112.54648 -94.99577  58.43768 -79.21738 -104.83389  60.24764       -44.58625 -18.96974  -1.80996 -52.29884 -34.74814 -60.24764      29.4691
13    -111.66564 -93.95680  57.63438 -78.80786 -103.95001  58.64104       -45.30898 -20.16683  -1.00666 -53.02461 -35.31576 -58.64104      31.9249
14    -110.78480 -92.91782  56.83107 -78.39835 -103.06613  57.03443       -46.03170 -21.36392  -0.20336 -53.75037 -35.88339 -57.03443      34.3807
15    -109.90397 -91.87884  56.02777 -77.98884 -102.18226  55.42783       -35.85107 -21.96106  -0.59994 -53.87619 -46.15449 -56.02777      35.6647
16    -109.02313 -90.83986  55.22447 -77.57932 -101.29838  53.82122       -35.61539 -22.35485  -1.40325 -53.79866 -46.07391 -55.22447      36.569
17    -108.14229 -89.80088  54.42117 -77.16981 -100.41451  52.21462       -35.37971 -22.74864  -2.20655 -53.72112 -45.99334 -54.42117      37.4919
18    -107.26145 -88.76190  53.61787 -76.76029 -99.53063  50.60802       -35.14404 -23.14243  -3.00985 -53.64358 -45.91276 -53.61787      38.4319
19    -106.38061 -87.72293  52.81456 -76.35078 -98.64675  49.00141       -34.90836 -23.53621  -3.81315 -53.56605 -45.83219 -52.81456      39.3835
20    -105.49977 -86.68395  52.01126 -75.94127 -97.76288  47.39481       -34.67269 -23.93000  -4.61645 -53.48851 -45.75161 -52.01126      39.9271
21    -104.61893 -85.64497  51.20796 -75.53175 -96.87900  45.78821       -34.43701 -24.32379  -5.41976 -53.41097 -45.67104 -51.20796      40.5008
22    -103.73810 -84.60599  50.40466 -75.12224 -95.99512  44.18160       -34.20133 -24.71758  -6.22306 -53.33344 -45.59046 -50.40466      41.1033
23    -102.85726 -83.56701  49.60136 -74.71272 -95.11125  42.57500       -33.96566 -25.11137  -7.02636 -53.25590 -45.50989 -49.60136      41.7334
24    -101.97642 -82.52803  48.79806 -74.30321 -94.22737  40.96839       -33.72998 -25.50515  -7.82966 -53.17836 -45.42931 -48.79806      41.8088
25    -101.09558 -81.48906  47.99475 -73.89370 -93.34349  39.36179       -25.89894 -33.49430  -8.63296 -45.34874 -53.10083 -47.99475      41.3068
26    -100.21474 -80.45008  47.19145 -73.48418 -92.45962  37.75519       -26.29273 -33.25863  -9.43626 -45.26816 -53.02329 -47.19145      40.8356
27    -99.33390 -79.41110  46.38815 -73.07467 -91.57574  36.14858       -26.68652 -33.02295 -10.23957 -45.18759 -52.94575 -46.38815      40.3964
28    -98.45306 -78.37212  45.58485 -72.66515 -90.69186  34.54198       -27.08031 -32.78727 -11.04287 -45.10702 -52.86822 -45.58485      39.9902
29    -97.57223 -77.33314  44.78155 -72.25564 -89.80799  32.93538       -27.47409 -32.55160 -11.84617 -45.02644 -52.79068 -44.78155      39.6182
30    -96.69139 -76.29416  43.97824 -71.84613 -88.92411  31.32877       -27.86788 -32.31592 -12.64947 -44.94587 -52.71314 -43.97824      39.2811
31    -95.81055 -75.25519  43.17494 -71.43661 -88.04023  29.72217       -28.26167 -32.08024 -13.45277 -44.86529 -52.63561 -43.17494      38.98
32    -94.92971 -74.21621  42.37164 -71.02710 -87.15636  28.11556       -28.65546 -31.84457 -14.25608 -44.78472 -52.55807 -42.37164      38.7156
33    -94.04887 -73.17723  41.56834 -70.61758 -86.27248  26.50896       -29.04925 -31.60889 -15.05938 -44.70414 -52.48053 -41.56834      38.4888
34    -93.16803 -72.13825  40.76504 -70.20807 -85.38860  24.90236       -29.44303 -31.37321 -15.86268 -44.62357 -52.40300 -40.76504      38.3002
35    -92.28719 -71.09927  39.96173 -69.79856 -84.50473  23.29575       -29.83682 -31.13754 -16.66598 -44.54299 -52.32546 -39.96173      38.1503
36    -91.40636 -70.06030  39.15843 -69.38904 -83.62085  21.68915       -30.23061 -30.90186 -17.46928 -44.46242 -52.24792 -39.15843      38.0397
37    -90.52552 -69.02132  38.35513 -68.97953 -82.73697  20.08255       -30.62440 -18.27258 -30.66619 -44.38184 -38.35513 -52.17039      37.9686
38    -89.64468 -67.98234  37.55183 -68.57001 -81.85310  18.47594       -31.01818 -19.07589 -30.43051 -44.30127 -37.55183 -52.09285      37.9373
39    -88.76384 -66.94336  36.74853 -68.16050 -80.96922  16.86934       -31.41197 -19.87919 -30.19483 -44.22069 -36.74853 -52.01531      37.9459
40    -87.88300 -65.90438  35.94523 -67.75099 -80.08535  15.26274       -31.80576 -20.68249 -29.95916 -44.14012 -35.94523 -51.93777      37.9944
41    -87.00216 -64.86540  35.14192 -67.34147 -79.20147  13.65613       -32.19955 -21.48579 -29.72348 -44.05954 -35.14192 -51.86024      38.0826
42    -86.12132 -63.82643  34.33862 -66.93196 -78.31759  12.04953       -32.59334 -22.28909 -29.48780 -43.97897 -34.33862 -51.78270      38.2102
43    -85.24048 -62.78745  33.53532 -66.52244 -77.43372  10.44292       -23.09240 -32.98712 -29.25213 -33.53532 -43.89840 -51.70516      38.3768
44    -84.35965 -61.74847  32.73202 -66.11293 -76.54984   8.83632       -23.89570 -33.38091 -29.01645 -32.73202 -43.81782 -51.62763      38.582
45    -83.47881 -60.70949  31.92872 -65.70342 -75.66596   7.22972       -24.69900 -33.77470 -28.78077 -31.92872 -43.73725 -51.55009      38.8251
46    -82.59797 -59.67051  31.12541 -65.29390 -74.78209   5.62311       -25.50230 -34.16849 -28.54510 -31.12541 -43.65667 -51.47255      39.1054
47    -81.71713 -58.63153  30.32211 -64.88439 -73.89821   4.01651       -26.30560 -34.56228 -28.30942 -30.32211 -43.57610 -51.39502      39.4221
48    -80.83629 -57.59256  29.51881 -64.47487 -73.01433   2.40991       -27.10891 -34.95606 -28.07374 -29.51881 -43.49552 -51.31748      39.7744
49    -79.95545 -56.55358  28.71551 -64.06536 -72.13046   0.80330       -27.91221 -35.34985 -27.83807 -28.71551 -43.41495 -51.23994      40.1613
50    -79.07461 -55.51460  27.91221 -63.65585 -71.24658  -0.80330       -28.71551 -35.74364 -27.60239 -27.91221 -43.33437 -51.16241      40.5818
51    -78.19378 -54.47562  27.10891 -63.24633 -70.36270  -2.40991       -29.51881 -36.13743 -27.36672 -27.10891 -43.25380 -51.08487      40.9959
52    -77.31294 -53.43664  26.30560 -62.83682 -69.47883  -4.01651       -30.32211 -36.53121 -27.13104 -26.30560 -43.17322 -51.00733      40.4774
53    -76.43210 -52.39766  25.50230 -62.42730 -68.59495  -5.62311       -31.12541 -36.92500 -26.89536 -25.50230 -43.09265 -50.92980      39.99
54    -75.55126 -51.35869  24.69900 -62.01779 -67.71107  -7.22972       -43.01207 -24.69900 -26.65969 -37.31879 -31.92872 -50.85226      39.535
55    -74.67042 -50.31971  23.89570 -61.60828 -66.82720  -8.83632       -42.93150 -23.89570 -26.42401 -37.71258 -32.73202 -50.77472      39.1133
56    -73.78958 -49.28073  23.09240 -61.19876 -65.94332 -10.44292       -42.85092 -23.09240 -26.18833 -38.10637 -33.53532 -50.69719      38.7262
57    -72.90874 -48.24175  22.28909 -60.78925 -65.05944 -12.04953       -42.77035 -22.28909 -25.95266 -38.50015 -34.33862 -50.61965      38.3746
58    -72.02791 -47.20277  21.48579 -60.37973 -64.17557 -13.65613       -42.68978 -21.48579 -25.71698 -38.89394 -35.14192 -50.54211      38.0596
59    -71.14707 -46.16379  20.68249 -59.97022 -63.29169 -15.26274       -42.60920 -20.68249 -25.48130 -39.28773 -35.94523 -50.46458      37.782
60    -70.26623 -45.12482  19.87919 -59.56071 -62.40781 -16.86934       -42.52863 -19.87919 -25.24563 -39.68152 -36.74853 -50.38704      37.5427
61    -69.38539 -44.08584  19.07589 -59.15119 -61.52394 -18.47594       -42.44805 -19.07589 -25.00995 -40.07531 -37.55183 -50.30950      37.3424
62    -68.50455 -43.04686  18.27258 -58.74168 -60.64006 -20.08255       -42.36748 -18.27258 -24.77427 -40.46909 -38.35513 -50.23197      37.1818
63    -67.62371 -42.00788  17.46928 -58.33216 -59.75619 -21.68915       -42.28690 -17.46928 -24.53860 -40.86288 -39.15843 -50.15443      37.0614
64    -66.74287 -40.96890  16.66598 -57.92265 -58.87231 -23.29575       -42.20633 -16.66598 -24.30292 -41.25667 -39.96173 -50.07689      36.9815
65    -65.86204 -39.92992  15.86268 -57.51314 -57.98843 -24.90236       -42.12575 -15.86268 -24.06724 -41.65046 -40.76504 -49.99936      36.9424
66    -64.98120 -38.89095  15.05938 -57.10362 -57.10456 -26.50896       -42.04518 -23.83157 -15.05938 -42.04425 -49.92182 -41.56834      36.9443
67    -64.10036 -37.85197  14.25608 -56.69411 -56.22068 -28.11556       -41.96460 -23.59589 -14.25608 -42.43803 -49.84428 -42.37164      36.9872
68    -63.21952 -36.81299  13.45277 -56.28459 -55.33680 -29.72217       -41.88403 -23.36022 -13.45277 -42.83182 -49.76675 -43.17494      37.0708
69    -62.33868 -35.77401  12.64947 -55.87508 -54.45293 -31.32877       -41.80345 -23.12454 -12.64947 -43.22561 -49.68921 -43.97824      37.195
70    -61.45784 -34.73503  11.84617 -55.46557 -53.56905 -32.93538       -41.72288 -22.88886 -11.84617 -43.61940 -49.61167 -44.78155      37.3593
71    -60.57700 -33.69605  11.04287 -55.05605 -52.68517 -34.54198       -41.64230 -22.65319 -11.04287 -44.01318 -49.53414 -45.58485      37.5632
72    -59.69616 -32.65708  10.23957 -54.64654 -51.80130 -36.14858       -41.56173 -22.41751 -10.23957 -44.40697 -49.45660 -46.38815      37.8061
73    -58.81533 -31.61810   9.43626 -54.23702 -50.91742 -37.75519       -41.48116 -22.18183  -9.43626 -44.80076 -49.37906 -47.19145      38.0871
74    -57.93449 -30.57912   8.63296 -53.82751 -50.03354 -39.36179       -41.40058 -21.94616  -8.63296 -45.19455 -49.30152 -47.99475      38.4056
75    -57.05365 -29.54014   7.82966 -53.41800 -49.14967 -40.96839       -41.32001 -21.71048  -7.82966 -45.58834 -49.22399 -48.79806      38.7605
76    -56.17281 -28.50116   7.02636 -53.00848 -48.26579 -42.57500       -41.23943 -21.47480  -7.02636 -45.98212 -49.14645 -49.60136      39.1509
77    -55.29197 -27.46218   6.22306 -52.59897 -47.38191 -44.18160       -41.15886 -21.23913  -6.22306 -46.37591 -49.06891 -50.40466      39.5756
78    -54.41113 -26.42321   5.41976 -52.18945 -46.49804 -45.78821       -41.07828 -21.00345  -5.41976 -46.76970 -48.99138 -51.20796      39.8413
79    -53.53029 -25.38423   4.61645 -51.77994 -45.61416 -47.39481       -40.99771 -20.76777  -4.61645 -47.16349 -48.91384 -52.01126      39.2901
80    -52.64946 -24.34525   3.81315 -51.37043 -44.73028 -49.00141       -40.91713 -20.53210  -3.81315 -47.55728 -48.83630 -52.81456      38.7701
81    -51.76862 -23.30627   3.00985 -50.96091 -43.84641 -50.60802       -40.83656 -20.29642  -3.00985 -47.95106 -48.75877 -53.61787      38.2826
82    -50.88778 -22.26729   2.20655 -50.55140 -42.96253 -52.21462       -40.75598 -20.06074  -2.20655 -48.34485 -48.68123 -54.42117      37.4919
83    -50.00694 -21.22831   1.40325 -50.14189 -42.07865 -53.82122       -40.67541 -19.82507  -1.40325 -48.73864 -48.60369 -55.22447      36.569
84    -49.12610 -20.18934   0.59994 -49.73237 -41.19478 -55.42783       -40.59483 -19.58939  -0.59994 -49.13243 -48.52616 -56.02777      35.6647
85    -48.24526 -19.15036  -0.20336 -49.32286 -40.31090 -57.03443       -48.24526 -19.15036  -0.20336 -49.32286 -40.31090 -57.03443      34.3807
86    -47.36442 -18.11138  -1.00666 -48.91334 -39.42703 -58.64104       -47.36442 -18.11138  -1.00666 -48.91334 -39.42703 -58.64104      31.9249
87    -46.48359 -17.07240  -1.80996 -48.50383 -38.54315 -60.24764       -46.48359 -17.07240  -1.80996 -48.50383 -38.54315 -60.24764      29.4691
88    -45.60275 -16.03342  -2.61326 -48.09432 -37.65927 -61.85424       -45.60275 -16.03342  -2.61326 -48.09432 -37.65927 -61.85424      27.0134
89    -44.72191 -14.99444  -3.41657 -47.68480 -36.77540 -63.46085       -44.72191 -14.99444  -3.41657 -47.68480 -36.77540 -63.46085      24.5576
90    -43.84107 -13.95547  -4.21987 -47.27529 -35.89152 -65.06745       -43.84107 -13.95547  -4.21987 -47.27529 -35.89152 -65.06745      22.1018
91    -42.96023 -12.91649  -5.02317 -46.86577 -35.00764 -66.67405       -42.96023 -12.91649  -5.02317 -46.86577 -35.00764 -66.67405      19.6461
92    -42.07939 -11.87751  -5.82647 -46.45626 -34.12377 -68.28066       -42.07939 -11.87751  -5.82647 -46.45626 -34.12377 -68.28066      17.1903
93    -41.19855 -10.83853  -6.62977 -46.04675 -33.23989 -69.88726       -41.19855 -10.83853  -6.62977 -46.04675 -33.23989 -69.88726      14.7346
94    -40.31772  -9.79955  -7.43307 -45.63723 -32.35601 -71.49387       -40.31772  -9.79955  -7.43307 -45.63723 -32.35601 -71.49387      12.2788
95    -39.43688  -8.76057  -8.23638 -45.22772 -31.47214 -73.10047       -39.43688  -8.76057  -8.23638 -45.22772 -31.47214 -73.10047      9.82304
96    -38.55604  -7.72160  -9.03968 -44.81820 -30.58826 -74.70707       -38.55604  -7.72160  -9.03968 -44.81820 -30.58826 -74.70707      7.36728
97    -37.67520  -6.68262  -9.84298 -44.40869 -29.70438 -76.31368       -37.67520  -6.68262  -9.84298 -44.40869 -29.70438 -76.31368      4.91152
98    -36.79436  -5.64364 -10.64628 -43.99918 -28.82051 -77.92028       -36.79436  -5.64364 -10.64628 -43.99918 -28.82051 -77.92028      2.45576
99    -35.91352  -4.60466 -11.44958 -43.58966 -27.93663 -79.52688       -35.91352  -4.60466 -11.44958 -43.58966 -27.93663 -79.52688      0
