Fol_2018-02-06.15_31_08.25_.txt     Output is probe cell, reduced cell, NCDist distance between
0    -93.97287 -107.75434  62.70356 -143.64631 -144.22768  54.10774       -81.52413 -31.26931  -8.59581 -80.94275 -45.05079 -62.70356      5.41133e-14
1    -92.48176 -106.26324  62.15701 -143.90512 -144.76491  51.12553       -82.60789 -30.32475 -11.03148 -81.74811 -44.10622 -62.15701      3.13668
2    -90.99066 -104.77213  61.61047 -144.16393 -145.30213  48.14332       -83.69166 -29.38019 -13.46715 -82.55346 -43.16166 -61.61047      6.27335
3    -89.49955 -103.28103  61.06393 -144.42275 -145.83936  45.16111       -84.77543 -28.43563 -15.90282 -83.35882 -42.21710 -61.06393      9.41003
4    -88.00845 -101.78992  60.51738 -144.68156 -146.37659  42.17890       -85.85920 -27.49106 -18.33849 -84.16417 -41.27253 -60.51738      12.5467
5    -86.51734 -100.29881  59.97084 -144.94037 -146.91381  39.19668       -86.94297 -26.54650 -20.77416 -84.96953 -40.32797 -59.97084      15.6834
6    -85.02624 -98.80771  59.42430 -145.19919 -147.45104  36.21447       -88.02674 -25.60194 -23.20983 -85.77489 -39.38341 -59.42430      18.8201
7    -83.53513 -97.31660  58.87776 -145.45800 -147.98827  33.23226       -89.11051 -24.65737 -25.64549 -86.58024 -38.43885 -58.87776      21.9567
8    -82.04402 -95.82550  58.33121 -145.71681 -148.52550  30.25005       -90.19428 -23.71281 -28.08116 -87.38560 -37.49428 -58.33121      25.0934
9    -80.55292 -94.33439  57.78467 -145.97562 -149.06272  27.26784       -91.27805 -22.76825 -30.51683 -88.19095 -36.54972 -57.78467      28.2301
10    -79.06181 -92.84328  57.23813 -146.23444 -149.59995  24.28563       -92.36182 -21.82369 -32.95250 -88.99631 -35.60516 -57.23813      31.3668
11    -77.57071 -91.35218  56.69158 -146.49325 -150.13718  21.30342       -93.44559 -20.87912 -35.38817 -89.80167 -34.66059 -56.69158      34.5035
12    -76.07960 -89.86107  56.14504 -146.75206 -150.67440  18.32120       -94.52936 -19.93456 -37.82384 -90.60702 -33.71603 -56.14504      37.3821
13    -74.58850 -88.36997  55.59850 -147.01088 -151.21163  15.33899       -95.61313 -18.99000 -40.25951 -91.41238 -32.77147 -55.59850      38.7835
14    -73.09739 -86.87886  55.05196 -147.26969 -151.74886  12.35678       -96.69690 -42.69517 -18.04543 -92.21774 -55.05196 -31.82691      40.3804
15    -71.60628 -85.38776  54.50541 -147.52850 -152.28608   9.37457       -97.78067 -45.13084 -17.10087 -93.02309 -54.50541 -30.88234      42.1505
16    -70.11518 -83.89665  53.95887 -147.78732 -152.82331   6.39236       -98.86444 -47.56651 -16.15631 -93.82845 -53.95887 -29.93778      44.0731
17    -68.62407 -82.40554  53.41233 -148.04613 -153.36054   3.41015       -53.41233 -94.63380 -15.21175 -50.00218 -99.94821 -28.99322      46.129
18    -67.13297 -80.91444  52.86578 -148.30494 -153.89776   0.42793       -52.86578 -95.43916 -14.26718 -52.43785 -101.03198 -28.04865      48.3012
19    -65.64186 -79.42333  52.31924 -148.56376 -154.43499  -2.55428       -52.31924 -96.24452 -13.32262 -54.87352 -102.11575 -27.10409      49.9423
20    -64.15076 -77.93223  51.77270 -148.82257 -154.97222  -5.53649       -51.77270 -97.04987 -12.37806 -57.30919 -103.19952 -26.15953      51.5446
21    -62.65965 -76.44112  51.22616 -149.08138 -155.50944  -8.51870       -97.85523 -51.22616 -11.43349 -104.28329 -59.74486 -25.21497      53.2834
22    -61.16854 -74.95002  50.67961 -149.34020 -156.04667 -11.50091       -98.66058 -50.67961 -10.48893 -105.36706 -62.18052 -24.27040      55.146
23    -59.67744 -73.45891  50.13307 -149.59901 -156.58390 -14.48312       -99.46594  -9.54437 -50.13307 -106.45083 -23.32584 -64.61619      57.1202
24    -58.18633 -71.96780  49.58653 -149.85782 -157.12113 -17.46533       -100.27130  -8.59981 -49.58653 -107.53460 -22.38128 -67.05186      59.1949
25    -56.69523 -70.47670  49.03998 -150.11664 -157.65835 -20.44755       -101.07665  -7.65524 -49.03998 -108.61837 -21.43671 -69.48753      61.3598
26    -55.20412 -68.98559  48.49344 -150.37545 -158.19558 -23.42976       -101.88201  -6.71068 -48.49344 -109.70214 -20.49215 -71.92320      63.6058
27    -53.71302 -67.49449  47.94690 -150.63426 -158.73281 -26.41197       -102.68737  -5.76612 -47.94690 -110.78591 -19.54759 -74.35887      65.7547
28    -52.22191 -66.00338  47.40036 -150.89308 -159.27003 -29.39418       -103.49272  -4.82155 -47.40036 -111.86968 -18.60303 -76.79454      67.3974
29    -50.73080 -64.51228  46.85381 -151.15189 -159.80726 -32.37639       -104.29808  -3.87699 -46.85381 -112.95345 -17.65846 -79.23021      69.1435
30    -49.23970 -63.02117  46.30727 -151.41070 -160.34449 -35.35860       -105.10343  -2.93243 -46.30727 -114.03722 -16.71390 -81.66587      70.9853
31    -47.74859 -61.53006  45.76073 -151.66952 -160.88171 -38.34082       -105.90879  -1.98786 -45.76073 -115.12099 -15.76934 -84.10154      72.9155
32    -46.25749 -60.03896  45.21418 -151.92833 -161.41894 -41.32303       -106.71415  -1.04330 -45.21418 -116.20476 -14.82477 -86.53721      74.9274
33    -44.76638 -58.54785  44.66764 -152.18714 -161.95617 -44.30524       -107.51950  -0.09874 -44.66764 -117.28853 -13.88021 -88.97288      77.0145
34    -43.27527 -57.05675  44.12110 -152.44596 -162.49339 -47.28745        -0.84582 -90.56272 -43.27527 -13.78147 -117.52647 -107.47903      77.4595
35    -41.78417 -55.56564  43.57456 -152.70477 -163.03062 -50.26966        -1.79039 -92.05383 -41.78417 -13.78147 -117.66568 -107.33983      77.773
36    -40.29306 -54.07453  43.02801 -152.96358 -163.56785 -53.25187        -2.73495 -93.54494 -40.29306 -13.78147 -117.80488 -107.20062      78.1541
37    -38.80196 -52.58343  42.48147 -153.22240 -164.10507 -56.23408        -3.67951 -95.03604 -38.80196 -13.78147 -117.94409 -107.06141      78.5536
38    -37.31085 -51.09232  41.93493 -153.48121 -164.64230 -59.21630        -4.62408 -96.52715 -37.31085 -13.78147 -118.08330 -106.92221      77.9236
39    -35.81975 -49.60122  41.38838 -153.74002 -165.17953 -62.19851        -5.56864 -98.01825 -35.81975 -13.78147 -118.22250 -106.78300      77.3581
40    -34.32864 -48.11011  40.84184 -153.99884 -165.71675 -65.18072        -6.51320 -99.50936 -34.32864 -13.78147 -118.36171 -106.64379      76.8583
41    -32.83753 -46.61901  40.29530 -154.25765 -166.25398 -68.16293        -7.45776 -101.00046 -32.83753 -13.78147 -118.50092 -106.50459      76.4257
42    -31.34643 -45.12790  39.74876 -154.51646 -166.79121 -71.14514        -8.40233 -102.49157 -31.34643 -13.78147 -118.64012 -106.36538      76.0614
43    -29.85532 -43.63679  39.20221 -154.77528 -167.32844 -74.12735        -9.34689 -103.98268 -29.85532 -13.78147 -118.77933 -106.22617      75.7664
44    -28.36422 -42.14569  38.65567 -155.03409 -167.86566 -77.10956       -10.29145 -105.47378 -28.36422 -13.78147 -118.91854 -106.08697      75.5414
45    -26.87311 -40.65458  38.10913 -155.29290 -168.40289 -80.09178       -11.23602 -106.96489 -26.87311 -13.78147 -119.05775 -105.94776      75.3871
46    -25.38201 -39.16348  37.56258 -155.55172 -168.94012 -83.07399       -12.18058 -108.45599 -25.38201 -13.78147 -119.19695 -105.80855      75.3039
47    -23.89090 -37.67237  37.01604 -155.81053 -169.47734 -86.05620       -13.12514 -109.94710 -23.89090 -13.78147 -119.33616 -105.66935      75.2921
48    -22.39979 -36.18127  36.46950 -156.06934 -170.01457 -89.03841       -14.06970 -111.43821 -22.39979 -13.78147 -119.47537 -105.53014      75.2369
49    -20.90869 -34.69016  35.92296 -156.32816 -170.55180 -92.02062       -15.01427 -112.92931 -20.90869 -13.78147 -119.61457 -105.39093      75.2054
50    -19.41758 -33.19905  35.37641 -156.58697 -171.08902 -95.00283       -15.95883 -114.42042 -19.41758 -13.78147 -119.75378 -105.25173      75.2455
51    -17.92648 -31.70795  34.82987 -156.84578 -171.62625 -97.98505       -16.90339 -115.91152 -17.92648 -13.78147 -119.89299 -105.11252      75.3569
52    -16.43537 -30.21684  34.28333 -157.10460 -172.16348 -100.96726       -120.03219 -13.78147 -16.43537 -117.40263 -17.84796 -104.97331      75.5394
53    -14.94427 -28.72574  33.73678 -157.36341 -172.70070 -103.94947       -120.17140 -13.78147 -14.94427 -118.89373 -18.79252 -104.83411      75.7925
54    -13.45316 -27.23463  33.19024 -157.62222 -173.23793 -106.93168       -120.31061 -13.78147 -13.45316 -120.38484 -19.73708 -104.69490      76.1153
55    -11.96205 -25.74353  32.64370 -157.88104 -173.77516 -109.91389       -120.44981 -13.78147 -11.96205 -121.87595 -20.68165 -104.55569      76.5072
56    -10.47095 -24.25242  32.09716 -158.13985 -174.31238 -112.89610       -120.58902 -13.78147 -10.47095 -123.36705 -21.62621 -104.41648      76.9669
57     -8.97984 -22.76131  31.55061 -158.39866 -174.84961 -115.87831       -120.72823 -13.78147  -8.97984 -124.85816 -22.57077 -104.27728      77.4934
58     -7.48874 -21.27021  31.00407 -158.65748 -175.38684 -118.86053       -120.86743 -13.78147  -7.48874 -126.34926 -23.51533 -104.13807      78.0852
59     -5.99763 -19.77910  30.45753 -158.91629 -175.92406 -121.84274       -121.00664 -13.78147  -5.99763 -127.84037 -24.45990 -103.99886      78.7408
60     -4.50652 -18.28800  29.91098 -159.17510 -176.46129 -124.82495       -121.14585 -13.78147  -4.50652 -129.33147 -25.40446 -103.85966      79.4588
61     -3.01542 -16.79689  29.36444 -159.43392 -176.99852 -127.80716       -121.28505 -13.78147  -3.01542 -130.82258 -26.34902 -103.72045      80.2374
62     -1.52431 -15.30578  28.81790 -159.69273 -177.53575 -130.78937       -121.42426 -13.78147  -1.52431 -132.31369 -27.29359 -103.58124      81.0748
63     -0.03321 -13.81468  28.27136 -159.95154 -178.07297 -133.77158       -121.56347 -13.78147  -0.03321 -133.80479 -28.23815 -103.44204      81.9694
64      1.45790 -12.32357  27.72481 -160.21036 -178.61020 -136.75380        -1.45790 -27.72481 -12.32357 -104.76073 -133.83800 -120.24478      82.6209
65      2.94900 -10.83247  27.17827 -160.46917 -179.14743 -139.73601        -2.94900 -27.17827 -10.83247 -106.11263 -133.83800 -118.89288      83.361
66      4.44011  -9.34136  26.63173 -160.72798 -179.68465 -142.71822        -4.44011 -26.63173  -9.34136 -107.46453 -133.83800 -117.54098      84.1944
67      5.93122  -7.85026  26.08518 -160.98679 -180.22188 -145.70043        -5.93122 -26.08518  -7.85026 -108.81643 -133.83800 -116.18908      85.1184
68      7.42232  -6.35915  25.53864 -161.24561 -180.75911 -148.68264        -7.42232 -25.53864  -6.35915 -110.16832 -133.83800 -114.83718      86.1301
69      8.91343  -4.86804  24.99210 -161.50442 -181.29633 -151.66485        -8.91343  -4.86804 -24.99210 -111.52022 -113.48528 -133.83800      85.7897
70     10.40453  -3.37694  24.44556 -161.76323 -181.83356 -154.64706       -10.40453  -3.37694 -24.44556 -112.87212 -112.13338 -133.83800      85.0128
71     11.89564  -1.88583  23.89901 -162.02205 -182.37079 -157.62928       -11.89564  -1.88583 -23.89901 -114.22402 -110.78148 -133.83800      84.3284
72     13.38674  -0.39473  23.35247 -162.28086 -182.90801 -160.61149       -13.38674  -0.39473 -23.35247 -115.57592 -109.42958 -133.83800      83.7388
73     14.87785   1.09638  22.80593 -162.53967 -183.44524 -163.59370       -13.78147 -115.83144  -1.09638 -21.70955 -132.74162 -109.17406      83.2256
74     16.36896   2.58748  22.25938 -162.79849 -183.98247 -166.57591       -13.78147 -115.69223  -2.58748 -19.67190 -131.25051 -109.31327      82.8059
75     17.86006   4.07859  21.71284 -163.05730 -184.51969 -169.55812       -13.78147 -115.55303  -4.07859 -17.63425 -129.75941 -109.45248      82.4887
76     19.35117   5.56970  21.16630 -163.31611 -185.05692 -172.54033       -13.78147 -115.41382  -5.56970 -15.59660 -128.26830 -109.59168      82.2754
77     20.84227   7.06080  20.61976 -163.57493 -185.59415 -175.52255       -13.78147 -115.27461  -7.06080 -13.55895 -126.77720 -109.73089      82.048
78     22.33338   8.55191  20.07321 -163.83374 -186.13137 -178.50476       -13.78147 -115.13541  -8.55191 -11.52131 -125.28609 -109.87010      81.711
79     23.82448  10.04301  19.52667 -164.09255 -186.66860 -181.48697       -13.78147 -114.99620 -10.04301  -9.48366 -123.79499 -110.00930      81.4787
80     25.31559  11.53412  18.98013 -164.35137 -187.20583 -184.46918       -13.78147 -114.85699 -11.53412  -7.44601 -122.30388 -110.14851      81.352
81     26.80670  13.02522  18.43358 -164.61018 -187.74306 -187.45139       -120.81277  -5.40836 -13.02522 -114.71779 -13.78147 -110.28772      81.3313
82     28.29780  14.51633  17.88704 -164.86899 -188.28028 -190.43360       -119.32167  -3.37071 -14.51633 -114.57858 -13.78147 -110.42692      81.4168
83     29.78891  16.00744  17.34050 -165.12781 -188.81751 -193.41581       -117.83056  -1.33306 -16.00744 -114.43937 -13.78147 -110.56613      81.6081
84     31.28001  17.49854  16.79396 -165.38662 -189.35474 -196.39803       -110.00075  -0.70459 -16.79396 -113.59558 -14.48606 -115.63487      80.5637
85     32.77112  18.98965  16.24741 -165.64543 -189.89196 -199.38024       -108.10231  -2.74223 -16.24741 -111.41873 -16.52371 -112.10612      75.9074
86     34.26223  20.48075  15.70087 -165.90425 -190.42919 -202.36245       -106.20387  -4.77988 -15.70087 -109.24187 -18.56135 -108.57736      70.4854
87     35.75333  21.97186  15.15433 -166.16306 -190.96642 -205.34466       -104.30543  -6.81753 -15.15433 -107.06501 -20.59900 -105.04861      65.0635
88     37.24444  23.46296  14.60778 -166.42187 -191.50364 -208.32687       -102.40699  -8.85518 -14.60778 -104.88816 -22.63665 -101.51985      59.6415
89     38.73554  24.95407  14.06124 -166.68069 -192.04087 -211.30908       -100.50854 -10.89283 -14.06124 -102.71130 -24.67430 -97.99110      54.2196
90     40.22665  26.44518  13.51470 -166.93950 -192.57810 -214.29130       -98.61010 -12.93048 -13.51470 -100.53445 -26.71195 -94.46235      48.7976
91     41.71775  27.93628  12.96816 -167.19831 -193.11532 -217.27351       -96.71166 -14.96813 -12.96816 -98.35759 -28.74960 -90.93359      43.3757
92     43.20886  29.42739  12.42161 -167.45713 -193.65255 -220.25572       -94.81322 -17.00577 -12.42161 -96.18074 -30.78725 -87.40484      37.9537
93     44.69997  30.91849  11.87507 -167.71594 -194.18978 -223.23793       -92.91478 -19.04342 -11.87507 -94.00388 -32.82489 -83.87608      32.5317
94     46.19107  32.40960  11.32853 -167.97475 -194.72700 -226.22014       -91.01633 -21.08107 -11.32853 -91.82703 -34.86254 -80.34733      27.1098
95     47.68218  33.90071  10.78198 -168.23357 -195.26423 -229.20235       -89.11789 -23.11872 -10.78198 -89.65017 -36.90019 -76.81857      21.6878
96     49.17328  35.39181  10.23544 -168.49238 -195.80146 -232.18456       -87.21945 -25.15637 -10.23544 -87.47332 -38.93784 -73.28982      16.2659
97     50.66439  36.88292   9.68890 -168.75119 -196.33868 -235.16678       -85.32101 -27.19402  -9.68890 -85.29646 -40.97549 -69.76106      10.8439
98     52.15549  38.37402   9.14236 -169.01001 -196.87591 -238.14899       -83.42257 -29.23167  -9.14236 -83.11961 -43.01314 -66.23231      5.42196
99     53.64660  39.86513   8.59581 -169.26882 -197.41314 -241.13120       -81.52413 -31.26931  -8.59581 -80.94275 -45.05079 -62.70356      3.62307e-14
