Fol_2018-02-06.15_56_16.75_.txt     Output is probe cell, reduced cell, NCDist distance between
0    -114.85756 -61.22019  28.45986 -60.04753 -50.33296 -67.86316       -21.87310 -32.76033 -28.45986 -31.58767 -86.39770 -96.32302      4.71321e-14
1    -113.91832 -60.93272  27.88491 -59.76005 -50.69725 -68.15063       -22.81233 -33.04781 -27.88491 -31.87514 -86.03341 -96.03554      1.26228
2    -112.97909 -60.64525  27.30997 -59.47258 -51.06154 -68.43810       -23.75157 -33.33528 -27.30997 -32.16261 -85.66912 -95.74807      2.52457
3    -112.03985 -60.35777  26.73502 -59.18511 -51.42583 -68.72558       -24.69081 -33.62275 -26.73502 -32.45009 -85.30483 -95.46060      3.78685
4    -111.10061 -60.07030  26.16007 -58.89763 -51.79012 -69.01305       -25.63004 -33.91023 -26.16007 -32.73756 -84.94054 -95.17312      5.04913
5    -110.16138 -59.78283  25.58513 -58.61016 -52.15441 -69.30052       -26.56928 -34.19770 -25.58513 -33.02503 -84.57625 -94.88565      6.31142
6    -109.22214 -59.49535  25.01018 -58.32269 -52.51870 -69.58800       -27.50852 -34.48517 -25.01018 -33.31251 -84.21196 -94.59818      7.5737
7    -108.28290 -59.20788  24.43523 -58.03521 -52.88299 -69.87547       -28.44775 -34.77265 -24.43523 -33.59998 -83.84767 -94.31070      8.83599
8    -107.34367 -58.92041  23.86029 -57.74774 -53.24728 -70.16294       -29.38699 -35.06012 -23.86029 -33.88745 -83.48338 -94.02323      10.0983
9    -106.40443 -58.63293  23.28534 -57.46027 -53.61157 -70.45042       -30.32623 -35.34759 -23.28534 -34.17493 -83.11909 -93.73576      11.3606
10    -105.46519 -58.34546  22.71039 -57.17279 -53.97586 -70.73789       -31.26547 -35.63507 -22.71039 -34.46240 -82.75480 -93.44828      12.6228
11    -104.52595 -58.05799  22.13545 -56.88532 -54.34015 -71.02536       -32.20470 -35.92254 -22.13545 -34.74987 -82.39051 -93.16081      13.8851
12    -103.58672 -57.77051  21.56050 -56.59785 -54.70444 -71.31284       -33.14394 -36.21001 -21.56050 -35.03735 -82.02622 -92.87334      15.1474
13    -102.64748 -57.48304  20.98555 -56.31037 -55.06873 -71.60031       -34.08318 -36.49749 -20.98555 -35.32482 -81.66193 -92.58586      16.4097
14    -101.70824 -57.19557  20.41061 -56.02290 -55.43302 -71.88778       -35.02241 -36.78496 -20.41061 -35.61229 -81.29764 -92.29839      17.672
15    -100.76901 -56.90809  19.83566 -55.73543 -55.79731 -72.17526       -35.96165 -37.07243 -19.83566 -35.89977 -80.93335 -92.01092      18.9343
16    -99.82977 -56.62062  19.26071 -55.44795 -56.16160 -72.46273       -36.90089 -37.35991 -19.26071 -36.18724 -80.56906 -91.72344      20.1965
17    -98.89053 -56.33315  18.68577 -55.16048 -56.52589 -72.75020       -37.84012 -37.64738 -18.68577 -36.47471 -80.20477 -91.43597      21.4588
18    -97.95130 -56.04567  18.11082 -54.87301 -56.89018 -73.03768       -38.77936 -37.93485 -18.11082 -36.76219 -79.84047 -91.14850      22.7211
19    -97.01206 -55.75820  17.53587 -54.58553 -57.25447 -73.32515       -39.71860 -38.22233 -17.53587 -37.04966 -79.47618 -90.86102      23.9834
20    -96.07282 -55.47073  16.96093 -54.29806 -57.61876 -73.61262       -40.65784 -38.50980 -16.96093 -37.33713 -79.11189 -90.57355      25.2457
21    -95.13358 -55.18325  16.38598 -54.01059 -57.98305 -73.90010       -41.59707 -38.79727 -16.38598 -37.62461 -78.74760 -90.28608      26.508
22    -94.19435 -54.89578  15.81103 -53.72311 -58.34734 -74.18757       -42.53631 -39.08475 -15.81103 -37.91208 -78.38331 -89.99860      27.7702
23    -93.25511 -54.60831  15.23609 -53.43564 -58.71163 -74.47504       -43.47555 -39.37222 -15.23609 -38.19955 -78.01902 -89.71113      29.0325
24    -92.31587 -54.32083  14.66114 -53.14817 -59.07592 -74.76252       -44.41478 -39.65969 -14.66114 -38.48703 -77.65473 -89.42366      30.2948
25    -91.37664 -54.03336  14.08619 -52.86069 -59.44021 -75.04999       -45.35402 -39.94717 -14.08619 -38.77450 -77.29044 -89.13618      31.5571
26    -90.43740 -53.74589  13.51125 -52.57322 -59.80451 -75.33746       -46.29326 -40.23464 -13.51125 -39.06197 -76.92615 -88.84871      32.8194
27    -89.49816 -53.45841  12.93630 -52.28575 -60.16880 -75.62494       -47.23250 -40.52211 -12.93630 -39.34945 -76.56186 -88.56124      34.0817
28    -88.55892 -53.17094  12.36135 -51.99827 -60.53309 -75.91241       -48.17173 -40.80959 -12.36135 -39.63692 -76.19757 -88.27376      35.3439
29    -87.61969 -52.88347  11.78641 -51.71080 -60.89738 -76.19988       -49.11097 -41.09706 -11.78641 -39.92439 -75.83328 -87.98629      36.6062
30    -86.68045 -52.59599  11.21146 -51.42333 -61.26167 -76.48736       -50.05021 -41.38453 -11.21146 -40.21187 -75.46899 -87.69882      37.8685
31    -85.74121 -52.30852  10.63651 -51.13585 -61.62596 -76.77483       -50.98944 -41.67201 -10.63651 -40.49934 -75.10470 -87.41134      39.1308
32    -84.80198 -52.02105  10.06157 -50.84838 -61.99025 -77.06230       -51.92868 -41.95948 -10.06157 -40.78681 -74.74041 -87.12387      40.3931
33    -83.86274 -51.73357   9.48662 -50.56091 -62.35454 -77.34978       -52.86792 -42.24695  -9.48662 -41.07429 -74.37612 -86.83640      41.6554
34    -82.92350 -51.44610   8.91167 -50.27343 -62.71883 -77.63725       -53.80715 -42.53443  -8.91167 -41.36176 -74.01183 -86.54892      42.9176
35    -81.98427 -51.15863   8.33673 -49.98596 -63.08312 -77.92472       -54.74639 -42.82190  -8.33673 -41.64923 -73.64754 -86.26145      44.1799
36    -81.04503 -50.87115   7.76178 -49.69849 -63.44741 -78.21220       -55.68563 -43.10937  -7.76178 -41.93671 -73.28325 -85.97398      45.4422
37    -80.10579 -50.58368   7.18683 -49.41101 -63.81170 -78.49967       -56.62487 -43.39685  -7.18683 -42.22418 -72.91896 -85.68650      46.7045
38    -79.16655 -50.29621   6.61189 -49.12354 -64.17599 -78.78714       -57.56410 -43.68432  -6.61189 -42.51165 -72.55467 -85.39903      47.9668
39    -78.22732 -50.00873   6.03694 -48.83607 -64.54028 -79.07462       -58.50334 -43.97179  -6.03694 -42.79913 -72.19038 -85.11156      49.2291
40    -77.28808 -49.72126   5.46199 -48.54859 -64.90457 -79.36209       -59.44258 -44.25927  -5.46199 -43.08660 -71.82609 -84.82408      50.4913
41    -76.34884 -49.43379   4.88705 -48.26112 -65.26886 -79.64956       -60.38181 -44.54674  -4.88705 -43.37407 -71.46180 -84.53661      51.7536
42    -75.40961 -49.14631   4.31210 -47.97365 -65.63315 -79.93704       -61.32105 -44.83421  -4.31210 -43.66155 -71.09751 -84.24914      53.0159
43    -74.47037 -48.85884   3.73715 -47.68617 -65.99744 -80.22451       -62.26029 -45.12169  -3.73715 -43.94902 -70.73322 -83.96166      54.2782
44    -73.53113 -48.57137   3.16221 -47.39870 -66.36173 -80.51198       -63.19952 -45.40916  -3.16221 -44.23649 -70.36893 -83.67419      55.5405
45    -72.59190 -48.28389   2.58726 -47.11123 -66.72602 -80.79946       -64.13876 -45.69663  -2.58726 -44.52397 -70.00464 -83.38672      56.8028
46    -71.65266 -47.99642   2.01231 -46.82375 -67.09031 -81.08693       -65.07800 -45.98411  -2.01231 -44.81144 -69.64034 -83.09924      58.065
47    -70.71342 -47.70895   1.43737 -46.53628 -67.45460 -81.37440       -66.01724 -46.27158  -1.43737 -45.09891 -69.27605 -82.81177      59.3273
48    -69.77418 -47.42147   0.86242 -46.24881 -67.81889 -81.66188       -66.95647 -46.55905  -0.86242 -45.38639 -68.91176 -82.52430      60.5896
49    -68.83495 -47.13400   0.28747 -45.96133 -68.18318 -81.94935       -68.54747 -45.67386  -0.28747 -46.84653 -67.89571 -82.23682      61.8519
50    -67.89571 -46.84653  -0.28747 -45.67386 -68.54747 -82.23682       -68.54747 -45.67386  -0.28747 -46.84653 -67.89571 -82.23682      61.8519
51    -66.95647 -46.55905  -0.86242 -45.38639 -68.91176 -82.52430       -66.95647 -46.55905  -0.86242 -45.38639 -68.91176 -82.52430      60.5896
52    -66.01724 -46.27158  -1.43737 -45.09891 -69.27605 -82.81177       -66.01724 -46.27158  -1.43737 -45.09891 -69.27605 -82.81177      59.3273
53    -65.07800 -45.98411  -2.01231 -44.81144 -69.64034 -83.09924       -65.07800 -45.98411  -2.01231 -44.81144 -69.64034 -83.09924      58.065
54    -64.13876 -45.69663  -2.58726 -44.52397 -70.00464 -83.38672       -64.13876 -45.69663  -2.58726 -44.52397 -70.00464 -83.38672      56.8028
55    -63.19952 -45.40916  -3.16221 -44.23649 -70.36893 -83.67419       -63.19952 -45.40916  -3.16221 -44.23649 -70.36893 -83.67419      55.5405
56    -62.26029 -45.12169  -3.73715 -43.94902 -70.73322 -83.96166       -62.26029 -45.12169  -3.73715 -43.94902 -70.73322 -83.96166      54.2782
57    -61.32105 -44.83421  -4.31210 -43.66155 -71.09751 -84.24914       -61.32105 -44.83421  -4.31210 -43.66155 -71.09751 -84.24914      53.0159
58    -60.38181 -44.54674  -4.88705 -43.37407 -71.46180 -84.53661       -60.38181 -44.54674  -4.88705 -43.37407 -71.46180 -84.53661      51.7536
59    -59.44258 -44.25927  -5.46199 -43.08660 -71.82609 -84.82408       -59.44258 -44.25927  -5.46199 -43.08660 -71.82609 -84.82408      50.4913
60    -58.50334 -43.97179  -6.03694 -42.79913 -72.19038 -85.11156       -58.50334 -43.97179  -6.03694 -42.79913 -72.19038 -85.11156      49.2291
61    -57.56410 -43.68432  -6.61189 -42.51165 -72.55467 -85.39903       -57.56410 -43.68432  -6.61189 -42.51165 -72.55467 -85.39903      47.9668
62    -56.62487 -43.39685  -7.18683 -42.22418 -72.91896 -85.68650       -56.62487 -43.39685  -7.18683 -42.22418 -72.91896 -85.68650      46.7045
63    -55.68563 -43.10937  -7.76178 -41.93671 -73.28325 -85.97398       -55.68563 -43.10937  -7.76178 -41.93671 -73.28325 -85.97398      45.4422
64    -54.74639 -42.82190  -8.33673 -41.64923 -73.64754 -86.26145       -54.74639 -42.82190  -8.33673 -41.64923 -73.64754 -86.26145      44.1799
65    -53.80715 -42.53443  -8.91167 -41.36176 -74.01183 -86.54892       -53.80715 -42.53443  -8.91167 -41.36176 -74.01183 -86.54892      42.9176
66    -52.86792 -42.24695  -9.48662 -41.07429 -74.37612 -86.83640       -52.86792 -42.24695  -9.48662 -41.07429 -74.37612 -86.83640      41.6554
67    -51.92868 -41.95948 -10.06157 -40.78681 -74.74041 -87.12387       -51.92868 -41.95948 -10.06157 -40.78681 -74.74041 -87.12387      40.3931
68    -50.98944 -41.67201 -10.63651 -40.49934 -75.10470 -87.41134       -50.98944 -41.67201 -10.63651 -40.49934 -75.10470 -87.41134      39.1308
69    -50.05021 -41.38453 -11.21146 -40.21187 -75.46899 -87.69882       -50.05021 -41.38453 -11.21146 -40.21187 -75.46899 -87.69882      37.8685
70    -49.11097 -41.09706 -11.78641 -39.92439 -75.83328 -87.98629       -49.11097 -41.09706 -11.78641 -39.92439 -75.83328 -87.98629      36.6062
71    -48.17173 -40.80959 -12.36135 -39.63692 -76.19757 -88.27376       -48.17173 -40.80959 -12.36135 -39.63692 -76.19757 -88.27376      35.3439
72    -47.23250 -40.52211 -12.93630 -39.34945 -76.56186 -88.56124       -47.23250 -40.52211 -12.93630 -39.34945 -76.56186 -88.56124      34.0817
73    -46.29326 -40.23464 -13.51125 -39.06197 -76.92615 -88.84871       -46.29326 -40.23464 -13.51125 -39.06197 -76.92615 -88.84871      32.8194
74    -45.35402 -39.94717 -14.08619 -38.77450 -77.29044 -89.13618       -45.35402 -39.94717 -14.08619 -38.77450 -77.29044 -89.13618      31.5571
75    -44.41478 -39.65969 -14.66114 -38.48703 -77.65473 -89.42366       -44.41478 -39.65969 -14.66114 -38.48703 -77.65473 -89.42366      30.2948
76    -43.47555 -39.37222 -15.23609 -38.19955 -78.01902 -89.71113       -43.47555 -39.37222 -15.23609 -38.19955 -78.01902 -89.71113      29.0325
77    -42.53631 -39.08475 -15.81103 -37.91208 -78.38331 -89.99860       -42.53631 -39.08475 -15.81103 -37.91208 -78.38331 -89.99860      27.7702
78    -41.59707 -38.79727 -16.38598 -37.62461 -78.74760 -90.28608       -41.59707 -38.79727 -16.38598 -37.62461 -78.74760 -90.28608      26.508
79    -40.65784 -38.50980 -16.96093 -37.33713 -79.11189 -90.57355       -40.65784 -38.50980 -16.96093 -37.33713 -79.11189 -90.57355      25.2457
80    -39.71860 -38.22233 -17.53587 -37.04966 -79.47618 -90.86102       -39.71860 -38.22233 -17.53587 -37.04966 -79.47618 -90.86102      23.9834
81    -38.77936 -37.93485 -18.11082 -36.76219 -79.84047 -91.14850       -38.77936 -37.93485 -18.11082 -36.76219 -79.84047 -91.14850      22.7211
82    -37.84012 -37.64738 -18.68577 -36.47471 -80.20477 -91.43597       -37.84012 -37.64738 -18.68577 -36.47471 -80.20477 -91.43597      21.4588
83    -36.90089 -37.35991 -19.26071 -36.18724 -80.56906 -91.72344       -36.90089 -37.35991 -19.26071 -36.18724 -80.56906 -91.72344      20.1965
84    -35.96165 -37.07243 -19.83566 -35.89977 -80.93335 -92.01092       -35.96165 -37.07243 -19.83566 -35.89977 -80.93335 -92.01092      18.9343
85    -35.02241 -36.78496 -20.41061 -35.61229 -81.29764 -92.29839       -35.02241 -36.78496 -20.41061 -35.61229 -81.29764 -92.29839      17.672
86    -34.08318 -36.49749 -20.98555 -35.32482 -81.66193 -92.58586       -34.08318 -36.49749 -20.98555 -35.32482 -81.66193 -92.58586      16.4097
87    -33.14394 -36.21001 -21.56050 -35.03735 -82.02622 -92.87334       -33.14394 -36.21001 -21.56050 -35.03735 -82.02622 -92.87334      15.1474
88    -32.20470 -35.92254 -22.13545 -34.74987 -82.39051 -93.16081       -32.20470 -35.92254 -22.13545 -34.74987 -82.39051 -93.16081      13.8851
89    -31.26547 -35.63507 -22.71039 -34.46240 -82.75480 -93.44828       -31.26547 -35.63507 -22.71039 -34.46240 -82.75480 -93.44828      12.6228
90    -30.32623 -35.34759 -23.28534 -34.17493 -83.11909 -93.73576       -30.32623 -35.34759 -23.28534 -34.17493 -83.11909 -93.73576      11.3606
91    -29.38699 -35.06012 -23.86029 -33.88745 -83.48338 -94.02323       -29.38699 -35.06012 -23.86029 -33.88745 -83.48338 -94.02323      10.0983
92    -28.44775 -34.77265 -24.43523 -33.59998 -83.84767 -94.31070       -28.44775 -34.77265 -24.43523 -33.59998 -83.84767 -94.31070      8.83599
93    -27.50852 -34.48517 -25.01018 -33.31251 -84.21196 -94.59818       -27.50852 -34.48517 -25.01018 -33.31251 -84.21196 -94.59818      7.5737
94    -26.56928 -34.19770 -25.58513 -33.02503 -84.57625 -94.88565       -26.56928 -34.19770 -25.58513 -33.02503 -84.57625 -94.88565      6.31142
95    -25.63004 -33.91023 -26.16007 -32.73756 -84.94054 -95.17312       -25.63004 -33.91023 -26.16007 -32.73756 -84.94054 -95.17312      5.04913
96    -24.69081 -33.62275 -26.73502 -32.45009 -85.30483 -95.46060       -24.69081 -33.62275 -26.73502 -32.45009 -85.30483 -95.46060      3.78685
97    -23.75157 -33.33528 -27.30997 -32.16261 -85.66912 -95.74807       -23.75157 -33.33528 -27.30997 -32.16261 -85.66912 -95.74807      2.52457
98    -22.81233 -33.04781 -27.88491 -31.87514 -86.03341 -96.03554       -22.81233 -33.04781 -27.88491 -31.87514 -86.03341 -96.03554      1.26228
99    -21.87310 -32.76033 -28.45986 -31.58767 -86.39770 -96.32302       -21.87310 -32.76033 -28.45986 -31.58767 -86.39770 -96.32302      0
