Fol_2018-02-06.15_21_36.6_.txt     Output is probe cell, reduced cell, NCDist distance between
0    -99.71847  12.04991 -70.43535 -74.93371  33.71558 -46.43624       -41.21813 -21.66567 -12.72065 -36.71976 -33.71558 -66.00289      2.84217e-14
1    -99.12756  11.70935 -69.85237 -74.54771  33.03446 -46.63388       -41.51325 -21.32511 -13.59942 -36.81791 -33.03446 -66.09310      1.20707
2    -98.53665  11.36879 -69.26939 -74.16171  32.35334 -46.83152       -41.80837 -20.98455 -14.47819 -36.91605 -32.35334 -66.18331      2.41413
3    -97.94574  11.02823 -68.68642 -73.77571  31.67222 -47.02917       -42.10350 -20.64399 -15.35695 -37.01420 -31.67222 -66.27352      3.6212
4    -97.35482  10.68767 -68.10344 -73.38971  30.99109 -47.22681       -42.39862 -20.30343 -16.23572 -37.11235 -30.99109 -66.36373      4.82826
5    -96.76391  10.34710 -67.52046 -73.00371  30.30997 -47.42445       -42.69374 -19.96287 -17.11448 -37.21049 -30.30997 -66.45394      6.03533
6    -96.17300  10.00654 -66.93749 -72.61771  29.62885 -47.62210       -42.98887 -19.62230 -17.99325 -37.30864 -29.62885 -66.54415      7.2424
7    -95.58208   9.66598 -66.35451 -72.23172  28.94772 -47.81974       -43.28399 -19.28174 -18.87202 -37.40679 -28.94772 -66.63436      8.44946
8    -94.99117   9.32542 -65.77153 -71.84572  28.26660 -48.01738       -43.57911 -18.94118 -19.75078 -37.50493 -28.26660 -66.72457      9.65653
9    -94.40026   8.98486 -65.18856 -71.45972  27.58548 -48.21503       -43.87424 -18.60062 -20.62955 -37.60308 -27.58548 -66.81478      10.8636
10    -93.80935   8.64430 -64.60558 -71.07372  26.90436 -48.41267       -44.16936 -18.26006 -21.50831 -37.70122 -26.90436 -66.90499      12.0707
11    -93.21843   8.30374 -64.02260 -70.68772  26.22323 -48.61031       -44.46448 -17.91950 -22.38708 -37.79937 -26.22323 -66.99520      13.2777
12    -92.62752   7.96317 -63.43963 -70.30172  25.54211 -48.80795       -44.75961 -17.57894 -23.26585 -37.89752 -25.54211 -67.08541      14.4848
13    -92.03661   7.62261 -62.85665 -69.91572  24.86099 -49.00560       -45.05473 -17.23837 -24.14461 -37.99566 -24.86099 -67.17562      15.6919
14    -91.44570   7.28205 -62.27367 -69.52972  24.17986 -49.20324       -45.34986 -16.89781 -25.02338 -38.09381 -24.17986 -67.26583      16.8989
15    -90.85478   6.94149 -61.69070 -69.14372  23.49874 -49.40088       -23.49874 -38.19196 -25.90214 -16.55725 -45.64498 -67.35604      18.106
16    -90.26387   6.60093 -61.10772 -68.75772  22.81762 -49.59853       -22.81762 -38.29010 -26.78091 -16.21669 -45.94010 -67.44625      19.3131
17    -89.67296   6.26037 -60.52474 -68.37172  22.13649 -49.79617       -22.13649 -38.38825 -27.65967 -15.87613 -46.23523 -67.53646      20.5201
18    -89.08205   5.91980 -59.94177 -67.98572  21.45537 -49.99381       -21.45537 -38.48639 -28.53844 -15.53557 -46.53035 -67.62667      21.7272
19    -88.49113   5.57924 -59.35879 -67.59972  20.77425 -50.19145       -20.77425 -38.58454 -29.41721 -15.19501 -46.82547 -67.71688      22.9343
20    -87.90022   5.23868 -58.77581 -67.21372  20.09313 -50.38910       -20.09313 -38.68269 -30.29597 -14.85444 -47.12060 -67.80710      24.1413
21    -87.30931   4.89812 -58.19284 -66.82772  19.41200 -50.58674       -19.41200 -38.78083 -31.17474 -14.51388 -47.41572 -67.89731      25.3484
22    -86.71840   4.55756 -57.60986 -66.44172  18.73088 -50.78438       -18.73088 -38.87898 -32.05350 -14.17332 -47.71084 -67.98752      26.5555
23    -86.12748   4.21700 -57.02688 -66.05572  18.04976 -50.98203       -18.04976 -38.97713 -32.93227 -13.83276 -48.00597 -68.07773      27.7625
24    -85.53657   3.87644 -56.44391 -65.66972  17.36863 -51.17967       -17.36863 -39.07527 -33.81104 -13.49220 -48.30109 -68.16794      28.9696
25    -84.94566   3.53587 -55.86093 -65.28372  16.68751 -51.37731       -16.68751 -39.17342 -34.68980 -13.15164 -48.59621 -68.25815      30.1767
26    -84.35475   3.19531 -55.27795 -64.89772  16.00639 -51.57496       -16.00639 -39.27156 -35.56857 -12.81108 -48.89134 -68.34836      31.3837
27    -83.76383   2.85475 -54.69498 -64.51173  15.32527 -51.77260       -15.32527 -39.36971 -36.44733 -12.47051 -49.18646 -68.43857      32.5908
28    -83.17292   2.51419 -54.11200 -64.12573  14.64414 -51.97024       -14.64414 -39.46786 -37.32610 -12.12995 -49.48158 -68.52878      33.7978
29    -82.58201   2.17363 -53.52902 -63.73973  13.96302 -52.16788       -13.96302 -39.56600 -38.20486 -11.78939 -49.77671 -68.61899      35.0049
30    -81.99110   1.83307 -52.94605 -63.35373  13.28190 -52.36553       -13.28190 -39.66415 -39.08363 -11.44883 -50.07183 -68.70920      36.212
31    -81.40018   1.49251 -52.36307 -62.96773  12.60077 -52.56317       -12.60077 -39.76230 -39.96240 -11.10827 -50.36695 -68.79941      37.419
32    -80.80927   1.15194 -51.78009 -62.58173  11.91965 -52.76081       -11.91965 -39.86044 -40.84116 -10.76771 -50.66208 -68.88962      38.6261
33    -80.21836   0.81138 -51.19712 -62.19573  11.23853 -52.95846       -11.23853 -39.95859 -41.71993 -10.42714 -50.95720 -68.97983      39.8332
34    -79.62745   0.47082 -50.61414 -61.80973  10.55741 -53.15610       -10.55741 -40.05673 -42.59869 -10.08658 -51.25232 -69.07004      41.0402
35    -79.03653   0.13026 -50.03116 -61.42373   9.87628 -53.35374        -9.87628 -40.15488 -43.47746  -9.74602 -51.54745 -69.16025      42.2473
36    -78.44562  -0.21030 -49.44819 -61.03773   9.19516 -53.55138        -9.19516 -40.25303 -44.35623  -9.40546 -51.84257 -69.25046      43.4544
37    -77.85471  -0.55086 -48.86521 -60.65173   8.51404 -53.74903        -8.51404 -40.35117 -45.23499  -9.06490 -52.13769 -69.34067      44.6614
38    -77.26379  -0.89142 -48.28223 -60.26573   7.83291 -53.94667        -7.83291 -40.44932 -46.11376  -8.72434 -52.43282 -69.43088      45.8685
39    -76.67288  -1.23199 -47.69926 -59.87973   7.15179 -54.14431        -7.15179 -40.54747 -46.99252  -8.38378 -52.72794 -69.52109      47.0756
40    -76.08197  -1.57255 -47.11628 -59.49373   6.47067 -54.34196        -6.47067 -40.64561 -47.87129  -8.04321 -53.02306 -69.61130      48.2826
41    -75.49106  -1.91311 -46.53330 -59.10773   5.78954 -54.53960        -5.78954 -40.74376 -48.75005  -7.70265 -53.31819 -69.70151      49.4897
42    -74.90014  -2.25367 -45.95033 -58.72173   5.10842 -54.73724        -5.10842 -40.84190 -49.62882  -7.36209 -53.61331 -69.79172      50.6968
43    -74.30923  -2.59423 -45.36735 -58.33573   4.42730 -54.93488        -4.42730 -40.94005 -50.50759  -7.02153 -53.90843 -69.88193      51.9038
44    -73.71832  -2.93479 -44.78437 -57.94973   3.74618 -55.13253        -3.74618 -41.03820 -51.38635  -6.68097 -54.20356 -69.97214      53.1109
45    -73.12741  -3.27535 -44.20140 -57.56373   3.06505 -55.33017        -3.06505 -41.13634 -52.26512  -6.34041 -54.49868 -70.06235      54.318
46    -72.53649  -3.61592 -43.61842 -57.17774   2.38393 -55.52781        -2.38393 -41.23449 -53.14388  -5.99985 -54.79380 -70.15256      55.0578
47    -71.94558  -3.95648 -43.03544 -56.79174   1.70281 -55.72546        -1.70281 -41.33264 -54.02265  -5.65928 -55.08893 -70.24277      55.6766
48    -71.35467  -4.29704 -42.45247 -56.40574   1.02168 -55.92310        -1.02168 -41.43078 -54.90142  -5.31872 -55.38405 -70.33298      56.3144
49    -70.76376  -4.63760 -41.86949 -56.01974   0.34056 -56.12074        -0.34056 -41.52893 -55.78018  -4.97816 -55.67918 -70.42319      56.9707
50    -70.17284  -4.97816 -41.28651 -55.63374  -0.34056 -56.31839        -0.34056 -55.63374 -41.28651  -4.97816 -70.17284 -56.31839      56.9468
51    -69.58193  -5.31872 -40.70354 -55.24774  -1.02168 -56.51603        -1.02168 -55.24774 -40.70354  -5.31872 -69.58193 -56.51603      56.3046
52    -68.99102  -5.65928 -40.12056 -54.86174  -1.70281 -56.71367        -1.70281 -54.86174 -40.12056  -5.65928 -68.99102 -56.71367      55.6812
53    -68.40011  -5.99985 -39.53758 -54.47574  -2.38393 -56.91131        -2.38393 -54.47574 -39.53758  -5.99985 -68.40011 -56.91131      55.0772
54    -67.80919  -6.34041 -38.95461 -54.08974  -3.06505 -57.10896        -3.06505 -54.08974 -38.95461  -6.34041 -67.80919 -57.10896      54.318
55    -67.21828  -6.68097 -38.37163 -53.70374  -3.74618 -57.30660        -3.74618 -53.70374 -38.37163  -6.68097 -67.21828 -57.30660      53.1109
56    -66.62737  -7.02153 -37.78865 -53.31774  -4.42730 -57.50424        -4.42730 -53.31774 -37.78865  -7.02153 -66.62737 -57.50424      51.9038
57    -66.03646  -7.36209 -37.20568 -52.93174  -5.10842 -57.70189        -5.10842 -52.93174 -37.20568  -7.36209 -66.03646 -57.70189      50.6968
58    -65.44554  -7.70265 -36.62270 -52.54574  -5.78954 -57.89953        -5.78954 -52.54574 -36.62270  -7.70265 -65.44554 -57.89953      49.4897
59    -64.85463  -8.04321 -36.03972 -52.15974  -6.47067 -58.09717        -6.47067 -52.15974 -36.03972  -8.04321 -64.85463 -58.09717      48.2826
60    -64.26372  -8.38378 -35.45675 -51.77374  -7.15179 -58.29481        -7.15179 -51.77374 -35.45675  -8.38378 -64.26372 -58.29481      47.0756
61    -63.67281  -8.72434 -34.87377 -51.38774  -7.83291 -58.49246        -7.83291 -51.38774 -34.87377  -8.72434 -63.67281 -58.49246      45.8685
62    -63.08189  -9.06490 -34.29079 -51.00174  -8.51404 -58.69010        -8.51404 -51.00174 -34.29079  -9.06490 -63.08189 -58.69010      44.6614
63    -62.49098  -9.40546 -33.70782 -50.61574  -9.19516 -58.88774        -9.19516 -50.61574 -33.70782  -9.40546 -62.49098 -58.88774      43.4544
64    -61.90007  -9.74602 -33.12484 -50.22974  -9.87628 -59.08539        -9.87628 -50.22974 -33.12484  -9.74602 -61.90007 -59.08539      42.2473
65    -61.30916 -10.08658 -32.54186 -49.84374 -10.55741 -59.28303       -10.55741 -49.84374 -32.54186 -10.08658 -61.30916 -59.28303      41.0402
66    -60.71824 -10.42714 -31.95889 -49.45775 -11.23853 -59.48067       -11.23853 -49.45775 -31.95889 -10.42714 -60.71824 -59.48067      39.8332
67    -60.12733 -10.76771 -31.37591 -49.07175 -11.91965 -59.67832       -11.91965 -49.07175 -31.37591 -10.76771 -60.12733 -59.67832      38.6261
68    -59.53642 -11.10827 -30.79293 -48.68575 -12.60077 -59.87596       -12.60077 -48.68575 -30.79293 -11.10827 -59.53642 -59.87596      37.419
69    -58.94550 -11.44883 -30.20996 -48.29975 -13.28190 -60.07360       -13.28190 -48.29975 -30.20996 -11.44883 -58.94550 -60.07360      36.212
70    -58.35459 -11.78939 -29.62698 -47.91375 -13.96302 -60.27124       -13.96302 -47.91375 -29.62698 -11.78939 -58.35459 -60.27124      35.0049
71    -57.76368 -12.12995 -29.04400 -47.52775 -14.64414 -60.46889       -14.64414 -47.52775 -29.04400 -12.12995 -57.76368 -60.46889      33.7978
72    -57.17277 -12.47051 -28.46103 -47.14175 -15.32527 -60.66653       -15.32527 -47.14175 -28.46103 -12.47051 -57.17277 -60.66653      32.5908
73    -56.58185 -12.81108 -27.87805 -46.75575 -16.00639 -60.86417       -16.00639 -46.75575 -27.87805 -12.81108 -56.58185 -60.86417      31.3837
74    -55.99094 -13.15164 -27.29507 -46.36975 -16.68751 -61.06182       -16.68751 -46.36975 -27.29507 -13.15164 -55.99094 -61.06182      30.1767
75    -55.40003 -13.49220 -26.71210 -45.98375 -17.36863 -61.25946       -17.36863 -45.98375 -26.71210 -13.49220 -55.40003 -61.25946      28.9696
76    -54.80912 -13.83276 -26.12912 -45.59775 -18.04976 -61.45710       -18.04976 -45.59775 -26.12912 -13.83276 -54.80912 -61.45710      27.7625
77    -54.21820 -14.17332 -25.54614 -45.21175 -18.73088 -61.65474       -18.73088 -45.21175 -25.54614 -14.17332 -54.21820 -61.65474      26.5555
78    -53.62729 -14.51388 -24.96317 -44.82575 -19.41200 -61.85239       -19.41200 -44.82575 -24.96317 -14.51388 -53.62729 -61.85239      25.3484
79    -53.03638 -14.85444 -24.38019 -44.43975 -20.09313 -62.05003       -20.09313 -44.43975 -24.38019 -14.85444 -53.03638 -62.05003      24.1413
80    -52.44547 -15.19501 -23.79721 -44.05375 -20.77425 -62.24767       -20.77425 -44.05375 -23.79721 -15.19501 -52.44547 -62.24767      22.9343
81    -51.85455 -15.53557 -23.21424 -43.66775 -21.45537 -62.44532       -21.45537 -43.66775 -23.21424 -15.53557 -51.85455 -62.44532      21.7272
82    -51.26364 -15.87613 -22.63126 -43.28175 -22.13649 -62.64296       -22.13649 -43.28175 -22.63126 -15.87613 -51.26364 -62.64296      20.5201
83    -50.67273 -16.21669 -22.04828 -42.89575 -22.81762 -62.84060       -22.81762 -42.89575 -22.04828 -16.21669 -50.67273 -62.84060      19.3131
84    -50.08182 -16.55725 -21.46531 -42.50975 -23.49874 -63.03824       -23.49874 -42.50975 -21.46531 -16.55725 -50.08182 -63.03824      18.106
85    -49.49090 -16.89781 -20.88233 -42.12376 -24.17986 -63.23589       -24.17986 -42.12376 -20.88233 -16.89781 -49.49090 -63.23589      16.8989
86    -48.89999 -17.23837 -20.29935 -41.73776 -24.86099 -63.43353       -48.89999 -17.23837 -20.29935 -41.73776 -24.86099 -63.43353      15.6919
87    -48.30908 -17.57894 -19.71638 -41.35176 -25.54211 -63.63117       -48.30908 -17.57894 -19.71638 -41.35176 -25.54211 -63.63117      14.4848
88    -47.71817 -17.91950 -19.13340 -40.96576 -26.22323 -63.82882       -47.71817 -17.91950 -19.13340 -40.96576 -26.22323 -63.82882      13.2777
89    -47.12725 -18.26006 -18.55042 -40.57976 -26.90436 -64.02646       -47.12725 -18.26006 -18.55042 -40.57976 -26.90436 -64.02646      12.0707
90    -46.53634 -18.60062 -17.96745 -40.19376 -27.58548 -64.22410       -46.53634 -18.60062 -17.96745 -40.19376 -27.58548 -64.22410      10.8636
91    -45.94543 -18.94118 -17.38447 -39.80776 -28.26660 -64.42175       -45.94543 -18.94118 -17.38447 -39.80776 -28.26660 -64.42175      9.65653
92    -45.35452 -19.28174 -16.80149 -39.42176 -28.94772 -64.61939       -45.35452 -19.28174 -16.80149 -39.42176 -28.94772 -64.61939      8.44946
93    -44.76360 -19.62230 -16.21852 -39.03576 -29.62885 -64.81703       -44.76360 -19.62230 -16.21852 -39.03576 -29.62885 -64.81703      7.2424
94    -44.17269 -19.96287 -15.63554 -38.64976 -30.30997 -65.01467       -44.17269 -19.96287 -15.63554 -38.64976 -30.30997 -65.01467      6.03533
95    -43.58178 -20.30343 -15.05256 -38.26376 -30.99109 -65.21232       -43.58178 -20.30343 -15.05256 -38.26376 -30.99109 -65.21232      4.82826
96    -42.99086 -20.64399 -14.46959 -37.87776 -31.67222 -65.40996       -42.99086 -20.64399 -14.46959 -37.87776 -31.67222 -65.40996      3.6212
97    -42.39995 -20.98455 -13.88661 -37.49176 -32.35334 -65.60760       -42.39995 -20.98455 -13.88661 -37.49176 -32.35334 -65.60760      2.41413
98    -41.80904 -21.32511 -13.30363 -37.10576 -33.03446 -65.80525       -41.80904 -21.32511 -13.30363 -37.10576 -33.03446 -65.80525      1.20707
99    -41.21813 -21.66567 -12.72065 -36.71976 -33.71558 -66.00289       -41.21813 -21.66567 -12.72065 -36.71976 -33.71558 -66.00289      0
