Fol_2018-02-06.14_47_04.90_.txt     Output is probe cell, reduced cell, NCDist distance between
0    -77.14783  13.19415 -127.16731 -97.30654  36.34205 -43.86903       -23.14791 -60.96449  -7.52698 -36.34205 -90.82526 -40.80578      7.10543e-14
1    -76.05871  13.13690 -125.43967 -97.90172  34.13287 -45.03906       -20.99597 -63.76885 -10.90618 -34.13287 -91.30680 -41.92584      5.50283
2    -74.96959  13.07966 -123.71203 -98.49690  31.92370 -46.20909       -18.84404 -66.57321 -14.28539 -31.92370 -91.78834 -43.04590      11.0057
3    -73.88047  13.02241 -121.98439 -99.09209  29.71452 -47.37912       -16.69210 -69.37757 -17.66460 -29.71452 -92.26987 -44.16596      16.5085
4    -72.79136  12.96517 -120.25675 -99.68727  27.50534 -48.54915       -14.54017 -72.18193 -21.04381 -27.50534 -92.75141 -45.28602      20.9774    *****
5    -71.70224  12.90793 -118.52911 -100.28245  25.29616 -49.71918       -12.38823 -74.98629 -24.42302 -25.29616 -93.23295 -46.40608      23.8642
6    -70.61312  12.85068 -116.80147 -100.87763  23.08698 -50.88921       -10.23630 -77.79065 -27.80223 -23.08698 -93.71449 -47.52614      27.5592
7    -69.52400  12.79344 -115.07383 -101.47281  20.87780 -52.05924        -8.08436 -80.59501 -31.18144 -20.87780 -94.19603 -48.64620      31.7818
8    -68.43488  12.73619 -113.34619 -102.06799  18.66862 -53.22927       -83.39937  -5.93243 -34.56064 -94.67757 -18.66862 -49.76626      36.3486
9    -67.34576  12.67895 -111.61855 -102.66318  16.45945 -54.39930       -86.20373  -3.78050 -37.93985 -95.15911 -16.45945 -50.88632      41.1451
10    -66.25665  12.62171 -109.89091 -103.25836  14.25027 -55.56933       -89.00809 -41.31906  -1.62856 -95.64065 -52.00638 -14.25027      46.0997
11    -65.16753  12.56446 -108.16327 -103.85354  12.04109 -56.73936        -0.52337 -52.60307 -44.17490 -12.56446 -95.59881 -91.28908      50.1129
12    -64.07841  12.50722 -106.43563 -104.44872   9.83191 -57.90939        -2.67531 -51.57119 -45.40217 -12.50722 -93.92842 -91.94150      51.0027
13    -62.98929  12.44997 -104.70799 -105.04390   7.62273 -59.07942        -4.82724 -50.53932 -46.62945 -12.44997 -92.25802 -92.59393      52.0778
14    -61.90017  12.39273 -102.98035 -105.63908   5.41355 -60.24945        -6.97918 -49.50744 -47.85672 -12.39273 -90.58762 -93.24636      52.2354
15    -60.81105  12.33548 -101.25271 -106.23427   3.20437 -61.41948        -9.13111 -48.47557 -49.08399 -12.33548 -88.91723 -93.89878      51.7948
16    -59.72194  12.27824 -99.52507 -106.82945   0.99520 -62.58951       -11.28304 -47.44370 -50.31127 -12.27824 -87.24683 -94.55121      51.5529
17    -58.63282  12.22100 -97.79743 -107.42463  -1.21398 -63.75954       -13.43498 -46.41182 -51.53854 -12.22100 -85.57644 -95.20363      51.5127
18    -57.54370  12.16375 -96.06979 -108.01981  -3.42316 -64.92957       -15.58691 -45.37995 -52.76582 -12.16375 -83.90604 -95.85606      51.6744
19    -56.45458  12.10651 -94.34215 -108.61499  -5.63234 -66.09960       -17.73885 -44.34807 -53.99309 -12.10651 -82.23565 -96.50848      52.0363
20    -55.36546  12.04926 -92.61451 -109.21017  -7.84152 -67.26963       -19.89078 -43.31620 -55.22036 -12.04926 -80.56525 -97.16091      52.5942
21    -54.27634  11.99202 -90.88688 -109.80536 -10.05070 -68.43966       -22.04272 -42.28433 -56.44764 -11.99202 -78.89486 -97.81334      53.342
22    -53.18723  11.93478 -89.15924 -110.40054 -12.25988 -69.60969       -24.19465 -41.25245 -57.67491 -11.93478 -77.22446 -98.46576      54.2718
23    -52.09811  11.87753 -87.43160 -110.99572 -14.46905 -70.77972       -26.34659 -40.22058 -58.90219 -11.87753 -75.55406 -99.11819      54.3883
24    -51.00899  11.82029 -85.70396 -111.59090 -16.67823 -71.94975       -28.49852 -39.18870 -60.12946 -11.82029 -73.88367 -99.77061      52.9837
25    -49.91987  11.76304 -83.97632 -112.18608 -18.88741 -73.11978       -30.65045 -38.15683 -61.35674 -11.76304 -72.21327 -100.42304      51.2255
26    -48.83075  11.70580 -82.24868 -112.78126 -21.09659 -74.28981       -32.80239 -37.12495 -62.58401 -11.70580 -70.54288 -101.07546      49.3569
27    -47.74164  11.64855 -80.52104 -113.37645 -23.30577 -75.45984       -34.95432 -36.09308 -63.81128 -11.64855 -68.87248 -101.72789      47.634
28    -46.65252  11.59131 -78.79340 -113.97163 -25.51495 -76.62987       -37.10626 -35.06121 -65.03856 -11.59131 -67.20209 -102.38032      46.0731
29    -45.56340  11.53407 -77.06576 -114.56681 -27.72412 -77.79990       -39.25819 -34.02933 -66.26583 -11.53407 -65.53169 -103.03274      44.6913
30    -44.47428  11.47682 -75.33812 -115.16199 -29.93330 -78.96993       -41.41013 -32.99746 -67.49311 -11.47682 -63.86129 -103.68517      43.5056
31    -43.38516  11.41958 -73.61048 -115.75717 -32.14248 -80.13996       -62.19090 -11.41958 -68.72038 -31.96558 -43.56206 -104.33759      42.5323
32    -42.29604  11.36233 -71.88284 -116.35235 -34.35166 -81.30999       -60.52050 -11.36233 -69.94765 -30.93371 -45.71399 -104.99002      41.7864
33    -41.20693  11.30509 -70.15520 -116.94754 -36.56084 -82.48002       -58.85011 -71.17493 -11.30509 -29.90184 -105.64245 -47.86593      41.2801
34    -40.11781  11.24785 -68.42756 -117.54272 -38.77002 -83.65005       -57.17971 -72.40220 -11.24785 -28.86996 -106.29487 -50.01786      41.0224
35    -39.02869  11.19060 -66.69992 -118.13790 -40.97920 -84.82008       -55.50932 -73.62948 -11.19060 -27.83809 -106.94730 -52.16980      41.0178
36    -37.93957  11.13336 -64.97228 -118.73308 -43.18837 -85.99011       -53.83892 -74.85675 -11.13336 -26.80621 -107.59972 -54.32173      41.2666
37    -36.85045  11.07611 -63.24464 -119.32826 -45.39755 -87.16014       -52.16853 -76.08403 -11.07611 -25.77434 -108.25215 -56.47367      41.7642
38    -35.76133  11.01887 -61.51700 -119.92344 -47.60673 -88.33017       -50.49813 -77.31130 -11.01887 -24.74246 -108.90457 -58.62560      42.5018
39    -34.67222  10.96163 -59.78936 -120.51863 -49.81591 -89.50020       -48.82773 -78.53857 -10.96163 -23.71059 -109.55700 -60.77754      43.4673
40    -33.58310  10.90438 -58.06172 -121.11381 -52.02509 -90.67023       -47.15734 -79.76585 -10.90438 -22.67872 -110.20943 -62.92947      44.6457
41    -32.49398  10.84714 -56.33408 -121.70899 -54.23427 -91.84026       -45.48694 -80.99312 -10.84714 -21.64684 -110.86185 -65.08140      46.0209
42    -31.40486  10.78989 -54.60644 -122.30417 -56.44345 -93.01029       -43.81655 -82.22040 -10.78989 -20.61497 -111.51428 -67.23334      47.5757
43    -30.31574  10.73265 -52.87880 -122.89935 -58.65262 -94.18032       -42.14615 -83.44767 -10.73265 -19.58309 -112.16670 -69.38527      49.2931
44    -29.22662  10.67540 -51.15116 -123.49453 -60.86180 -95.35035       -40.47576 -84.67494 -10.67540 -18.55122 -112.81913 -71.53721      51.1568
45    -28.13751  10.61816 -49.42352 -124.08971 -63.07098 -96.52038       -38.80536 -85.90222 -10.61816 -17.51935 -113.47155 -73.68914      53.1514
46    -27.04839  10.56092 -47.69588 -124.68490 -65.28016 -97.69041       -37.13496 -87.12949 -10.56092 -16.48747 -114.12398 -75.84108      55.2626
47    -25.95927  10.50367 -45.96824 -125.28008 -67.48934 -98.86044       -35.46457 -88.35677 -10.50367 -15.45560 -114.77641 -77.99301      57.4777
48    -24.87015  10.44643 -44.24060 -125.87526 -69.69852 -100.03047       -33.79417 -89.58404 -10.44643 -14.42372 -115.42883 -80.14494      59.7851
49    -23.78103  10.38918 -42.51296 -126.47044 -71.90770 -101.20050       -32.12378 -90.81132 -10.38918 -13.39185 -116.08126 -82.29688      62.1746
50    -22.69191  10.33194 -40.78532 -127.06562 -74.11687 -102.37053       -30.45338 -92.03859 -10.33194 -12.35997 -116.73368 -84.44881      64.637
51    -21.60280  10.27470 -39.05768 -127.66080 -76.32605 -103.54056       -28.78299 -93.26586 -10.27470 -11.32810 -117.38611 -86.60075      67.1643
52    -20.51368  10.21745 -37.33004 -128.25599 -78.53523 -104.71059       -27.11259 -94.49314 -10.21745 -10.29623 -118.03854 -88.75268      69.7494
53    -19.42456  10.16021 -35.60240 -128.85117 -80.74441 -105.88062       -25.44219 -95.72041 -10.16021  -9.26435 -118.69096 -90.90462      72.3862
54    -18.33544  10.10296 -33.87476 -129.44635 -82.95359 -107.05065       -23.77180 -96.94769 -10.10296  -8.23248 -119.34339 -93.05655      75.0692
55    -17.24632  10.04572 -32.14712 -130.04153 -85.16277 -108.22068       -22.10140 -98.17496 -10.04572  -7.20060 -119.99581 -95.20849      77.7937
56    -16.15720   9.98847 -30.41948 -130.63671 -87.37194 -109.39071       -20.43101 -99.40223  -9.98847  -6.16873 -120.64824 -97.36042      80.5554
57    -15.06809   9.93123 -28.69184 -131.23189 -89.58112 -110.56074       -18.76061 -100.62951  -9.93123  -5.13686 -121.30066 -99.51235      83.3506
58    -13.97897   9.87399 -26.96420 -131.82708 -91.79030 -111.73077       -17.09022 -101.85678  -9.87399  -4.10498 -121.95309 -101.66429      86.1761
59    -12.88985   9.81674 -25.23656 -132.42226 -93.99948 -112.90080       -15.41982 -103.08406  -9.81674  -3.07311 -122.60552 -103.81622      89.0289
60    -11.80073   9.75950 -23.50892 -133.01744 -96.20866 -114.07083       -13.74943 -104.31133  -9.75950  -2.04123 -123.25794 -105.96816      91.9066
61    -10.71161   9.70225 -21.78128 -133.61262 -98.41784 -115.24086       -12.07903 -105.53860  -9.70225  -1.00936 -123.91037 -108.12009      94.8069
62     -9.62249   9.64501 -20.05364 -134.20780 -100.62702 -116.41089       -110.24951  -0.02251  -9.62249 -106.74336 -10.43115 -124.54028      97.69
63     -8.53338   9.58777 -18.32600 -134.80298 -102.83619 -117.58092       -111.36957  -1.05439  -8.53338 -106.93876  -9.79263 -124.16083      98.9041
64     -7.44426   9.53052 -16.59836 -135.39817 -105.04537 -118.75095       -112.48963  -2.08626  -7.44426 -107.13416  -9.15411 -123.78138      100.144
65     -6.35514   9.47328 -14.87072 -135.99335 -107.25455 -119.92098        -8.51558 -107.32956  -6.35514  -3.11814 -113.60969 -123.40193      101.41
66     -5.26602   9.41603 -13.14308 -136.58853 -109.46373 -121.09101        -7.87706 -107.52496  -5.26602  -4.15001 -114.72975 -123.02248      102.7
67     -4.17690   9.35879 -11.41544 -137.18371 -111.67291 -122.26104        -7.23854 -107.72036  -4.17690  -5.18189 -115.84981 -122.64304      103.613
68     -3.08779   9.30154  -9.68780 -137.77889 -113.88209 -123.43107        -6.60002 -107.91576  -3.08779  -6.21376 -116.96987 -122.26359      103.56
69     -1.99867   9.24430  -7.96017 -138.37407 -116.09127 -124.60110        -5.96150 -108.11116  -1.99867  -7.24563 -118.08993 -121.88414      103.485
70     -0.90955   9.18706  -6.23253 -138.96926 -118.30044 -125.77113        -5.32298 -108.30656  -0.90955  -8.27751 -119.20999 -121.50469      103.292
71      0.17957   9.12981  -4.50489 -139.56444 -120.50962 -126.94116        -4.50489  -9.12981  -0.17957 -108.32239 -120.15048 -121.30481      102.334
72      1.26869   9.07257  -2.77725 -140.15962 -122.71880 -128.11119        -2.77725  -9.07257  -1.26869 -107.42868 -120.18143 -122.01448      101.764
73      2.35781   9.01532  -1.04961 -140.75480 -124.92798 -129.28122        -1.04961  -9.01532  -2.35781 -106.53496 -120.21237 -122.72415      101.246
74      3.44692   8.95808   0.67803 -141.34998 -127.13716 -130.45125       -122.75579  -2.76889  -0.67803 -119.56528  -8.28005 -106.31927      100.701
75      4.53604   8.90084   2.40567 -141.94516 -129.34634 -131.62128       -121.73782  -2.13037  -2.40567 -117.86858  -6.49516 -107.15319      100.348
76      5.62516   8.84359   4.13331 -142.54035 -131.55552 -132.79131        -4.71028 -116.17188  -4.13331  -1.49185 -120.71985 -107.98712      100.104
77      6.71428   8.78635   5.86095 -143.13553 -133.76469 -133.96134        -2.92539 -114.47518  -5.86095  -0.85333 -119.70188 -108.82104      99.9725
78      7.80340   8.72910   7.58859 -143.73071 -135.97387 -135.13137        -1.14051 -112.77848  -7.58859  -0.21480 -118.68391 -109.65496      99.9525
79      8.89252   8.67186   9.31623 -144.32589 -138.18305 -136.30140        -0.64437 -109.84451  -8.67186  -0.22066 -117.02157 -110.43741      98.6739
80      9.98163   8.61462  11.04387 -144.92107 -140.39223 -137.47143        -2.42926 -108.89354  -8.61462  -1.36702 -114.21871 -106.95583      94.2018    *****
81     11.07075   8.55737  12.77151 -145.51625 -142.60141 -138.64146        -4.21414 -107.94258  -8.55737  -2.51338 -111.41586 -103.47425      89.7896
82     12.15987   8.50013  14.49915 -146.11144 -144.81059 -139.81149       -108.61300  -3.65974  -8.50013 -106.99162  -5.99903 -99.99267      85.4468
83     13.24899   8.44288  16.22679 -146.70662 -147.01976 -140.98152       -105.81015  -4.80611  -8.44288 -106.04066  -7.78391 -96.51109      80.6136
84     14.33811   8.38564  17.95443 -147.30180 -149.22894 -142.15155       -103.00730  -5.95247  -8.38564 -105.08970  -9.56879 -93.02950      75.5752
85     15.42723   8.32839  19.68207 -147.89698 -151.43812 -143.32158       -100.20444  -7.09883  -8.32839 -104.13873 -11.35368 -89.54792      70.5369
86     16.51634   8.27115  21.40971 -148.49216 -153.64730 -144.49161        -8.24519 -97.40159  -8.27115 -13.13856 -103.18777 -86.06634      65.4985
87     17.60546   8.21391  23.13735 -149.08734 -155.85648 -145.66164        -9.39156 -94.59874  -8.21391 -14.92344 -102.23681 -82.58476      60.4602
88     18.69458   8.15666  24.86499 -149.68252 -158.06566 -146.83167       -10.53792 -91.79588  -8.15666 -16.70833 -101.28585 -79.10318      55.4218
89     19.78370   8.09942  26.59263 -150.27771 -160.27484 -148.00170       -11.68428 -88.99303  -8.09942 -18.49321 -100.33488 -75.62159      50.3835
90     20.87282   8.04217  28.32027 -150.87289 -162.48401 -149.17173       -12.83064 -86.19017  -8.04217 -20.27810 -99.38392 -72.14001      45.3451
91     21.96194   7.98493  30.04791 -151.46807 -164.69319 -150.34176       -13.97701 -83.38732  -7.98493 -22.06298 -98.43296 -68.65843      40.3068
92     23.05105   7.92769  31.77555 -152.06325 -166.90237 -151.51179       -15.12337 -80.58447  -7.92769 -23.84786 -97.48200 -65.17685      35.2684
93     24.14017   7.87044  33.50319 -152.65843 -169.11155 -152.68182       -16.26973 -77.78161  -7.87044 -25.63275 -96.53103 -61.69527      30.2301
94     25.22929   7.81320  35.23083 -153.25361 -171.32073 -153.85185       -17.41609 -74.97876  -7.81320 -27.41763 -95.58007 -58.21369      25.1917
95     26.31841   7.75595  36.95847 -153.84880 -173.52991 -155.02188       -18.56246 -72.17590  -7.75595 -29.20252 -94.62911 -54.73210      20.1534
96     27.40753   7.69871  38.68611 -154.44398 -175.73909 -156.19191       -19.70882 -69.37305  -7.69871 -30.98740 -93.67815 -51.25052      15.115
97     28.49665   7.64146  40.41375 -155.03916 -177.94826 -157.36194       -20.85518 -66.57020  -7.64146 -32.77228 -92.72718 -47.76894      10.0767
98     29.58576   7.58422  42.14139 -155.63434 -180.15744 -158.53197       -22.00154 -63.76734  -7.58422 -34.55717 -91.77622 -44.28736      5.03835
99     30.67488   7.52698  43.86903 -156.22952 -182.36662 -159.70200       -23.14791 -60.96449  -7.52698 -36.34205 -90.82526 -40.80578      0
