Fol_2018-02-12.11_43_32.13_.txt     Output is probe cell, reduced cell, NCDist distance between
0    4374.71120 1446.71056 887.39834 -2674.42709 -8024.13328 -13130.47434       -243.81458 -12.23206 -121.32417 -206.76196 -80.53911 -286.40206      4.51753e-12
1    4332.56122 1433.44637 879.66022 -2653.42478 -7950.84774 -13006.28689       -244.74618 -14.44412 -126.85023 -199.02384 -88.31493 -293.91941      14.5997
2    4290.41124 1420.18219 871.92210 -2632.42247 -7877.56221 -12882.09945       -245.67778 -16.65618 -132.37629 -191.28572 -96.09076 -301.43677      29.1994
3    4248.26126 1406.91800 864.18397 -2611.42017 -7804.27667 -12757.91200       -246.60938 -18.86824 -137.90236 -183.54759 -103.86658 -308.95413      43.7991
4    4206.11128 1393.65382 856.44585 -2590.41786 -7730.99114 -12633.72455       -247.54098 -21.08030 -143.42842 -175.80947 -111.64241 -316.47149      58.3988
5    4163.96130 1380.38963 848.70773 -2569.41555 -7657.70560 -12509.53710       -248.47259 -23.29236 -148.95448 -168.07135 -119.41823 -323.98884      72.9985
6    4121.81132 1367.12545 840.96961 -2548.41324 -7584.42007 -12385.34965       -249.40419 -25.50442 -154.48054 -160.33322 -127.19406 -331.50620      87.5982
7    4079.66134 1353.86126 833.23148 -2527.41093 -7511.13453 -12261.16220       -250.33579 -27.71649 -160.00660 -152.59510 -134.96988 -339.02356      102.198
8    4037.51136 1340.59707 825.49336 -2506.40863 -7437.84900 -12136.97475       -251.26739 -29.92855 -165.53267 -144.85698 -142.74570 -346.54092      107.578
9    3995.36138 1327.33289 817.75524 -2485.40632 -7364.56346 -12012.78730       -252.19899 -32.14061 -171.05873 -137.11885 -150.52153 -354.05827      114.185
10    3953.21141 1314.06870 810.01711 -2464.40401 -7291.27793 -11888.59985       -253.13060 -34.35267 -176.58479 -129.38073 -158.29735 -361.57563      122.188
11    3911.06143 1300.80452 802.27899 -2443.40170 -7217.99239 -11764.41241       -166.07318 -121.64261 -182.11085 -36.56473 -254.06220 -369.09299      131.331
12    3868.91145 1287.54033 794.54087 -2422.39939 -7144.70686 -11640.22496       -173.84900 -113.90449 -187.63692 -38.77679 -254.99380 -376.61034      141.393
13    3826.76147 1274.27615 786.80275 -2401.39709 -7071.42132 -11516.03751       -181.62483 -106.16636 -193.16298 -40.98885 -255.92540 -384.12770      152.192
14    3784.61149 1261.01196 779.06462 -2380.39478 -6998.13579 -11391.85006       -189.40065 -98.42824 -198.68904 -43.20091 -256.85700 -391.64506      163.583
15    3742.46151 1247.74778 771.32650 -2359.39247 -6924.85025 -11267.66261       -197.17648 -90.69012 -204.21510 -45.41297 -257.78861 -399.16242      175.449
16    3700.31153 1234.48359 763.58838 -2338.39016 -6851.56472 -11143.47516       -204.95230 -82.95199 -209.74116 -47.62503 -258.72021 -406.67977      187.701
17    3658.16155 1221.21941 755.85025 -2317.38785 -6778.27918 -11019.28771       -212.72812 -75.21387 -215.26723 -49.83709 -259.65181 -414.19713      200.268
18    3616.01157 1207.95522 748.11213 -2296.38555 -6704.99365 -10895.10026       -220.50395 -67.47575 -220.79329 -52.04915 -260.58341 -421.71449      213.095
19    3573.86160 1194.69104 740.37401 -2275.38324 -6631.70811 -10770.91281       -228.27977 -59.73763 -226.31935 -54.26122 -261.51501 -429.23185      226.136
20    3531.71162 1181.42685 732.63588 -2254.38093 -6558.42258 -10646.72537       -236.05560 -231.84541 -51.99950 -56.47328 -436.74920 -262.44662      239.358
21    3489.56164 1168.16267 724.89776 -2233.37862 -6485.13704 -10522.53792       -243.83142 -237.37147 -44.26138 -58.68534 -444.26656 -263.37822      252.731
22    3447.41166 1154.89848 717.15964 -2212.37631 -6411.85151 -10398.35047       -251.60725 -242.89754 -36.52326 -60.89740 -451.78392 -264.30982      261.759
23    3405.26168 1141.63430 709.42152 -2191.37400 -6338.56597 -10274.16302       -259.38307 -248.42360 -28.78513 -63.10946 -459.30127 -265.24142      266.568
24    3363.11170 1128.37011 701.68339 -2170.37170 -6265.28044 -10149.97557       -267.15890 -253.94966 -21.04701 -65.32152 -466.81863 -266.17302      272.076
25    3320.96172 1115.10593 693.94527 -2149.36939 -6191.99490 -10025.78812       -274.93472 -259.47572 -13.30889 -67.53358 -474.33599 -267.10462      278.242
26    3278.81174 1101.84174 686.20715 -2128.36708 -6118.70937 -9901.60067       -282.71054 -265.00179  -5.57076 -69.74564 -481.85335 -268.03623      285.024
27    3236.66176 1088.57756 678.46902 -2107.36477 -6045.42383 -9777.41322       -288.31901  -2.16736 -69.79034 -268.36049 -271.13519 -487.20334      291.856
28    3194.51178 1075.31337 670.73090 -2086.36246 -5972.13829 -9653.22577       -288.35671  -9.90548 -64.26428 -266.14843 -279.80491 -486.98258      297.845
29    3152.36181 1062.04919 662.99278 -2065.36016 -5898.85276 -9529.03833       -288.39441 -17.64360 -58.73822 -263.93637 -288.47464 -486.76181      304.276
30    3110.21183 1048.78500 655.25465 -2044.35785 -5825.56722 -9404.85088       -288.43211 -25.38173 -53.21216 -261.72431 -297.14436 -486.54105      311.122
31    3068.06185 1035.52082 647.51653 -2023.35554 -5752.28169 -9280.66343       -288.46982 -33.11985 -47.68609 -259.51225 -305.81409 -486.32028      318.358
32    3025.91187 1022.25663 639.77841 -2002.35323 -5678.99615 -9156.47598       -288.50752 -40.85797 -42.16003 -257.30019 -314.48381 -486.09952      325.956
33    2983.76189 1008.99245 632.04029 -1981.35092 -5605.71062 -9032.28853       -288.54522 -48.59610 -36.63397 -255.08812 -323.15354 -485.87875      333.892
34    2941.61191 995.72826 624.30216 -1960.34862 -5532.42508 -8908.10108       -288.58292 -56.33422 -31.10791 -252.87606 -331.82326 -485.65798      342.142
35    2899.46193 982.46408 616.56404 -1939.34631 -5459.13955 -8783.91363       -288.62062 -64.07234 -25.58185 -250.66400 -340.49299 -485.43722      344.174
36    2857.31195 969.19989 608.82592 -1918.34400 -5385.85401 -8659.72618       -288.65832 -71.81047 -20.05578 -248.45194 -349.16271 -485.21645      345.275
37    2815.16197 955.93571 601.08779 -1897.34169 -5312.56848 -8535.53873       -288.69603 -79.54859 -14.52972 -246.23988 -357.83244 -484.99569      346.865
38    2773.01200 942.67152 593.34967 -1876.33938 -5239.28294 -8411.35129       -288.73373 -87.28671  -9.00366 -244.02782 -366.50216 -484.77492      348.936
39    2730.86202 929.40734 585.61155 -1855.33708 -5165.99741 -8287.16384       -288.77143 -95.02483  -3.47760 -241.81576 -375.17189 -484.55416      351.481
40    2688.71204 916.14315 577.87342 -1834.33477 -5092.71187 -8162.97639       -381.79315 -100.71449  -2.04846 -237.55523 -286.76066 -486.38185      352.933
41    2646.56206 902.87897 570.13530 -1813.33246 -5019.42634 -8038.78894       -384.93681 -102.92655  -7.57453 -229.81711 -281.27230 -491.68715      352.203
42    2604.41208 889.61478 562.39718 -1792.33015 -4946.14080 -7914.60149       -388.08047 -105.13861 -13.10059 -222.07899 -275.78394 -496.99245      351.938
43    2562.26210 876.35060 554.65906 -1771.32784 -4872.85527 -7790.41404       -270.29558 -214.34086 -18.62665 -107.35068 -391.22413 -502.29774      352.136
44    2520.11212 863.08641 546.92093 -1750.32553 -4799.56973 -7666.22659       -264.80722 -206.60274 -24.15271 -109.56274 -394.36780 -507.60304      352.798
45    2477.96214 849.82223 539.18281 -1729.32323 -4726.28420 -7542.03914       -259.31886 -198.86462 -29.67878 -111.77480 -397.51146 -512.90834      353.921
46    2435.81216 836.55804 531.44469 -1708.32092 -4652.99866 -7417.85170       -253.83050 -191.12650 -35.20484 -113.98686 -400.65512 -518.21363      355.5
47    2393.66218 823.29386 523.70656 -1687.31861 -4579.71313 -7293.66425       -248.34214 -183.38837 -40.73090 -116.19892 -403.79879 -523.51893      357.53
48    2351.51221 810.02967 515.96844 -1666.31630 -4506.42759 -7169.47680       -242.85378 -175.65025 -46.25696 -118.41098 -406.94245 -528.82423      360.003
49    2309.36223 796.76549 508.23032 -1645.31399 -4433.14206 -7045.28935       -237.36542 -167.91213 -51.78302 -120.62304 -410.08611 -534.12952      362.91
50    2267.21225 783.50130 500.49220 -1624.31169 -4359.85652 -6921.10190       -231.87706 -160.17400 -57.30909 -122.83510 -413.22977 -539.43482      366.24
51    2225.06227 770.23712 492.75407 -1603.30938 -4286.57099 -6796.91445       -226.38870 -152.43588 -62.83515 -125.04716 -416.37344 -544.74011      369.982
52    2182.91229 756.97293 485.01595 -1582.30707 -4213.28545 -6672.72700       -220.90034 -144.69776 -68.36121 -127.25922 -419.51710 -550.04541      374.124
53    2140.76231 743.70874 477.27783 -1561.30476 -4139.99992 -6548.53955       -215.41198 -136.95964 -73.88727 -129.47128 -422.66076 -555.35071      378.652
54    2098.61233 730.44456 469.53970 -1540.30245 -4066.71438 -6424.35210       -209.92362 -129.22151 -79.41333 -131.68334 -425.80442 -560.65600      383.554
55    2056.46235 717.18037 461.80158 -1519.30015 -3993.42885 -6300.16466       -204.43525 -121.48339 -84.93940 -133.89540 -428.94809 -565.96130      388.814
56    2014.31237 703.91619 454.06346 -1498.29784 -3920.14331 -6175.97721       -198.94689 -113.74527 -90.46546 -136.10747 -432.09175 -571.26660      394.419
57    1972.16239 690.65200 446.32533 -1477.29553 -3846.85778 -6051.78976       -193.45853 -106.00714 -95.99152 -138.31953 -435.23541 -576.57189      400.353
58    1930.01242 677.38782 438.58721 -1456.29322 -3773.57224 -5927.60231       -187.97017 -98.26902 -101.51758 -140.53159 -438.37908 -581.87719      406.603
59    1887.86244 664.12363 430.84909 -1435.29091 -3700.28671 -5803.41486       -182.48181 -90.53090 -107.04365 -142.74365 -441.52274 -587.18249      413.154
60    1845.71246 650.85945 423.11097 -1414.28861 -3627.00117 -5679.22741       -176.99345 -82.79277 -112.56971 -144.95571 -444.66640 -592.48778      419.993
61    1803.56248 637.59526 415.37284 -1393.28630 -3553.71564 -5555.03996       -171.50509 -75.05465 -118.09577 -147.16777 -447.81006 -597.79308      426.924
62    1761.41250 624.33108 407.63472 -1372.28399 -3480.43010 -5430.85251       -166.01673 -67.31653 -123.62183 -149.37983 -450.95373 -603.09838      431.807
63    1719.26252 611.06689 399.89660 -1351.28168 -3407.14457 -5306.66506       -160.52837 -59.57841 -129.14789 -151.59189 -454.09739 -608.40367      437.009
64    1677.11254 597.80271 392.15847 -1330.27937 -3333.85903 -5182.47762       -155.04001 -51.84028 -134.67396 -153.80395 -457.24105 -613.70897      442.52
65    1634.96256 584.53852 384.42035 -1309.27707 -3260.57350 -5058.29017       -149.55165 -44.10216 -140.20002 -156.01601 -460.38472 -619.01426      448.327
66    1592.81258 571.27434 376.68223 -1288.27476 -3187.28796 -4934.10272       -144.06329 -36.36404 -145.72608 -158.22807 -463.52838 -624.31956      454.42
67    1550.66261 558.01015 368.94410 -1267.27245 -3114.00243 -4809.91527       -138.57493 -28.62591 -151.25214 -160.44013 -466.67204 -629.62486      460.788
68    1508.51263 544.74597 361.20598 -1246.27014 -3040.71689 -4685.72782       -133.08657 -20.88779 -156.77820 -162.65220 -469.81570 -634.93015      467.418
69    1466.36265 531.48178 353.46786 -1225.26783 -2967.43136 -4561.54037       -127.59821 -13.14967 -162.30427 -164.86426 -472.95937 -640.23545      474.301
70    1424.21267 518.21760 345.72974 -1204.26552 -2894.14582 -4437.35292       -122.10984  -5.41154 -167.83033 -167.07632 -476.10303 -645.54075      481.425
71    1382.06269 504.95341 337.99161 -1183.26322 -2820.86029 -4313.16547       -114.29491  -2.32658 -166.96180 -171.02981 -481.57327 -648.51947      487.983
72    1339.91271 491.68923 330.25349 -1162.26091 -2747.57475 -4188.97802       -101.06842 -10.06470 -161.43574 -168.81775 -492.45506 -646.08664      488.701
73    1297.76273 478.42504 322.51537 -1141.25860 -2674.28922 -4064.79058       -87.84194 -17.80282 -155.90968 -166.60569 -503.33684 -643.65381      490.224
74    1255.61275 465.16086 314.77724 -1120.25629 -2601.00368 -3940.60313       -74.61545 -25.54095 -150.38361 -164.39363 -514.21863 -641.22099      492.544
75    1213.46277 451.89667 307.03912 -1099.25398 -2527.71815 -3816.41568       -61.38897 -33.27907 -144.85755 -162.18157 -525.10041 -638.78816      495.65
76    1171.31279 438.63249 299.30100 -1078.25168 -2454.43261 -3692.22823       -48.16249 -41.01719 -139.33149 -159.96951 -535.98220 -636.35533      499.527
77    1129.16282 425.36830 291.56288 -1057.24937 -2381.14708 -3568.04078       -34.93600 -48.75532 -133.80543 -157.75745 -546.86398 -633.92251      503.856
78    1087.01284 412.10412 283.82475 -1036.24706 -2307.86154 -3443.85333       -21.70952 -56.49344 -128.27936 -155.54539 -557.74577 -631.48968      508.214
79    1044.86286 398.83993 276.08663 -1015.24475 -2234.57601 -3319.66588        -8.48304 -64.23156 -122.75330 -153.33333 -568.62756 -629.05685      513.304
80    1002.71288 385.57575 268.34851 -994.24244 -2161.29047 -3195.47843       -67.22624 -574.76589  -4.74345 -112.48379 -621.88058 -155.86471      515.564
81    960.56290 372.31156 260.61038 -973.24014 -2088.00494 -3071.29098       -61.73788 -572.42120 -17.96993 -93.73125 -606.22127 -166.87914      502.298
82    918.41292 359.04738 252.87226 -952.23783 -2014.71940 -2947.10354       -56.24952 -570.07650 -31.19641 -74.97870 -590.56196 -177.89356      481.985
83    876.26294 345.78319 245.13414 -931.23552 -1941.43387 -2822.91609       -50.76116 -567.73180 -44.42290 -56.22616 -574.90265 -188.90798      462.789
84    834.11296 332.51901 237.39601 -910.23321 -1868.14833 -2698.72864       -559.24334 -37.47361 -57.64938 -565.38710 -45.27280 -199.92240      443.814
85    791.96298 319.25482 229.65789 -889.23090 -1794.86279 -2574.54119       -543.58403 -18.72106 -70.87587 -563.04240 -39.78443 -210.93683      425.703
86    749.81301 305.99064 221.91977 -868.22860 -1721.57726 -2450.35374        -0.03148 -221.91977 -84.07087 -34.32756 -560.66623 -527.89324      407.662
87    707.66303 292.72645 214.18165 -847.22629 -1648.29172 -2326.16629       -18.78403 -214.18165 -78.54481 -47.59174 -539.56898 -493.48138      368.381
88    665.51305 279.46227 206.44352 -826.22398 -1575.00619 -2201.97884       -37.53657 -206.44352 -73.01874 -60.85593 -518.47174 -459.06952      331.233
89    623.36307 266.19808 198.70540 -805.22167 -1501.72065 -2077.79139       -56.28912 -198.70540 -67.49268 -74.12011 -497.37449 -424.65767      297.02
90    581.21309 252.93390 190.96728 -784.21936 -1428.43512 -1953.60394       -75.04166 -190.96728 -61.96662 -87.38430 -476.27725 -390.24581      266.873
91    539.06311 239.66971 183.22915 -763.21705 -1355.14958 -1829.41650       -93.79421 -183.22915 -56.44056 -100.64848 -455.18001 -355.83396      242.313
92    496.91313 226.40553 175.49103 -742.21475 -1281.86405 -1705.22905       -112.54676 -175.49103 -50.91449 -113.91267 -434.08276 -321.42210      225.177
93    454.76315 213.14134 167.75291 -721.21244 -1208.57851 -1581.04160       -131.29930 -45.38843 -167.75291 -127.17685 -287.01024 -412.98552      217.229
94    412.61317 199.87716 160.01478 -700.21013 -1135.29298 -1456.85415       -150.05185 -39.86237 -160.01478 -140.44104 -252.59839 -391.88828      219.47
95    370.46319 186.61297 152.27666 -679.20782 -1062.00744 -1332.66670       -168.80439 -34.33631 -152.27666 -153.70522 -218.18653 -370.79103      189.622    *****
96    328.31322 173.34878 144.53854 -658.20551 -988.72191 -1208.47925       -187.55694 -28.81025 -144.53854 -166.96941 -183.77468 -349.69379      142.217
97    286.16324 160.08460 136.80042 -637.20321 -915.43637 -1084.29180       -206.30948 -23.28418 -136.80042 -180.23359 -149.36282 -328.59654      94.811
98    244.01326 146.82041 129.06229 -616.20090 -842.15084 -960.10435       -225.06203 -17.75812 -129.06229 -193.49778 -114.95097 -307.49930      47.4055
99    201.86328 133.55623 121.32417 -595.19859 -768.86530 -835.91690       -243.81458 -12.23206 -121.32417 -206.76196 -80.53911 -286.40206      1.13687e-13
