Fol_2018-02-06.14_37_10.70_.txt     Output is probe cell, reduced cell, NCDist distance between
0    -114.83534 -127.48192  68.21397 -169.37624 -83.53095 -32.63555       -59.26795 -68.21397 -15.31698 -46.62137 -100.84953 -101.16227      2.17848e-13
1    -112.92200 -125.56859  67.67966 -169.76040 -85.36737 -35.93107       -57.88893 -67.67966 -17.68771 -45.24234 -103.61073 -102.08074      4.26346
2    -111.00867 -123.65525  67.14535 -170.14455 -87.20378 -39.22659       -56.50990 -67.14535 -20.05844 -43.86332 -106.37194 -102.99921      8.52692
3    -109.09533 -121.74191  66.61103 -170.52871 -89.04020 -42.52211       -55.13088 -66.61103 -22.42917 -42.48430 -109.13314 -103.91768      12.7904
4    -107.18200 -119.82858  66.07672 -170.91286 -90.87662 -45.81763       -53.75186 -66.07672 -24.79990 -41.10528 -111.89434 -104.83614      17.0538
5    -105.26866 -117.91524  65.54241 -171.29702 -92.71304 -49.11314       -52.37284 -65.54241 -27.17063 -39.72625 -114.65555 -105.75461      21.3173
6    -103.35532 -116.00191  65.00809 -171.68118 -94.54946 -52.40866       -50.99381 -65.00809 -29.54136 -38.34723 -117.41675 -106.67308      25.5808
7    -101.44199 -114.08857  64.47378 -172.06533 -96.38587 -55.70418       -49.61479 -64.47378 -31.91209 -36.96821 -120.17796 -107.59155      29.8442
8    -99.52865 -112.17523  63.93947 -172.44949 -98.22229 -58.99970       -48.23577 -63.93947 -34.28283 -35.58918 -122.93916 -108.51002      34.1077
9    -97.61532 -110.26190  63.40515 -172.83364 -100.05871 -62.29522       -46.85674 -63.40515 -36.65356 -34.21016 -125.70037 -109.42849      38.3712
10    -95.70198 -108.34856  62.87084 -173.21780 -101.89513 -65.59073       -45.47772 -62.87084 -39.02429 -32.83114 -128.46157 -110.34696      42.6346
11    -93.78864 -106.43523  62.33653 -173.60195 -103.73155 -68.88625       -44.09870 -62.33653 -41.39502 -31.45212 -131.22278 -111.26542      46.8981
12    -91.87531 -104.52189  61.80221 -173.98611 -105.56797 -72.18177       -42.71968 -43.76575 -61.80221 -30.07309 -112.18389 -133.98398      51.1615
13    -89.96197 -102.60855  61.26790 -174.37026 -107.40438 -75.47729       -41.34065 -46.13648 -61.26790 -28.69407 -113.10236 -136.74519      55.425
14    -88.04864 -100.69522  60.73359 -174.75442 -109.24080 -78.77281       -39.96163 -48.50721 -60.73359 -27.31505 -114.02083 -139.50639      59.6885
15    -86.13530 -98.78188  60.19928 -175.13857 -111.07722 -82.06832       -38.58261 -50.87795 -60.19928 -25.93602 -114.93930 -142.26760      63.9519
16    -84.22196 -96.86855  59.66496 -175.52273 -112.91364 -85.36384       -37.20358 -53.24868 -59.66496 -24.55700 -115.85777 -145.02880      68.2154
17    -82.30863 -94.95521  59.13065 -175.90689 -114.75006 -88.65936       -35.82456 -55.61941 -59.13065 -23.17798 -116.77624 -147.79001      72.4788
18    -80.39529 -93.04187  58.59634 -176.29104 -116.58648 -91.95488       -34.44554 -57.99014 -58.59634 -21.79896 -117.69470 -150.55121      76.7423
19    -78.48196 -91.12854  58.06202 -176.67520 -118.42289 -95.25040       -33.06652 -60.36087 -58.06202 -20.41993 -118.61317 -153.31242      79.3538
20    -76.56862 -89.21520  57.52771 -177.05935 -120.25931 -98.54591       -31.68749 -62.73160 -57.52771 -19.04091 -119.53164 -156.07362      81.8379
21    -74.65528 -87.30187  56.99340 -177.44351 -122.09573 -101.84143       -30.30847 -65.10233 -56.99340 -17.66189 -120.45011 -158.83483      84.4643
22    -72.74195 -85.38853  56.45908 -177.82766 -123.93215 -105.13695       -28.92945 -67.47306 -56.45908 -16.28286 -121.36858 -161.59603      87.2201
23    -70.82861 -83.47519  55.92477 -178.21182 -125.76857 -108.43247       -27.55042 -69.84380 -55.92477 -14.90384 -122.28705 -164.35724      90.0934
24    -68.91528 -81.56186  55.39046 -178.59597 -127.60498 -111.72799       -26.17140 -72.21453 -55.39046 -13.52482 -123.20552 -167.11844      93.0734
25    -67.00194 -79.64852  54.85614 -178.98013 -129.44140 -115.02350       -24.79238 -74.58526 -54.85614 -12.14579 -124.12398 -169.87965      96.1501
26    -65.08860 -77.73519  54.32183 -179.36428 -131.27782 -118.31902       -23.41335 -76.95599 -54.32183 -10.76677 -125.04245 -172.64085      99.3146
27    -63.17527 -75.82185  53.78752 -179.74844 -133.11424 -121.61454       -22.03433 -79.32672 -53.78752  -9.38775 -125.96092 -175.40206      102.559
28    -61.26193 -73.90851  53.25321 -180.13260 -134.95066 -124.91006       -20.65531 -81.69745 -53.25321  -8.00873 -126.87939 -178.16326      105.875
29    -59.34860 -71.99518  52.71889 -180.51675 -136.78708 -128.20558       -19.27629 -84.06818 -52.71889  -6.62970 -127.79786 -180.92447      109.257
30    -57.43526 -70.08184  52.18458 -180.90091 -138.62349 -131.50109       -17.89726 -86.43892 -52.18458  -5.25068 -128.71633 -183.68567      112.699
31    -55.52192 -68.16851  51.65027 -181.28506 -140.45991 -134.79661       -16.51824 -88.80965 -51.65027  -3.87166 -129.63480 -186.44688      116.196
32    -53.60859 -66.25517  51.11595 -181.66922 -142.29633 -138.09213       -15.13922 -91.18038 -51.11595  -2.49263 -130.55326 -189.20808      119.742
33    -51.69525 -64.34183  50.58164 -182.05337 -144.13275 -141.38765       -13.76019 -93.55111 -50.58164  -1.11361 -131.47173 -191.96929      123.333
34    -49.78191 -62.42850  50.04733 -182.43753 -145.96917 -144.68317       -12.64658 -49.78191 -95.65643  -0.26541 -132.12479 -194.46508      126.435
35    -47.86858 -60.51516  49.51301 -182.82168 -147.80559 -147.97868       -12.64658 -47.86858 -96.64814  -1.64443 -131.66424 -195.84726      126.568
36    -45.95524 -58.60183  48.97870 -183.20584 -149.64200 -151.27420       -12.64658 -45.95524 -97.63985  -3.02346 -131.20368 -197.22944      126.769
37    -44.04191 -56.68849  48.44439 -183.58999 -151.47842 -154.56972       -12.64658 -44.04191 -98.63155  -4.40248 -130.74313 -198.61163      127.039
38    -42.12857 -54.77515  47.91007 -183.97415 -153.31484 -157.86524       -12.64658 -42.12857 -99.62326  -5.78150 -130.28257 -199.99381      127.375
39    -40.21523 -52.86182  47.37576 -184.35831 -155.15126 -161.16075       -12.64658 -40.21523 -100.61497  -7.16053 -129.82202 -201.37599      127.779
40    -38.30190 -50.94848  46.84145 -184.74246 -156.98768 -164.45627       -12.64658 -38.30190 -101.60668  -8.53955 -129.36146 -202.75817      128.249
41    -36.38856 -49.03515  46.30713 -185.12662 -158.82409 -167.75179       -12.64658 -36.38856 -102.59839  -9.91857 -128.90091 -204.14035      128.784
42    -34.47523 -47.12181  45.77282 -185.51077 -160.66051 -171.04731       -12.64658 -34.47523 -103.59010 -11.29759 -128.44036 -205.52254      129.385
43    -32.56189 -45.20847  45.23851 -185.89493 -162.49693 -174.34283       -12.64658 -32.56189 -104.58180 -12.67662 -127.97980 -206.90472      130.049
44    -30.64855 -43.29514  44.70420 -186.27908 -164.33335 -177.63834       -12.64658 -30.64855 -105.57351 -14.05564 -127.51925 -208.28690      130.776
45    -28.73522 -41.38180  44.16988 -186.66324 -166.16977 -180.93386       -12.64658 -28.73522 -106.56522 -15.43466 -127.05869 -209.66908      131.565
46    -26.82188 -39.46847  43.63557 -187.04739 -168.00619 -184.22938       -12.64658 -26.82188 -107.55693 -16.81369 -126.59814 -211.05126      132.415
47    -24.90855 -37.55513  43.10126 -187.43155 -169.84260 -187.52490       -12.64658 -24.90855 -108.54864 -18.19271 -126.13758 -212.43345      133.324
48    -22.99521 -35.64179  42.56694 -187.81570 -171.67902 -190.82042       -12.64658 -22.99521 -109.54035 -19.57173 -125.67703 -213.81563      134.292
49    -21.08187 -33.72846  42.03263 -188.19986 -173.51544 -194.11593       -12.64658 -21.08187 -110.53206 -20.95076 -125.21647 -215.19781      135.317
50    -19.16854 -31.81512  41.49832 -188.58402 -175.35186 -197.41145       -12.64658 -111.52376 -19.16854 -22.32978 -216.57999 -124.75592      136.398
51    -17.25520 -29.90179  40.96400 -188.96817 -177.18828 -200.70697       -12.64658 -112.51547 -17.25520 -23.70880 -217.96217 -124.29537      137.533
52    -15.34187 -27.98845  40.42969 -189.35233 -179.02470 -204.00249       -12.64658 -113.50718 -15.34187 -25.08782 -219.34436 -123.83481      138.722
53    -13.42853 -26.07511  39.89538 -189.73648 -180.86111 -207.29801       -12.64658 -114.49889 -13.42853 -26.46685 -220.72654 -123.37426      139.962
54    -11.51519 -24.16178  39.36106 -190.12064 -182.69753 -210.59352       -12.64658 -115.49060 -11.51519 -27.84587 -222.10872 -122.91370      141.253
55     -9.60186 -22.24844  38.82675 -190.50479 -184.53395 -213.88904       -12.64658 -116.48231  -9.60186 -29.22489 -223.49090 -122.45315      142.593
56     -7.68852 -20.33511  38.29244 -190.88895 -186.37037 -217.18456       -12.64658 -117.47401  -7.68852 -30.60392 -224.87308 -121.99259      143.981
57     -5.77519 -18.42177  37.75813 -191.27310 -188.20679 -220.48008       -12.64658 -118.46572  -5.77519 -31.98294 -226.25527 -121.53204      145.415
58     -3.86185 -16.50843  37.22381 -191.65726 -190.04321 -223.77560       -12.64658 -119.45743  -3.86185 -33.36196 -227.63745 -121.07149      146.895
59     -1.94851 -14.59510  36.68950 -192.04142 -191.87962 -227.07111       -12.64658 -120.44914  -1.94851 -34.74098 -229.01963 -120.61093      148.417
60     -0.03518 -12.68176  36.15519 -192.42557 -193.71604 -230.36663       -12.64658 -121.44085  -0.03518 -36.12001 -230.40181 -120.15038      149.983
61      1.87816 -10.76843  35.62087 -192.80973 -195.55246 -233.66215       -10.76843  -1.87816 -35.62087 -120.55440 -121.56798 -229.90584      150.268
62      3.79149  -8.85509  35.08656 -193.19388 -197.38888 -236.95767        -8.85509  -3.79149 -35.08656 -119.63277 -123.02076 -229.37468      150.599
63      5.70483  -6.94175  34.55225 -193.57804 -199.22530 -240.25319        -6.94175  -5.70483 -34.55225 -118.71114 -124.47354 -228.84353      151.002
64      7.61817  -5.02842  34.01793 -193.96219 -201.06171 -243.54870        -5.02842  -7.61817 -34.01793 -117.78952 -125.92632 -228.31237      151.475
65      9.53150  -3.11508  33.48362 -194.34635 -202.89813 -246.84422        -3.11508  -9.53150 -33.48362 -116.86789 -127.37911 -227.78122      151.145
66     11.44484  -1.20175  32.94931 -194.73050 -204.73455 -250.13974        -1.20175 -11.44484 -32.94931 -115.94626 -128.83189 -227.25007      150.39
67     13.35817   0.71159  32.41499 -195.11466 -206.57097 -253.43526       -12.64658 -129.57308  -0.71159 -31.70340 -226.00732 -115.73622      149.168
68     15.27151   2.62493  31.88068 -195.49881 -208.40739 -256.73078       -12.64658 -129.11252  -2.62493 -29.25575 -223.56283 -116.72793      147.125
69     17.18485   4.53826  31.34637 -195.88297 -210.24381 -260.02629       -12.64658 -128.65197  -4.53826 -26.80811 -221.11834 -117.71964      145.168
70     19.09818   6.45160  30.81206 -196.26713 -212.08022 -263.32181       -12.64658 -128.19142  -6.45160 -24.36046 -218.67385 -118.71135      143.302
71     21.01152   8.36493  30.27774 -196.65128 -213.91664 -266.61733       -12.64658 -127.73086  -8.36493 -21.91281 -216.22936 -119.70306      141.531
72     22.92485  10.27827  29.74343 -197.03544 -215.75306 -269.91285       -12.64658 -127.27031 -10.27827 -19.46516 -213.78487 -120.69477      139.857
73     24.83819  12.19161  29.20912 -197.41959 -217.58948 -273.20837       -12.64658 -126.80975 -12.19161 -17.01751 -211.34038 -121.68647      138.285
74     26.75153  14.10494  28.67480 -197.80375 -219.42590 -276.50388       -12.64658 -126.34920 -14.10494 -14.56986 -208.89589 -122.67818      136.817
75     28.66486  16.01828  28.14049 -198.18790 -221.26232 -279.79940       -12.64658 -125.88864 -16.01828 -12.12221 -206.45140 -123.66989      135.458
76     30.57820  17.93162  27.60618 -198.57206 -223.09873 -283.09492       -12.64658 -125.42809 -17.93162  -9.67456 -204.00691 -124.66160      134.211
77     32.49153  19.84495  27.07186 -198.95621 -224.93515 -286.39044       -12.64658 -124.96754 -19.84495  -7.22691 -201.56242 -125.65331      133.078
78     34.40487  21.75829  26.53755 -199.34037 -226.77157 -289.68596       -12.64658 -124.50698 -21.75829  -4.77926 -199.11793 -126.64502      132.063
79     36.31821  23.67162  26.00324 -199.72452 -228.60799 -292.98147       -12.64658 -124.04643 -23.67162  -2.33161 -196.67344 -127.63672      131.169
80     38.23154  25.58496  25.46892 -200.10868 -230.44441 -296.27699       -128.51240  -0.11603 -25.46892 -123.46984 -12.76262 -194.11291      129.949
81     40.14488  27.49830  24.93461 -200.49284 -232.28082 -299.57251       -127.05646  -2.56368 -24.93461 -120.56163 -15.21027 -189.22078      123.11
82     42.05821  29.41163  24.40030 -200.87699 -234.11724 -302.86803       -125.60052  -5.01133 -24.40030 -117.65343 -17.65792 -184.32864      116.27
83     43.97155  31.32497  23.86598 -201.26115 -235.95366 -306.16355       -124.14458  -7.45898 -23.86598 -114.74523 -20.10556 -179.43650      109.431
84     45.88489  33.23830  23.33167 -201.64530 -237.79008 -309.45906       -122.68864  -9.90663 -23.33167 -111.83702 -22.55321 -174.54436      102.592
85     47.79822  35.15164  22.79736 -202.02946 -239.62650 -312.75458       -121.23270 -12.35428 -22.79736 -108.92882 -25.00086 -169.65222      95.7521
86     49.71156  37.06498  22.26305 -202.41361 -241.46292 -316.05010       -27.44851 -106.02062 -22.26305 -14.80193 -119.77675 -164.76008      88.9127
87     51.62489  38.97831  21.72873 -202.79777 -243.29933 -319.34562       -29.89616 -103.11241 -21.72873 -17.24958 -118.32081 -159.86794      82.0732
88     53.53823  40.89165  21.19442 -203.18192 -245.13575 -322.64114       -32.34381 -100.20421 -21.19442 -19.69723 -116.86487 -154.97580      75.2338
89     55.45157  42.80498  20.66011 -203.56608 -246.97217 -325.93665       -34.79146 -97.29601 -20.66011 -22.14488 -115.40893 -150.08366      68.3944
90     57.36490  44.71832  20.12579 -203.95023 -248.80859 -329.23217       -37.23911 -94.38780 -20.12579 -24.59253 -113.95299 -145.19152      61.5549
91     59.27824  46.63166  19.59148 -204.33439 -250.64501 -332.52769       -39.68676 -91.47960 -19.59148 -27.04018 -112.49705 -140.29938      54.7155
92     61.19157  48.54499  19.05717 -204.71855 -252.48143 -335.82321       -42.13441 -88.57140 -19.05717 -29.48782 -111.04111 -135.40724      47.8761
93     63.10491  50.45833  18.52285 -205.10270 -254.31784 -339.11873       -44.58206 -85.66319 -18.52285 -31.93547 -109.58517 -130.51511      41.0366
94     65.01825  52.37166  17.98854 -205.48686 -256.15426 -342.41424       -47.02971 -82.75499 -17.98854 -34.38312 -108.12923 -125.62297      34.1972
95     66.93158  54.28500  17.45423 -205.87101 -257.99068 -345.70976       -49.47735 -79.84679 -17.45423 -36.83077 -106.67329 -120.73083      27.3577
96     68.84492  56.19834  16.91991 -206.25517 -259.82710 -349.00528       -51.92500 -76.93858 -16.91991 -39.27842 -105.21735 -115.83869      20.5183
97     70.75825  58.11167  16.38560 -206.63932 -261.66352 -352.30080       -54.37265 -74.03038 -16.38560 -41.72607 -103.76141 -110.94655      13.6789
98     72.67159  60.02501  15.85129 -207.02348 -263.49993 -355.59632       -56.82030 -71.12218 -15.85129 -44.17372 -102.30547 -106.05441      6.83944
99     74.58493  61.93834  15.31698 -207.40763 -265.33635 -358.89183       -59.26795 -68.21397 -15.31698 -46.62137 -100.84953 -101.16227      4.26326e-14
