Fol_2018-02-06.14_39_40.75_.txt     Output is probe cell, reduced cell, NCDist distance between
0    -76.17780  34.60016 -97.58350 -103.31509 -55.37859 -117.95752       -68.71493 -41.57764 -34.60016 -83.35735 -62.98334 -89.97876      2.46139e-14
1    -76.10242  33.83069 -96.94731 -103.11350 -55.45541 -117.67490       -69.28281 -42.27173 -33.83069 -83.84421 -63.11662 -89.28610      1.45976
2    -76.02704  33.06122 -96.31111 -102.91191 -55.53222 -117.39229       -69.85069 -42.96582 -33.06122 -84.33107 -63.24989 -88.59344      2.91952
3    -75.95166  32.29174 -95.67491 -102.71031 -55.60904 -117.10968       -70.41857 -43.65991 -32.29174 -84.81793 -63.38317 -87.90078      4.37929
4    -75.87627  31.52227 -95.03872 -102.50872 -55.68586 -116.82706       -70.98645 -44.35400 -31.52227 -85.30479 -63.51645 -87.20813      5.83905
5    -75.80089  30.75280 -94.40252 -102.30713 -55.76267 -116.54445       -71.55433 -45.04809 -30.75280 -85.79165 -63.64972 -86.51547      7.29881
6    -75.72551  29.98333 -93.76633 -102.10553 -55.83949 -116.26183       -72.12221 -45.74218 -29.98333 -86.27851 -63.78300 -85.82281      8.75857
7    -75.65012  29.21385 -93.13013 -101.90394 -55.91630 -115.97922       -72.69009 -46.43627 -29.21385 -86.76537 -63.91628 -85.13016      10.2183
8    -75.57474  28.44438 -92.49394 -101.70235 -55.99312 -115.69661       -73.25797 -47.13036 -28.44438 -87.25223 -64.04956 -84.43750      11.6781
9    -75.49936  27.67491 -91.85774 -101.50075 -56.06993 -115.41399       -73.82584 -47.82445 -27.67491 -87.73909 -64.18283 -83.74484      13.1379
10    -75.42398  26.90544 -91.22155 -101.29916 -56.14675 -115.13138       -74.39372 -48.51854 -26.90544 -88.22594 -64.31611 -83.05218      14.5976
11    -75.34859  26.13596 -90.58535 -101.09757 -56.22357 -114.84877       -74.96160 -49.21263 -26.13596 -88.71280 -64.44939 -82.35953      16.0574
12    -75.27321  25.36649 -89.94916 -100.89597 -56.30038 -114.56615       -75.52948 -49.90672 -25.36649 -89.19966 -64.58267 -81.66687      17.5171
13    -75.19783  24.59702 -89.31296 -100.69438 -56.37720 -114.28354       -76.09736 -50.60081 -24.59702 -89.68652 -64.71594 -80.97421      18.9769
14    -75.12245  23.82754 -88.67677 -100.49279 -56.45401 -114.00092       -76.66524 -51.29490 -23.82754 -90.17338 -64.84922 -80.28156      20.4367
15    -75.04706  23.05807 -88.04057 -100.29119 -56.53083 -113.71831       -51.98899 -77.23312 -23.05807 -64.98250 -90.66024 -79.58890      21.8964
16    -74.97168  22.28860 -87.40438 -100.08960 -56.60764 -113.43570       -52.68308 -77.80100 -22.28860 -65.11578 -91.14710 -78.89624      23.3562
17    -74.89630  21.51913 -86.76818 -99.88801 -56.68446 -113.15308       -53.37717 -78.36888 -21.51913 -65.24905 -91.63396 -78.20358      24.816
18    -74.82092  20.74965 -86.13198 -99.68641 -56.76127 -112.87047       -54.07126 -78.93676 -20.74965 -65.38233 -92.12082 -77.51093      26.2757
19    -74.74553  19.98018 -85.49579 -99.48482 -56.83809 -112.58786       -54.76535 -79.50464 -19.98018 -65.51561 -92.60768 -76.81827      27.7355
20    -74.67015  19.21071 -84.85959 -99.28323 -56.91491 -112.30524       -55.45944 -80.07252 -19.21071 -65.64889 -93.09453 -76.12561      29.1952
21    -74.59477  18.44123 -84.22340 -99.08163 -56.99172 -112.02263       -56.15353 -80.64040 -18.44123 -65.78216 -93.58139 -75.43296      30.655
22    -74.51939  17.67176 -83.58720 -98.88004 -57.06854 -111.74001       -56.84762 -81.20828 -17.67176 -65.91544 -94.06825 -74.74030      32.1148
23    -74.44400  16.90229 -82.95101 -98.67845 -57.14535 -111.45740       -57.54171 -81.77616 -16.90229 -66.04872 -94.55511 -74.04764      33.5745
24    -74.36862  16.13282 -82.31481 -98.47685 -57.22217 -111.17479       -58.23580 -82.34404 -16.13282 -66.18200 -95.04197 -73.35498      35.0343
25    -74.29324  15.36334 -81.67862 -98.27526 -57.29898 -110.89217       -58.92990 -82.91192 -15.36334 -66.31527 -95.52883 -72.66233      36.494
26    -74.21786  14.59387 -81.04242 -98.07367 -57.37580 -110.60956       -59.62399 -83.47980 -14.59387 -66.44855 -96.01569 -71.96967      37.9538
27    -74.14247  13.82440 -80.40623 -97.87207 -57.45261 -110.32695       -60.31808 -84.04767 -13.82440 -66.58183 -96.50255 -71.27701      39.4136
28    -74.06709  13.05493 -79.77003 -97.67048 -57.52943 -110.04433       -61.01217 -84.61555 -13.05493 -66.71511 -96.98941 -70.58436      40.8733
29    -73.99171  12.28545 -79.13384 -97.46889 -57.60625 -109.76172       -61.70626 -85.18343 -12.28545 -66.84838 -97.47627 -69.89170      42.3331
30    -73.91633  11.51598 -78.49764 -97.26729 -57.68306 -109.47910       -62.40035 -85.75131 -11.51598 -66.98166 -97.96312 -69.19904      43.7929
31    -73.84094  10.74651 -77.86145 -97.06570 -57.75988 -109.19649       -63.09444 -86.31919 -10.74651 -67.11494 -98.44998 -68.50638      45.2526
32    -73.76556   9.97703 -77.22525 -96.86411 -57.83669 -108.91388       -63.78853 -86.88707  -9.97703 -67.24822 -98.93684 -67.81373      46.7124
33    -73.69018   9.20756 -76.58905 -96.66251 -57.91351 -108.63126       -64.48262 -87.45495  -9.20756 -67.38149 -99.42370 -67.12107      48.1721
34    -73.61480   8.43809 -75.95286 -96.46092 -57.99032 -108.34865       -65.17671 -88.02283  -8.43809 -67.51477 -99.91056 -66.42841      49.6319
35    -73.53941   7.66862 -75.31666 -96.25933 -58.06714 -108.06604       -65.87080 -88.59071  -7.66862 -67.64805 -100.39742 -65.73576      51.0917
36    -73.46403   6.89914 -74.68047 -96.05773 -58.14396 -107.78342       -66.56489 -89.15859  -6.89914 -67.78132 -100.88428 -65.04310      52.5514
37    -73.38865   6.12967 -74.04427 -95.85614 -58.22077 -107.50081       -67.25898 -89.72647  -6.12967 -67.91460 -101.37114 -64.35044      54.0112
38    -73.31327   5.36020 -73.40808 -95.65455 -58.29759 -107.21819       -67.95307 -90.29435  -5.36020 -68.04788 -101.85800 -63.65778      55.471
39    -73.23788   4.59073 -72.77188 -95.45295 -58.37440 -106.93558       -68.64716 -90.86223  -4.59073 -68.18116 -102.34486 -62.96513      56.9307
40    -73.16250   3.82125 -72.13569 -95.25136 -58.45122 -106.65297       -69.34125 -91.43011  -3.82125 -68.31443 -102.83171 -62.27247      58.3905
41    -73.08712   3.05178 -71.49949 -95.04977 -58.52803 -106.37035       -70.03534 -91.99799  -3.05178 -68.44771 -103.31857 -61.57981      58.256
42    -73.01174   2.28231 -70.86330 -94.84817 -58.60485 -106.08774       -70.72943 -92.56587  -2.28231 -68.58099 -103.80543 -60.88716      57.9898
43    -72.93635   1.51283 -70.22710 -94.64658 -58.68166 -105.80513       -71.42352 -93.13375  -1.51283 -68.71427 -104.29229 -60.19450      57.7592
44    -72.86097   0.74336 -69.59091 -94.44499 -58.75848 -105.52251       -72.11761 -93.70163  -0.74336 -68.84754 -104.77915 -59.50184      57.5648
45    -72.78559  -0.02611 -68.95471 -94.24339 -58.83530 -105.23990       -72.78559 -68.95471  -0.02611 -94.24339 -105.23990 -58.83530      57.3755
46    -72.71021  -0.79558 -68.31852 -94.04180 -58.91211 -104.95728       -72.71021 -68.31852  -0.79558 -94.04180 -104.95728 -58.91211      56.313
47    -72.63482  -1.56506 -67.68232 -93.84021 -58.98893 -104.67467       -72.63482 -67.68232  -1.56506 -93.84021 -104.67467 -58.98893      55.2505
48    -72.55944  -2.33453 -67.04612 -93.63861 -59.06574 -104.39206       -72.55944 -67.04612  -2.33453 -93.63861 -104.39206 -59.06574      54.188
49    -72.48406  -3.10400 -66.40993 -93.43702 -59.14256 -104.10944       -72.48406 -66.40993  -3.10400 -93.43702 -104.10944 -59.14256      53.1255
50    -72.40868  -3.87348 -65.77373 -93.23543 -59.21937 -103.82683       -72.40868 -65.77373  -3.87348 -93.23543 -103.82683 -59.21937      52.063
51    -72.33329  -4.64295 -65.13754 -93.03383 -59.29619 -103.54422       -72.33329 -65.13754  -4.64295 -93.03383 -103.54422 -59.29619      51.0005
52    -72.25791  -5.41242 -64.50134 -92.83224 -59.37300 -103.26160       -72.25791 -64.50134  -5.41242 -92.83224 -103.26160 -59.37300      49.9379
53    -72.18253  -6.18189 -63.86515 -92.63065 -59.44982 -102.97899       -72.18253 -63.86515  -6.18189 -92.63065 -102.97899 -59.44982      48.8754
54    -72.10714  -6.95137 -63.22895 -92.42905 -59.52664 -102.69637       -72.10714 -63.22895  -6.95137 -92.42905 -102.69637 -59.52664      47.8129
55    -72.03176  -7.72084 -62.59276 -92.22746 -59.60345 -102.41376       -72.03176 -62.59276  -7.72084 -92.22746 -102.41376 -59.60345      46.7504
56    -71.95638  -8.49031 -61.95656 -92.02587 -59.68027 -102.13115       -71.95638 -61.95656  -8.49031 -92.02587 -102.13115 -59.68027      45.6879
57    -71.88100  -9.25978 -61.32037 -91.82427 -59.75708 -101.84853       -71.88100 -61.32037  -9.25978 -91.82427 -101.84853 -59.75708      44.6254
58    -71.80561 -10.02926 -60.68417 -91.62268 -59.83390 -101.56592       -71.80561 -60.68417 -10.02926 -91.62268 -101.56592 -59.83390      43.5629
59    -71.73023 -10.79873 -60.04798 -91.42109 -59.91071 -101.28331       -71.73023 -60.04798 -10.79873 -91.42109 -101.28331 -59.91071      42.5004
60    -71.65485 -11.56820 -59.41178 -91.21949 -59.98753 -101.00069       -71.65485 -59.41178 -11.56820 -91.21949 -101.00069 -59.98753      41.4379
61    -71.57947 -12.33768 -58.77559 -91.01790 -60.06435 -100.71808       -71.57947 -58.77559 -12.33768 -91.01790 -100.71808 -60.06435      40.3754
62    -71.50408 -13.10715 -58.13939 -90.81631 -60.14116 -100.43546       -71.50408 -58.13939 -13.10715 -90.81631 -100.43546 -60.14116      39.3129
63    -71.42870 -13.87662 -57.50319 -90.61471 -60.21798 -100.15285       -71.42870 -57.50319 -13.87662 -90.61471 -100.15285 -60.21798      38.2503
64    -71.35332 -14.64609 -56.86700 -90.41312 -60.29479 -99.87024       -71.35332 -56.86700 -14.64609 -90.41312 -99.87024 -60.29479      37.1878
65    -71.27794 -15.41557 -56.23080 -90.21153 -60.37161 -99.58762       -71.27794 -56.23080 -15.41557 -90.21153 -99.58762 -60.37161      36.1253
66    -71.20255 -16.18504 -55.59461 -90.00993 -60.44842 -99.30501       -71.20255 -55.59461 -16.18504 -90.00993 -99.30501 -60.44842      35.0628
67    -71.12717 -16.95451 -54.95841 -89.80834 -60.52524 -99.02240       -71.12717 -16.95451 -54.95841 -89.80834 -60.52524 -99.02240      34.0003
68    -71.05179 -17.72398 -54.32222 -89.60675 -60.60205 -98.73978       -71.05179 -17.72398 -54.32222 -89.60675 -60.60205 -98.73978      32.9378
69    -70.97641 -18.49346 -53.68602 -89.40515 -60.67887 -98.45717       -70.97641 -18.49346 -53.68602 -89.40515 -60.67887 -98.45717      31.8753
70    -70.90102 -19.26293 -53.04983 -89.20356 -60.75569 -98.17455       -70.90102 -19.26293 -53.04983 -89.20356 -60.75569 -98.17455      30.8128
71    -70.82564 -20.03240 -52.41363 -89.00197 -60.83250 -97.89194       -70.82564 -20.03240 -52.41363 -89.00197 -60.83250 -97.89194      29.7503
72    -70.75026 -20.80188 -51.77744 -88.80037 -60.90932 -97.60933       -70.75026 -20.80188 -51.77744 -88.80037 -60.90932 -97.60933      28.6878
73    -70.67488 -21.57135 -51.14124 -88.59878 -60.98613 -97.32671       -70.67488 -21.57135 -51.14124 -88.59878 -60.98613 -97.32671      27.6252
74    -70.59949 -22.34082 -50.50505 -88.39719 -61.06295 -97.04410       -70.59949 -22.34082 -50.50505 -88.39719 -61.06295 -97.04410      26.5627
75    -70.52411 -23.11029 -49.86885 -88.19559 -61.13976 -96.76149       -70.52411 -23.11029 -49.86885 -88.19559 -61.13976 -96.76149      25.5002
76    -70.44873 -23.87977 -49.23266 -87.99400 -61.21658 -96.47887       -70.44873 -23.87977 -49.23266 -87.99400 -61.21658 -96.47887      24.4377
77    -70.37335 -24.64924 -48.59646 -87.79241 -61.29339 -96.19626       -70.37335 -24.64924 -48.59646 -87.79241 -61.29339 -96.19626      23.3752
78    -70.29796 -25.41871 -47.96026 -87.59081 -61.37021 -95.91364       -70.29796 -25.41871 -47.96026 -87.59081 -61.37021 -95.91364      22.3127
79    -70.22258 -26.18818 -47.32407 -87.38922 -61.44703 -95.63103       -70.22258 -26.18818 -47.32407 -87.38922 -61.44703 -95.63103      21.2502
80    -70.14720 -26.95766 -46.68787 -87.18763 -61.52384 -95.34842       -70.14720 -26.95766 -46.68787 -87.18763 -61.52384 -95.34842      20.1877
81    -70.07182 -27.72713 -46.05168 -86.98603 -61.60066 -95.06580       -70.07182 -27.72713 -46.05168 -86.98603 -61.60066 -95.06580      19.1252
82    -69.99643 -28.49660 -45.41548 -86.78444 -61.67747 -94.78319       -69.99643 -28.49660 -45.41548 -86.78444 -61.67747 -94.78319      18.0627
83    -69.92105 -29.26608 -44.77929 -86.58285 -61.75429 -94.50058       -69.92105 -29.26608 -44.77929 -86.58285 -61.75429 -94.50058      17.0002
84    -69.84567 -30.03555 -44.14309 -86.38125 -61.83110 -94.21796       -69.84567 -30.03555 -44.14309 -86.38125 -61.83110 -94.21796      15.9376
85    -69.77029 -30.80502 -43.50690 -86.17966 -61.90792 -93.93535       -69.77029 -30.80502 -43.50690 -86.17966 -61.90792 -93.93535      14.8751
86    -69.69490 -31.57449 -42.87070 -85.97807 -61.98473 -93.65274       -69.69490 -31.57449 -42.87070 -85.97807 -61.98473 -93.65274      13.8126
87    -69.61952 -32.34397 -42.23451 -85.77647 -62.06155 -93.37012       -69.61952 -32.34397 -42.23451 -85.77647 -62.06155 -93.37012      12.7501
88    -69.54414 -33.11344 -41.59831 -85.57488 -62.13837 -93.08751       -69.54414 -33.11344 -41.59831 -85.57488 -62.13837 -93.08751      11.6876
89    -69.46876 -33.88291 -40.96212 -85.37329 -62.21518 -92.80489       -69.46876 -33.88291 -40.96212 -85.37329 -62.21518 -92.80489      10.6251
90    -69.39337 -34.65239 -40.32592 -85.17169 -62.29200 -92.52228       -69.39337 -34.65239 -40.32592 -85.17169 -62.29200 -92.52228      9.56259
91    -69.31799 -35.42186 -39.68973 -84.97010 -62.36881 -92.23967       -69.31799 -35.42186 -39.68973 -84.97010 -62.36881 -92.23967      8.50008
92    -69.24261 -36.19133 -39.05353 -84.76851 -62.44563 -91.95705       -69.24261 -36.19133 -39.05353 -84.76851 -62.44563 -91.95705      7.43757
93    -69.16723 -36.96080 -38.41733 -84.56691 -62.52244 -91.67444       -69.16723 -36.96080 -38.41733 -84.56691 -62.52244 -91.67444      6.37506
94    -69.09184 -37.73028 -37.78114 -84.36532 -62.59926 -91.39183       -69.09184 -37.73028 -37.78114 -84.36532 -62.59926 -91.39183      5.31255
95    -69.01646 -38.49975 -37.14494 -84.16373 -62.67608 -91.10921       -69.01646 -38.49975 -37.14494 -84.16373 -62.67608 -91.10921      4.25004
96    -68.94108 -39.26922 -36.50875 -83.96213 -62.75289 -90.82660       -68.94108 -39.26922 -36.50875 -83.96213 -62.75289 -90.82660      3.18753
97    -68.86569 -40.03869 -35.87255 -83.76054 -62.82971 -90.54398       -68.86569 -40.03869 -35.87255 -83.76054 -62.82971 -90.54398      2.12502
98    -68.79031 -40.80817 -35.23636 -83.55895 -62.90652 -90.26137       -68.79031 -40.80817 -35.23636 -83.55895 -62.90652 -90.26137      1.06251
99    -68.71493 -41.57764 -34.60016 -83.35735 -62.98334 -89.97876       -68.71493 -41.57764 -34.60016 -83.35735 -62.98334 -89.97876      0
