Fol_2018-02-06.14_13_04.23_.txt     Output is probe cell, reduced cell, NCDist distance between
0     12.10690 -135.13297 -145.93013  48.94865 -95.67775 -83.68575       -36.84176 -46.72909 -34.73710 -48.94865 -96.98147 -86.18432      5.50384e-14
1     11.61246 -134.24000 -144.80696  47.95979 -95.69091 -83.71099       -36.34733 -47.73112 -35.75120 -47.95979 -96.84717 -86.28021      1.81163
2     11.11803 -133.34704 -143.68380  46.97093 -95.70408 -83.73623       -35.85290 -48.73315 -36.76530 -46.97093 -96.71287 -86.37611      3.62326
3     10.62360 -132.45407 -142.56064  45.98207 -95.71725 -83.76147       -35.35847 -49.73518 -37.77940 -45.98207 -96.57857 -86.47200      5.43489
4     10.12917 -131.56110 -141.43748  44.99321 -95.73042 -83.78670       -34.86403 -50.73722 -38.79350 -44.99321 -96.44427 -86.56789      7.24652
5      9.63474 -130.66813 -140.31432  44.00434 -95.74359 -83.81194       -34.36960 -51.73925 -39.80760 -44.00434 -96.30997 -86.66379      9.05815
6      9.14031 -129.77516 -139.19116  43.01548 -95.75676 -83.83718       -33.87517 -52.74128 -40.82170 -43.01548 -96.17567 -86.75968      10.8698
7      8.64588 -128.88219 -138.06799  42.02662 -95.76993 -83.86242       -33.38074 -53.74331 -41.83580 -42.02662 -96.04137 -86.85557      12.6814
8      8.15145 -127.98922 -136.94483  41.03776 -95.78310 -83.88766       -32.88631 -54.74534 -42.84990 -41.03776 -95.90707 -86.95147      14.493
9      7.65702 -127.09626 -135.82167  40.04890 -95.79627 -83.91289       -32.39188 -55.74737 -43.86400 -40.04890 -95.77277 -87.04736      16.3047
10      7.16259 -126.20329 -134.69851  39.06004 -95.80944 -83.93813       -31.89745 -56.74940 -44.87810 -39.06004 -95.63847 -87.14325      18.1163
11      6.66816 -125.31032 -133.57535  38.07117 -95.82260 -83.96337       -31.40302 -57.75143 -45.89220 -38.07117 -95.50417 -87.23914      19.9279
12      6.17373 -124.41735 -132.45218  37.08231 -95.83577 -83.98861       -30.90859 -58.75346 -46.90630 -37.08231 -95.36987 -87.33504      21.7396
13      5.67929 -123.52438 -131.32902  36.09345 -95.84894 -84.01385       -30.41416 -59.75549 -47.92040 -36.09345 -95.23557 -87.43093      23.5512
14      5.18486 -122.63141 -130.20586  35.10459 -95.86211 -84.03908       -29.91973 -60.75752 -48.93449 -35.10459 -95.10127 -87.52682      25.3628
15      4.69043 -121.73845 -129.08270  34.11573 -95.87528 -84.06432       -29.42530 -61.75955 -49.94859 -34.11573 -94.96697 -87.62272      27.1745
16      4.19600 -120.84548 -127.95954  33.12687 -95.88845 -84.08956       -28.93086 -62.76158 -50.96269 -33.12687 -94.83267 -87.71861      28.9861
17      3.70157 -119.95251 -126.83637  32.13800 -95.90162 -84.11480       -28.43643 -63.76361 -51.97679 -32.13800 -94.69837 -87.81450      30.7977
18      3.20714 -119.05954 -125.71321  31.14914 -95.91479 -84.14004       -27.94200 -64.76564 -52.99089 -31.14914 -94.56407 -87.91040      32.6093
19      2.71271 -118.16657 -124.59005  30.16028 -95.92796 -84.16527       -27.44757 -65.76767 -54.00499 -30.16028 -94.42977 -88.00629      34.421
20      2.21828 -117.27360 -123.46689  29.17142 -95.94113 -84.19051       -26.95314 -66.76971 -55.01909 -29.17142 -94.29547 -88.10218      36.2326
21      1.72385 -116.38063 -122.34373  28.18256 -95.95429 -84.21575       -26.45871 -67.77174 -56.03319 -28.18256 -94.16117 -88.19808      38.0442
22      1.22942 -115.48767 -121.22056  27.19370 -95.96746 -84.24099       -25.96428 -68.77377 -57.04729 -27.19370 -94.02687 -88.29397      39.8559
23      0.73499 -114.59470 -120.09740  26.20483 -95.98063 -84.26623       -25.46985 -69.77580 -58.06139 -26.20483 -93.89257 -88.38986      41.6675
24      0.24056 -113.70173 -118.97424  25.21597 -95.99380 -84.29147       -24.97542 -70.77783 -59.07549 -25.21597 -93.75827 -88.48576      43.4791
25     -0.25388 -112.80876 -117.85108  24.22711 -96.00697 -84.31670       -24.48099 -71.77986 -60.08959 -24.22711 -93.62397 -88.58165      45.2908
26     -0.74831 -111.91579 -116.72792  23.23825 -96.02014 -84.34194       -23.98656 -72.78189 -61.10369 -23.23825 -93.48967 -88.67754      47.1024
27     -1.24274 -111.02282 -115.60476  22.24939 -96.03331 -84.36718       -23.49213 -73.78392 -62.11779 -22.24939 -93.35537 -88.77344      48.914
28     -1.73717 -110.12986 -114.48159  21.26053 -96.04648 -84.39242       -22.99769 -74.78595 -63.13189 -21.26053 -93.22107 -88.86933      50.7257
29     -2.23160 -109.23689 -113.35843  20.27166 -96.05965 -84.41766       -22.50326 -75.78798 -64.14599 -20.27166 -93.08677 -88.96522      52.5373
30     -2.72603 -108.34392 -112.23527  19.28280 -96.07281 -84.44289       -22.00883 -76.79001 -65.16009 -19.28280 -92.95247 -89.06112      54.3489
31     -3.22046 -107.45095 -111.11211  18.29394 -96.08598 -84.46813       -21.51440 -77.79204 -66.17419 -18.29394 -92.81817 -89.15701      56.1605
32     -3.71489 -106.55798 -109.98895  17.30508 -96.09915 -84.49337       -21.01997 -78.79407 -67.18829 -17.30508 -92.68387 -89.25290      57.9722
33     -4.20932 -105.66501 -108.86578  16.31622 -96.11232 -84.51861       -20.52554 -79.79610 -68.20239 -16.31622 -92.54957 -89.34879      59.7838
34     -4.70375 -104.77204 -107.74262  15.32736 -96.12549 -84.54385       -20.03111 -80.79813 -69.21649 -15.32736 -92.41527 -89.44469      61.5954
35     -5.19818 -103.87908 -106.61946  14.33849 -96.13866 -84.56908       -19.53668 -81.80017 -70.23059 -14.33849 -92.28097 -89.54058      63.4071
36     -5.69261 -102.98611 -105.49630  13.34963 -96.15183 -84.59432       -19.04225 -82.80220 -71.24469 -13.34963 -92.14667 -89.63647      65.2187
37     -6.18705 -102.09314 -104.37314  12.36077 -96.16500 -84.61956       -18.54782 -83.80423 -72.25879 -12.36077 -92.01237 -89.73237      67.0303
38     -6.68148 -101.20017 -103.24997  11.37191 -96.17817 -84.64480       -18.05339 -84.80626 -73.27289 -11.37191 -91.87807 -89.82826      68.842
39     -7.17591 -100.30720 -102.12681  10.38305 -96.19134 -84.67004       -91.74376 -10.38305 -74.28699 -85.80829 -17.55895 -89.92415      70.6536
40     -7.67034 -99.41423 -101.00365   9.39419 -96.20450 -84.69527       -91.60946  -9.39419 -75.30109 -86.81032 -17.06452 -90.02005      72.4652
41     -8.16477 -98.52126 -99.88049   8.40532 -96.21767 -84.72051       -91.47516  -8.40532 -76.31519 -87.81235 -16.57009 -90.11594      74.2768
42     -8.65920 -97.62830 -98.75733   7.41646 -96.23084 -84.74575       -91.34086  -7.41646 -77.32929 -88.81438 -16.07566 -90.21183      76.0885
43     -9.15363 -96.73533 -97.63416   6.42760 -96.24401 -84.77099       -91.20656  -6.42760 -78.34339 -89.81641 -15.58123 -90.30773      77.3725
44     -9.64806 -95.84236 -96.51100   5.43874 -96.25718 -84.79623       -91.07226  -5.43874 -79.35749 -90.81844 -15.08680 -90.40362      78.3955
45    -10.14249 -94.94939 -95.38784   4.44988 -96.27035 -84.82146       -90.93796 -80.37159  -4.44988 -91.82047 -90.49951 -14.59237      79.4467
46    -10.63692 -94.05642 -94.26468   3.46102 -96.28352 -84.84670       -90.80366 -81.38569  -3.46102 -92.82250 -90.59541 -14.09794      80.5249
47    -11.13135 -93.16345 -93.14152   2.47215 -96.29669 -84.87194       -90.66936 -82.39979  -2.47215 -93.82453 -90.69130 -13.60351      81.6291
48    -11.62578 -92.27049 -92.01836   1.48329 -96.30986 -84.89718       -90.53506 -83.41389  -1.48329 -94.82656 -90.78719 -13.10908      82.7582
49    -12.12022 -91.37752 -90.89519   0.49443 -96.32303 -84.92242       -90.40076 -84.42799  -0.49443 -95.82859 -90.88309 -12.61465      83.9112
50    -12.61465 -90.48455 -89.77203  -0.49443 -96.33619 -84.94765       -84.94765 -90.48455  -0.49443 -89.77203 -96.33619 -12.61465      84.2034
51    -13.10908 -89.59158 -88.64887  -1.48329 -96.34936 -84.97289       -84.97289 -89.59158  -1.48329 -88.64887 -96.34936 -13.10908      83.0783
52    -13.60351 -88.69861 -87.52571  -2.47215 -96.36253 -84.99813       -84.99813 -88.69861  -2.47215 -87.52571 -96.36253 -13.60351      81.9777
53    -14.09794 -87.80564 -86.40255  -3.46102 -96.37570 -85.02337       -85.02337 -87.80564  -3.46102 -86.40255 -96.37570 -14.09794      80.9027
54    -14.59237 -86.91267 -85.27938  -4.44988 -96.38887 -85.04861       -85.04861 -86.91267  -4.44988 -85.27938 -96.38887 -14.59237      79.8544
55    -15.08680 -86.01971 -84.15622  -5.43874 -96.40204 -85.07384       -85.07384  -5.43874 -86.01971 -84.15622 -15.08680 -96.40204      78.8338
56    -15.58123 -85.12674 -83.03306  -6.42760 -96.41521 -85.09908       -85.09908  -6.42760 -85.12674 -83.03306 -15.58123 -96.41521      77.8419
57    -16.07566 -84.23377 -81.90990  -7.41646 -96.42838 -85.12432       -85.12432  -7.41646 -84.23377 -81.90990 -16.07566 -96.42838      76.0885
58    -16.57009 -83.34080 -80.78674  -8.40532 -96.44155 -85.14956       -85.14956  -8.40532 -83.34080 -80.78674 -16.57009 -96.44155      74.2768
59    -17.06452 -82.44783 -79.66357  -9.39419 -96.45471 -85.17480       -85.17480  -9.39419 -82.44783 -79.66357 -17.06452 -96.45471      72.4652
60    -17.55895 -81.55486 -78.54041 -10.38305 -96.46788 -85.20004       -85.20004 -10.38305 -81.55486 -78.54041 -17.55895 -96.46788      70.6536
61    -18.05339 -80.66190 -77.41725 -11.37191 -96.48105 -85.22527       -18.05339 -77.41725 -80.66190 -11.37191 -85.22527 -96.48105      68.842
62    -18.54782 -79.76893 -76.29409 -12.36077 -96.49422 -85.25051       -18.54782 -76.29409 -79.76893 -12.36077 -85.25051 -96.49422      67.0303
63    -19.04225 -78.87596 -75.17093 -13.34963 -96.50739 -85.27575       -19.04225 -75.17093 -78.87596 -13.34963 -85.27575 -96.50739      65.2187
64    -19.53668 -77.98299 -74.04777 -14.33849 -96.52056 -85.30099       -19.53668 -74.04777 -77.98299 -14.33849 -85.30099 -96.52056      63.4071
65    -20.03111 -77.09002 -72.92460 -15.32736 -96.53373 -85.32623       -20.03111 -72.92460 -77.09002 -15.32736 -85.32623 -96.53373      61.5954
66    -20.52554 -76.19705 -71.80144 -16.31622 -96.54690 -85.35146       -20.52554 -71.80144 -76.19705 -16.31622 -85.35146 -96.54690      59.7838
67    -21.01997 -75.30408 -70.67828 -17.30508 -96.56007 -85.37670       -21.01997 -70.67828 -75.30408 -17.30508 -85.37670 -96.56007      57.9722
68    -21.51440 -74.41112 -69.55512 -18.29394 -96.57324 -85.40194       -21.51440 -69.55512 -74.41112 -18.29394 -85.40194 -96.57324      56.1605
69    -22.00883 -73.51815 -68.43196 -19.28280 -96.58640 -85.42718       -22.00883 -68.43196 -73.51815 -19.28280 -85.42718 -96.58640      54.3489
70    -22.50326 -72.62518 -67.30879 -20.27166 -96.59957 -85.45242       -22.50326 -67.30879 -72.62518 -20.27166 -85.45242 -96.59957      52.5373
71    -22.99769 -71.73221 -66.18563 -21.26053 -96.61274 -85.47765       -22.99769 -66.18563 -71.73221 -21.26053 -85.47765 -96.61274      50.7257
72    -23.49213 -70.83924 -65.06247 -22.24939 -96.62591 -85.50289       -23.49213 -65.06247 -70.83924 -22.24939 -85.50289 -96.62591      48.914
73    -23.98656 -69.94627 -63.93931 -23.23825 -96.63908 -85.52813       -23.98656 -63.93931 -69.94627 -23.23825 -85.52813 -96.63908      47.1024
74    -24.48099 -69.05330 -62.81615 -24.22711 -96.65225 -85.55337       -24.48099 -62.81615 -69.05330 -24.22711 -85.55337 -96.65225      45.2908
75    -24.97542 -68.16034 -61.69298 -25.21597 -96.66542 -85.57861       -24.97542 -61.69298 -68.16034 -25.21597 -85.57861 -96.66542      43.4791
76    -25.46985 -67.26737 -60.56982 -26.20483 -96.67859 -85.60384       -25.46985 -60.56982 -67.26737 -26.20483 -85.60384 -96.67859      41.6675
77    -25.96428 -66.37440 -59.44666 -27.19370 -96.69176 -85.62908       -25.96428 -59.44666 -66.37440 -27.19370 -85.62908 -96.69176      39.8559
78    -26.45871 -65.48143 -58.32350 -28.18256 -96.70493 -85.65432       -26.45871 -58.32350 -65.48143 -28.18256 -85.65432 -96.70493      38.0442
79    -26.95314 -64.58846 -57.20034 -29.17142 -96.71809 -85.67956       -26.95314 -57.20034 -64.58846 -29.17142 -85.67956 -96.71809      36.2326
80    -27.44757 -63.69549 -56.07717 -30.16028 -96.73126 -85.70480       -27.44757 -56.07717 -63.69549 -30.16028 -85.70480 -96.73126      34.421
81    -27.94200 -62.80253 -54.95401 -31.14914 -96.74443 -85.73003       -27.94200 -54.95401 -62.80253 -31.14914 -85.73003 -96.74443      32.6093
82    -28.43643 -61.90956 -53.83085 -32.13800 -96.75760 -85.75527       -28.43643 -53.83085 -61.90956 -32.13800 -85.75527 -96.75760      30.7977
83    -28.93086 -61.01659 -52.70769 -33.12687 -96.77077 -85.78051       -28.93086 -52.70769 -61.01659 -33.12687 -85.78051 -96.77077      28.9861
84    -29.42530 -60.12362 -51.58453 -34.11573 -96.78394 -85.80575       -29.42530 -51.58453 -60.12362 -34.11573 -85.80575 -96.78394      27.1745
85    -29.91973 -59.23065 -50.46137 -35.10459 -96.79711 -85.83099       -29.91973 -50.46137 -59.23065 -35.10459 -85.83099 -96.79711      25.3628
86    -30.41416 -58.33768 -49.33820 -36.09345 -96.81028 -85.85622       -30.41416 -49.33820 -58.33768 -36.09345 -85.85622 -96.81028      23.5512
87    -30.90859 -57.44471 -48.21504 -37.08231 -96.82345 -85.88146       -30.90859 -48.21504 -57.44471 -37.08231 -85.88146 -96.82345      21.7396
88    -31.40302 -56.55175 -47.09188 -38.07117 -96.83661 -85.90670       -31.40302 -47.09188 -56.55175 -38.07117 -85.90670 -96.83661      19.9279
89    -31.89745 -55.65878 -45.96872 -39.06004 -96.84978 -85.93194       -31.89745 -45.96872 -55.65878 -39.06004 -85.93194 -96.84978      18.1163
90    -32.39188 -54.76581 -44.84556 -40.04890 -96.86295 -85.95718       -32.39188 -44.84556 -54.76581 -40.04890 -85.95718 -96.86295      16.3047
91    -32.88631 -53.87284 -43.72239 -41.03776 -96.87612 -85.98241       -32.88631 -43.72239 -53.87284 -41.03776 -85.98241 -96.87612      14.493
92    -33.38074 -52.97987 -42.59923 -42.02662 -96.88929 -86.00765       -33.38074 -42.59923 -52.97987 -42.02662 -86.00765 -96.88929      12.6814
93    -33.87517 -52.08690 -41.47607 -43.01548 -96.90246 -86.03289       -33.87517 -41.47607 -52.08690 -43.01548 -86.03289 -96.90246      10.8698
94    -34.36960 -51.19394 -40.35291 -44.00434 -96.91563 -86.05813       -34.36960 -40.35291 -51.19394 -44.00434 -86.05813 -96.91563      9.05815
95    -34.86403 -50.30097 -39.22975 -44.99321 -96.92880 -86.08337       -34.86403 -50.30097 -39.22975 -44.99321 -96.92880 -86.08337      7.24652
96    -35.35847 -49.40800 -38.10658 -45.98207 -96.94197 -86.10861       -35.35847 -49.40800 -38.10658 -45.98207 -96.94197 -86.10861      5.43489
97    -35.85290 -48.51503 -36.98342 -46.97093 -96.95514 -86.13384       -35.85290 -48.51503 -36.98342 -46.97093 -96.95514 -86.13384      3.62326
98    -36.34733 -47.62206 -35.86026 -47.95979 -96.96830 -86.15908       -36.34733 -47.62206 -35.86026 -47.95979 -96.96830 -86.15908      1.81163
99    -36.84176 -46.72909 -34.73710 -48.94865 -96.98147 -86.18432       -36.84176 -46.72909 -34.73710 -48.94865 -96.98147 -86.18432      0
