Fol_2018-02-13.10_40_39.63_.txt     Output is probe cell, reduced cell, NCDist distance between
0    381.71190 277.20908 1033.61042 -2094.15979 -2896.09529 -779.12405       -36.80294  -4.46155 -15.70025 -87.92804 -67.69989 -114.05177      1.23651e-12
1    377.48448 274.36392 1023.01132 -2073.89482 -2867.52564 -772.40615       -33.24842  -7.00221 -17.43719 -87.40400 -69.87214 -121.04426      8.71749
2    373.25706 271.51876 1012.41223 -2053.62986 -2838.95599 -765.68825       -29.69391  -9.54286 -19.17413 -86.87996 -72.04439 -128.03675      17.435
3    369.02963 268.67361 1001.81313 -2033.36489 -2810.38633 -758.97035       -26.13939 -12.08352 -20.91108 -86.35592 -74.21664 -135.02924      26.1525
4    364.80221 265.82845 991.21403 -2013.09992 -2781.81668 -752.25245       -14.62418 -22.58488 -22.64802 -76.38889 -85.83188 -142.02173      34.87
5    360.57479 262.98329 980.61493 -1992.83495 -2753.24703 -745.53454       -17.16484 -19.03036 -24.38496 -78.56114 -85.30784 -149.01422      43.5875
6    356.34737 260.13813 970.01584 -1972.56999 -2724.67738 -738.81664       -19.70550 -15.47585 -26.12191 -80.73339 -84.78380 -156.00671      51.2454
7    352.11994 257.29297 959.41674 -1952.30502 -2696.10773 -732.09874       -22.24616 -11.92133 -27.85885 -82.90564 -84.25976 -162.99921      55.7735
8    347.89252 254.44782 948.81764 -1932.04005 -2667.53808 -725.38084       -24.78682  -8.36682 -29.59580 -85.07789 -83.73572 -169.99170      61.215
9    343.66510 251.60266 938.21854 -1911.77509 -2638.96843 -718.66294       -27.32748  -4.81230 -31.33274 -87.25014 -83.21168 -176.98419      67.3487
10    339.43768 248.75750 927.61944 -1891.51012 -2610.39878 -711.94503       -29.86813  -1.25779 -33.06968 -89.42239 -82.68764 -183.97668      74.0028
11    335.21025 245.91234 917.02035 -1871.24515 -2581.82913 -705.22713       -30.11206  -2.29673 -89.29791 -32.50990 -84.46032 -188.67244      78.8926
12    330.98283 243.06719 906.42125 -1850.98018 -2553.25948 -698.50923       -29.09821  -5.85124 -87.91565 -30.69233 -87.49080 -192.11042      82.9175
13    326.75541 240.22203 895.82215 -1830.71522 -2524.68983 -691.79133       -28.08435  -9.40576 -86.53338 -28.87475 -90.52127 -195.54839      87.2144
14    322.52799 237.37687 885.22305 -1810.45025 -2496.12018 -685.07343       -27.07050 -12.96027 -85.15112 -27.05718 -93.55175 -198.98637      91.745
15    318.30056 234.53171 874.62396 -1790.18528 -2467.55053 -678.35552       -26.05664 -16.51479 -83.76885 -25.23961 -96.58222 -202.42434      96.4764
16    314.07314 231.68655 864.02486 -1769.92032 -2438.98088 -671.63762       -25.04278 -20.06930 -82.38659 -23.42204 -99.61270 -205.86232      101.38
17    309.84572 228.84140 853.42576 -1749.65535 -2410.41123 -664.91972       -24.02893 -23.62382 -81.00432 -21.60447 -102.64317 -209.30029      106.433
18    305.61829 225.99624 842.82666 -1729.39038 -2381.84158 -658.20182       -23.01507 -27.17833 -79.62206 -19.78690 -105.67365 -212.73827      111.615
19    301.39087 223.15108 832.22757 -1709.12541 -2353.27193 -651.48392       -22.00121 -30.73285 -78.23979 -17.96932 -108.70412 -216.17624      116.908
20    297.16345 220.30592 821.62847 -1688.86045 -2324.70228 -644.76602       -20.98736 -34.28736 -76.85753 -16.15175 -111.73460 -219.61422      122.298
21    292.93603 217.46076 811.02937 -1668.59548 -2296.13263 -638.04811       -19.97350 -37.84188 -75.47526 -14.33418 -114.76507 -223.05220      127.773
22    288.70860 214.61561 800.43027 -1648.33051 -2267.56297 -631.33021       -18.95964 -41.39639 -74.09300 -12.51661 -117.79555 -226.49017      133.322
23    284.48118 211.77045 789.83117 -1628.06555 -2238.99332 -624.61231       -17.94579 -44.95091 -72.71073 -10.69904 -120.82602 -229.92815      138.937
24    280.25376 208.92529 779.23208 -1607.80058 -2210.42367 -617.89441       -16.93193 -48.50542 -71.32847  -8.88146 -123.85649 -233.36612      144.609
25    276.02634 206.08013 768.63298 -1587.53561 -2181.85402 -611.17651       -15.91807 -52.05994 -69.94620  -7.06389 -126.88697 -236.80410      150.333
26    271.79891 203.23498 758.03388 -1567.27064 -2153.28437 -604.45860       -14.90422 -55.61446 -68.56394  -5.24632 -129.91744 -240.24207      156.102
27    267.57149 200.38982 747.43478 -1547.00568 -2124.71472 -597.74070       -13.89036 -59.16897 -67.18167  -3.42875 -132.94792 -243.68005      161.866
28    263.34407 197.54466 736.83569 -1526.74071 -2096.14507 -591.02280       -12.87650 -62.72349 -65.79941  -1.61118 -135.97839 -247.11802      166.24
29    259.11665 194.69950 726.23659 -1506.47574 -2067.57542 -584.30490       -12.06904 -64.21075 -66.07161  -0.20639 -138.80247 -250.34961      170.424
30    254.88922 191.85434 715.63749 -1486.21078 -2039.00577 -577.58700       -12.87276 -61.01091 -67.80855  -2.02397 -140.01538 -251.97001      171.522
31    250.66180 189.00919 705.03839 -1465.94581 -2010.43612 -570.86910       -13.67647 -57.81108 -69.54549  -3.84154 -141.22828 -253.59041      172.536
32    246.43438 186.16403 694.43930 -1445.68084 -1981.86647 -564.15119       -14.48019 -54.61124 -71.28244  -5.65911 -142.44118 -255.21082      172.852
33    242.20696 183.31887 683.84020 -1425.41587 -1953.29682 -557.43329       -15.28390 -51.41140 -73.01938  -7.47668 -143.65409 -256.83122      173.291
34    237.97953 180.47371 673.24110 -1405.15091 -1924.72717 -550.71539       -16.08762 -48.21157 -74.75632  -9.29425 -144.86699 -258.45163      173.851
35    233.75211 177.62855 662.64200 -1384.88594 -1896.15752 -543.99749       -16.89133 -45.01173 -76.49327 -11.11182 -146.07989 -260.07203      174.531
36    229.52469 174.78340 652.04291 -1364.62097 -1867.58787 -537.27959       -17.69505 -41.81190 -78.23021 -12.92940 -147.29280 -261.69243      175.331
37    225.29727 171.93824 641.44381 -1344.35600 -1839.01822 -530.56168       -18.49876 -38.61206 -79.96715 -14.74697 -148.50570 -263.31284      176.247
38    221.06984 169.09308 630.84471 -1324.09104 -1810.44857 -523.84378       -19.30248 -35.41222 -81.70410 -16.56454 -149.71860 -264.93324      177.279
39    216.84242 166.24792 620.24561 -1303.82607 -1781.87892 -517.12588       -20.10619 -32.21239 -83.44104 -18.38211 -150.93150 -266.55365      178.425
40    212.61500 163.40277 609.64651 -1283.56110 -1753.30927 -510.40798       -20.90991 -29.01255 -85.17798 -20.19968 -152.14441 -268.17405      179.682
41    208.38757 160.55761 599.04742 -1263.29614 -1724.73961 -503.69008       -21.71363 -25.81271 -86.91493 -22.01725 -153.35731 -269.79445      181.047
42    204.16015 157.71245 588.44832 -1243.03117 -1696.16996 -496.97218       -22.51734 -22.61288 -88.65187 -23.83483 -154.57021 -271.41486      182.52
43    199.93273 154.86729 577.84922 -1222.76620 -1667.60031 -490.25427       -23.32106 -19.41304 -90.38881 -25.65240 -155.78312 -273.03526      184.096
44    195.70531 152.02213 567.25012 -1202.50123 -1639.03066 -483.53637       -24.12477 -16.21320 -92.12576 -27.46997 -156.99602 -274.65567      185.732
45    191.47788 149.17698 556.65103 -1182.23627 -1610.46101 -476.81847       -24.92849 -13.01337 -93.86270 -29.28754 -158.20892 -276.27607      187.152
46    187.25046 146.33182 546.05193 -1161.97130 -1581.89136 -470.10057       -25.73220  -9.81353 -95.59964 -31.10511 -159.42182 -277.89647      188.674
47    183.02304 143.48666 535.45283 -1141.70633 -1553.32171 -463.38267       -26.53592  -6.61369 -97.33659 -32.92268 -160.63473 -279.51688      190.295
48    178.79562 140.64150 524.85373 -1121.44137 -1524.75206 -456.66476       -27.33963  -3.41386 -99.07353 -34.74026 -161.84763 -281.13728      192.014
49    174.56819 137.79634 514.25464 -1101.17640 -1496.18241 -449.94686       -28.14335  -0.21402 -100.81048 -36.55783 -163.06053 -282.75768      193.827
50    170.34077 134.95119 503.65554 -1080.91143 -1467.61276 -443.22896       -25.96125  -2.98582 -35.38958 -99.56160 -167.25925 -281.39227      193.145
51    166.11335 132.10603 493.05644 -1060.64646 -1439.04311 -436.51106       -23.56513  -6.18565 -34.00732 -98.09871 -171.67199 -279.81284      192.487
52    161.88593 129.26087 482.45734 -1040.38150 -1410.47346 -429.79316       -21.16900  -9.38549 -32.62505 -96.63582 -176.08473 -278.23341      192.046
53    157.65850 126.41571 471.85824 -1020.11653 -1381.90381 -423.07525       -18.77288 -12.58532 -31.24279 -95.17292 -180.49747 -276.65398      191.823
54    153.43108 123.57056 461.25915 -999.85156 -1353.33416 -416.35735       -16.37676 -15.78516 -29.86052 -93.71003 -184.91021 -275.07454      191.819
55    149.20366 120.72540 450.66005 -979.58660 -1324.76451 -409.63945       -13.98064 -18.98500 -28.47826 -92.24714 -189.32295 -273.49511      192.034
56    144.97624 117.88024 440.06095 -959.32163 -1296.19486 -402.92155       -11.58452 -22.18483 -27.09600 -90.78424 -193.73569 -271.91568      192.467
57    140.74881 115.03508 429.46185 -939.05666 -1267.62521 -396.20365        -9.18840 -25.38467 -25.71373 -89.32135 -198.14843 -270.33625      193.116
58    136.52139 112.18992 418.86276 -918.79169 -1239.05556 -389.48575        -6.79228 -28.58451 -24.33147 -87.85846 -202.56117 -268.75681      193.98
59    132.29397 109.34477 408.26366 -898.52673 -1210.48591 -382.76784        -4.39616 -31.78434 -22.94920 -86.39557 -206.97391 -267.17738      195.055
60    128.06654 106.49961 397.66456 -878.26176 -1181.91626 -376.04994        -2.00003 -34.98418 -21.56694 -84.93267 -211.38665 -265.59795      196.339
61    123.83912 103.65445 387.06546 -857.99679 -1153.34660 -369.33204       -37.78793 -215.40330  -0.39609 -19.78858 -263.62243 -83.86587      197.292
62    119.61170 100.80929 376.46637 -837.73183 -1124.77695 -362.61414       -38.59165 -217.41992  -2.79221 -16.01020 -259.64687 -84.79909      195.741
63    115.38428  97.96413 365.86727 -817.46686 -1096.20730 -355.89624       -39.39536 -219.43654  -5.18833 -12.23181 -255.67132 -85.73232      194.39
64    111.15685  95.11898 355.26817 -797.20189 -1067.63765 -349.17833       -251.69577  -8.45343  -7.58445 -221.45315 -40.19908 -86.66555      193.245
65    106.92943  92.27382 344.66907 -776.93692 -1039.06800 -342.46043       -247.72021  -4.67504  -9.98057 -223.46977 -41.00279 -87.59878      192.308
66    102.70201  89.42866 334.06998 -756.67196 -1010.49835 -335.74253       -243.74466  -0.89665 -12.37669 -225.48639 -41.80651 -88.53201      191.583
67     98.47459  86.58350 323.47088 -736.40699 -981.92870 -329.02463        -2.88173 -86.58350 -11.89108 -45.49195 -224.62128 -236.88737      187.001
68     94.24716  83.73835 312.87178 -716.14202 -953.35905 -322.30673        -6.66012 -83.73835 -10.50882 -50.07405 -222.85951 -229.13343      180.487
69     90.01974  80.89319 302.27268 -695.87706 -924.78940 -315.58883       -10.43850 -80.89319  -9.12655 -54.65616 -221.09774 -221.37949      174.351
70     85.79232  78.04803 291.67358 -675.61209 -896.21975 -308.87092       -14.21689 -78.04803  -7.74429 -59.23826 -219.33597 -213.62555      168.636
71     81.56490  75.20287 281.07449 -655.34712 -867.65010 -302.15302       -17.99528 -75.20287  -6.36202 -63.82036 -217.57421 -205.87161      163.387
72     77.33747  72.35771 270.47539 -635.08215 -839.08045 -295.43512       -21.77366 -72.35771  -4.97976 -68.40246 -215.81244 -198.11767      158.432
73     73.11005  69.51256 259.87629 -614.81719 -810.51080 -288.71722       -25.55205 -69.51256  -3.59749 -72.98456 -214.05067 -190.36373      153.035
74     68.88263  66.66740 249.27719 -594.55222 -781.94115 -281.99932       -29.33043 -66.66740  -2.21523 -77.56666 -212.28890 -182.60980      148.173
75     64.65521  63.82224 238.67810 -574.28725 -753.37150 -275.28141       -33.10882 -63.82224  -0.83296 -82.14876 -210.52714 -174.85586      143.903
76     60.42778  60.97708 228.07900 -554.02229 -724.80185 -268.56351       -36.33791 -86.18156  -0.54930 -60.42778 -208.21607 -167.65122      139.721
77     56.20036  58.13193 217.47990 -533.75732 -696.23220 -261.84561       -38.73403 -89.38140  -1.93157 -56.20036 -205.07203 -161.27954      135.222
78     51.97294  55.28677 206.88080 -513.49235 -667.66255 -255.12771       -41.13015 -92.58124  -3.31383 -51.97294 -201.92800 -154.90787      129.399
79     47.74551  52.44161 196.28171 -493.22738 -639.09290 -248.40981       -43.52627 -95.78107  -4.69609 -47.74551 -198.78397 -148.53619      122.195
80     43.51809  49.59645 185.68261 -472.96242 -610.52324 -241.69191       -45.92239 -98.98091  -6.07836 -43.51809 -195.63994 -142.16452      115.29
81     39.29067  46.75129 175.08351 -452.69745 -581.95359 -234.97400       -48.31851 -102.18075  -7.46062 -39.29067 -192.49590 -135.79284      108.741
82     35.06325  43.90614 164.48441 -432.43248 -553.38394 -228.25610       -50.71463 -105.38058  -8.84289 -35.06325 -189.35187 -129.42117      102.614
83     30.83582  41.06098 153.88531 -412.16751 -524.81429 -221.53820       -53.11075 -108.58042 -10.22515 -30.83582 -186.20784 -123.04949      96.9914
84     26.60840  38.21582 143.28622 -391.90255 -496.24464 -214.82030       -55.50687 -111.78026 -11.60742 -26.60840 -183.06381 -116.67782      91.9645
85     22.38098  35.37066 132.68712 -371.63758 -467.67499 -208.10240       -57.90300 -114.98009 -12.98968 -22.38098 -179.91977 -110.30614      87.6361
86     18.15356  32.52550 122.08802 -351.37261 -439.10534 -201.38449       -60.29912 -118.17993 -14.37195 -18.15356 -176.77574 -103.93447      84.1143
87     13.92613  29.68035 111.48892 -331.10765 -410.53569 -194.66659       -62.69524 -121.37977 -15.75421 -13.92613 -173.63171 -97.56279      81.5035
88      9.69871  26.83519 100.88983 -310.84268 -381.96604 -187.94869       -170.48768  -9.69871 -17.13648 -124.57960 -65.09136 -91.19112      79.8931
89      5.47129  23.99003  90.29073 -290.57771 -353.39639 -181.23079       -167.34364  -5.47129 -18.51874 -127.77944 -67.48748 -84.81944      79.3442
90      1.24387  21.14487  79.69163 -270.31274 -324.82674 -174.51289       -164.19961 -19.90101  -1.24387 -130.97927 -78.44777 -69.88360      78.4696
91     -2.98356  18.29972  69.09253 -250.04778 -296.25709 -167.79498       -69.09253  -2.98356 -18.29972 -131.19555 -75.26328 -158.07202      70.1329    *****
92     -7.21098  15.45456  58.49344 -229.78281 -267.68744 -161.07708       -58.49344  -7.21098 -15.45456 -130.16797 -81.88682 -150.70057      61.6986
93    -11.43840  12.60940  47.89434 -209.51784 -239.11779 -154.35918       -11.43840 -47.89434 -12.60940 -88.51037 -129.14038 -143.32911      56.3023
94    -15.66582   9.76424  37.29524 -189.25288 -210.54814 -147.64128       -15.66582 -37.29524  -9.76424 -95.13391 -128.11280 -135.95766      54.8482
95    -19.89325   6.91908  26.69614 -168.98791 -181.97849 -140.92338       -19.89325 -26.69614  -6.91908 -101.75746 -127.08521 -128.58620      57.6355
96    -24.12067   4.07393  16.09705 -148.72294 -153.40884 -134.20548       -24.12067 -16.09705  -4.07393 -108.38100 -126.05762 -121.21475      59.8953
97    -28.34809   1.22877   5.49795 -128.45797 -124.83919 -127.48757       -28.34809  -1.22877  -5.49795 -115.00454 -113.84329 -125.03004      56.2929
98    -32.57552  -1.61639  -5.10115 -108.19301 -96.26954 -120.76967       -32.57552  -1.61639  -5.10115 -108.19301 -96.26954 -120.76967      37.5544
99    -36.80294  -4.46155 -15.70025 -87.92804 -67.69989 -114.05177       -36.80294  -4.46155 -15.70025 -87.92804 -67.69989 -114.05177      0
