Fol_2018-02-06.14_33_15.62_.txt     Output is probe cell, reduced cell, NCDist distance between
0     14.02620 -126.70443 -74.40317  48.28999 -110.07996 -131.91080       -78.41444 -34.26380 -26.11318 -83.62080 -48.28999 -61.78997      1.72297e-13
1     14.63606 -124.81472 -73.38785  45.47405 -111.52697 -133.66157       -79.34067 -30.83799 -27.91380 -88.18751 -45.47405 -66.05291      7.92423
2     15.24593 -122.92501 -72.37254  42.65812 -112.97398 -135.41234       -80.26689 -27.41218 -29.71442 -92.75422 -42.65812 -70.31586      15.8485
3     15.85580 -121.03530 -71.35722  39.84218 -114.42099 -137.16311       -23.98638 -81.19312 -31.51504 -39.84218 -97.32093 -74.57881      23.7727
4     16.46567 -119.14559 -70.34190  37.02624 -115.86800 -138.91388       -20.56057 -82.11935 -33.31566 -37.02624 -101.88764 -78.84176      31.6969
5     17.07554 -117.25588 -69.32659  34.21030 -117.31501 -140.66465       -17.13476 -83.04558 -35.11629 -34.21030 -106.45435 -83.10471      39.6211
6     17.68541 -115.36617 -68.31127  31.39436 -118.76202 -142.41542       -13.70896 -83.97180 -36.91691 -31.39436 -111.02106 -87.36766      47.5454
7     18.29527 -113.47645 -67.29595  28.57842 -120.20903 -144.16619       -10.28315 -84.89803 -38.71753 -28.57842 -115.58777 -91.63061      55.4696
8     18.90514 -111.58674 -66.28064  25.76248 -121.65604 -145.91696        -6.85734 -85.82426 -40.51815 -25.76248 -120.15448 -95.89355      63.3938
9     19.51501 -109.69703 -65.26532  22.94655 -123.10305 -147.66773        -3.43153 -86.75049 -42.31877 -22.94655 -124.72119 -100.15650      71.318
10     20.12488 -107.80732 -64.25000  20.13061 -124.55006 -149.41850        -0.00573 -87.67671 -44.11940 -20.13061 -129.28789 -104.41945      75.6534
11     20.73475 -105.91761 -63.23469  17.31467 -125.99707 -151.16927        -3.42008 -105.26232 -42.49994 -20.73475 -130.43452 -85.18286      73.7476
12     21.34462 -104.02790 -62.21937  14.49873 -127.44408 -152.92004        -6.84589 -106.09946 -40.87475 -21.34462 -131.57543 -82.68328      72.0995
13     21.95448 -102.13819 -61.20405  11.68279 -128.89109 -154.67081       -10.27169 -106.93660 -39.24957 -21.95448 -132.71633 -80.18370      70.7387
14     22.56435 -100.24848 -60.18874   8.86685 -130.33810 -156.42158       -13.69750 -107.77375 -37.62438 -22.56435 -133.85723 -77.68412      69.682
15     23.17422 -98.35877 -59.17342   6.05091 -131.78511 -158.17235       -17.12331 -108.61089 -35.99920 -23.17422 -134.99813 -75.18454      68.9435
16     23.78409 -96.46905 -58.15810   3.23498 -133.23212 -159.92313       -20.54911 -109.44803 -34.37401 -23.78409 -136.13903 -72.68496      68.5334
17     24.39396 -94.57934 -57.14279   0.41904 -134.67913 -161.67390       -23.97492 -110.28517 -32.74883 -24.39396 -137.27994 -70.18538      68.4576
18     25.00383 -92.68963 -56.12747  -2.39690 -136.12614 -163.42467       -27.40073 -111.12231 -31.12364 -25.00383 -138.42084 -67.68580      68.7173
19     25.61370 -90.79992 -55.11215  -5.21284 -137.57315 -165.17544       -30.82654 -111.95945 -29.49846 -25.61370 -139.56174 -65.18623      69.3086
20     26.22356 -88.91021 -54.09684  -8.02878 -139.02016 -166.92621       -34.25234 -112.79660 -27.87327 -26.22356 -140.70264 -62.68665      70.2232
21     26.83343 -87.02050 -53.08152 -10.84472 -140.46717 -168.67698       -37.67815 -113.63374 -26.24809 -26.83343 -141.84355 -60.18707      71.3753
22     27.44330 -85.13079 -52.06620 -13.66066 -141.91418 -170.42775       -41.10396 -114.47088 -24.62290 -27.44330 -142.98445 -57.68749      72.3756
23     28.05317 -83.24108 -51.05089 -16.47659 -143.36119 -172.17852       -44.52976 -115.30802 -22.99772 -28.05317 -144.12535 -55.18791      73.675
24     28.66304 -81.35136 -50.03557 -19.29253 -144.80820 -173.92929       -47.95557 -116.14516 -21.37253 -28.66304 -145.26625 -52.68833      75.2582
25     29.27291 -79.46165 -49.02025 -22.10847 -146.25521 -175.68006       -51.38138 -116.98230 -19.74735 -29.27291 -146.40715 -50.18875      77.1076
26     29.88277 -77.57194 -48.00494 -24.92441 -147.70222 -177.43083       -54.80718 -18.12216 -117.81945 -29.88277 -47.68917 -147.54806      79.2016
27     30.49264 -75.68223 -46.98962 -27.74035 -149.14923 -179.18160       -58.23299 -16.49698 -118.65659 -30.49264 -45.18959 -148.68896      80.7658
28     31.10251 -73.79252 -45.97430 -30.55629 -150.59624 -180.93237       -42.69001 -119.49373 -31.10251 -14.87179 -149.82986 -61.65880      82.5794
29     31.71238 -71.90281 -44.95899 -33.37223 -152.04325 -182.68314       -40.19043 -120.33087 -31.71238 -13.24661 -150.97076 -65.08461      84.6261
30     32.32225 -70.01310 -43.94367 -36.18816 -153.49026 -184.43391       -37.69085 -121.16801 -32.32225 -11.62142 -152.11166 -68.51041      86.8896
31     32.93212 -68.12339 -42.92835 -39.00410 -154.93727 -186.18468       -35.19127 -122.00515 -32.93212  -9.99624 -153.25257 -71.93622      89.3534
32     33.54199 -66.23368 -41.91304 -41.82004 -156.38428 -187.93545       -32.69169 -122.84230 -33.54199  -8.37105 -154.39347 -75.36203      92.0015
33     34.15185 -64.34396 -40.89772 -44.63598 -157.83129 -189.68622       -30.19211 -123.67944 -34.15185  -6.74587 -155.53437 -78.78783      94.8182
34     34.76172 -62.45425 -39.88240 -47.45192 -159.27830 -191.43699       -27.69253 -124.51658 -34.76172  -5.12068 -156.67527 -82.21364      97.7892
35     35.37159 -60.56454 -38.86709 -50.26786 -160.72531 -193.18776       -25.19295 -125.35372 -35.37159  -3.49550 -157.81617 -85.63945      100.901
36     35.98146 -58.67483 -37.85177 -53.08380 -162.17232 -194.93854       -22.69337 -126.19086 -35.98146  -1.87031 -158.95708 -89.06525      104.14
37     36.59133 -56.78512 -36.83645 -55.89973 -163.61933 -196.68931       -20.19379 -127.02800 -36.59133  -0.24513 -160.09798 -92.49106      107.496
38     37.20120 -54.89541 -35.82114 -58.71567 -165.06634 -198.44008        -1.38006 -94.53681 -35.82114 -19.07427 -126.48509 -159.85882      108.449
39     37.81106 -53.00570 -34.80582 -61.53161 -166.51335 -200.19085        -3.00524 -96.33743 -34.80582 -18.19988 -125.69704 -159.37454      109.034
40     38.42093 -51.11599 -33.79050 -64.34755 -167.96036 -201.94162        -4.63043 -98.13806 -33.79050 -17.32548 -124.90900 -158.89026      109.694
41     39.03080 -49.22627 -32.77519 -67.16349 -169.40737 -203.69239        -6.25561 -99.93868 -32.77519 -16.45109 -124.12096 -158.40597      110.427
42     39.64067 -47.33656 -31.75987 -69.97943 -170.85438 -205.44316        -7.88080 -101.73930 -31.75987 -15.57669 -123.33291 -157.92169      111.232
43     40.25054 -45.44685 -30.74455 -72.79537 -172.30139 -207.19393        -9.50598 -103.53992 -30.74455 -14.70230 -122.54487 -157.43741      112.108
44     40.86041 -43.55714 -29.72924 -75.61130 -173.74840 -208.94470       -11.13117 -105.34054 -29.72924 -13.82790 -121.75683 -156.95313      113.052
45     41.47027 -41.66743 -28.71392 -78.42724 -175.19541 -210.69547       -12.75635 -107.14117 -28.71392 -12.95351 -120.96878 -156.46884      113.588
46     42.08014 -39.77772 -27.69860 -81.24318 -176.64242 -212.44624       -14.38154 -108.94179 -27.69860 -12.07911 -120.18074 -155.98456      113.359
47     42.69001 -37.88801 -26.68329 -84.05912 -178.08943 -214.19701       -16.00672 -110.74241 -26.68329 -11.20472 -119.39270 -155.50028      113.007
48     43.29988 -35.99830 -25.66797 -86.87506 -179.53644 -215.94778       -118.60465 -10.33032 -25.66797 -112.54303 -17.63191 -155.01599      112.498
49     43.90975 -34.10859 -24.65266 -89.69100 -180.98345 -217.69855       -117.81661  -9.45593 -24.65266 -114.34365 -19.25709 -154.53171      112.062
50     44.51962 -32.21887 -23.63734 -92.50694 -182.43046 -219.44932       -117.02857  -8.58154 -23.63734 -116.14427 -20.88228 -154.04743      111.456
51     45.12949 -30.32916 -22.62202 -95.32288 -183.87747 -221.20009       -116.24052  -7.70714 -22.62202 -117.94490 -22.50746 -153.56314      110.584
52     45.73935 -28.43945 -21.60671 -98.13881 -185.32448 -222.95086       -115.45248  -6.83275 -21.60671 -119.74552 -24.13265 -153.07886      109.783
53     46.34922 -26.54974 -20.59139 -100.95475 -186.77149 -224.70163       -114.66444  -5.95835 -20.59139 -121.54614 -25.75783 -152.59458      109.054
54     46.95909 -24.66003 -19.57607 -103.77069 -188.21850 -226.45240       -113.87639  -5.08396 -19.57607 -123.34676 -27.38302 -152.11030      108.399
55     47.56896 -22.77032 -18.56076 -106.58663 -189.66551 -228.20317       -113.08835  -4.20956 -18.56076 -125.14738 -29.00820 -151.62601      107.819
56     48.17883 -20.88061 -17.54544 -109.40257 -191.11252 -229.95395       -112.30031  -3.33517 -17.54544 -126.94801 -30.63339 -151.14173      107.316
57     48.78870 -18.99090 -16.53012 -112.21851 -192.55953 -231.70472       -111.51226  -2.46077 -16.53012 -128.74863 -32.25857 -150.65745      106.89
58     49.39856 -17.10118 -15.51481 -115.03445 -194.00654 -233.45549       -110.72422  -1.58638 -15.51481 -130.54925 -33.88376 -150.17316      106.542
59     50.00843 -15.21147 -14.49949 -117.85038 -195.45355 -235.20626       -109.93618  -0.71198 -14.49949 -132.34987 -35.50894 -149.68888      106.274
60     50.61830 -13.32176 -13.48417 -120.66632 -196.90056 -236.95703       -149.04219  -0.16241 -13.32176 -133.98808 -37.29654 -108.98572      105.83
61     51.22817 -11.43205 -12.46886 -123.48226 -198.34757 -238.70780       -147.68351  -1.03680 -11.43205 -134.91431 -39.79612 -107.32328      104.375
62     51.83804  -9.54234 -11.45354 -126.29820 -199.79458 -240.45857       -146.32483  -1.91120  -9.54234 -135.84054 -42.29570 -105.66085      103.056
63     52.44791  -7.65263 -10.43822 -129.11414 -201.24159 -242.20934       -144.96615  -2.78559  -7.65263 -136.76677 -44.79528 -103.99841      101.878
64     53.05777  -5.76292  -9.42291 -131.93008 -202.68860 -243.96011       -143.60748  -3.65999  -5.76292 -137.69299 -47.29486 -102.33597      100.845
65     53.66764  -3.87321  -8.40759 -134.74602 -204.13561 -245.71088       -142.24880  -4.53438  -3.87321 -138.61922 -49.79444 -100.67353      99.9615
66     54.27751  -1.98349  -7.39227 -137.56195 -205.58262 -247.46165       -140.89012  -5.40878  -1.98349 -139.54545 -52.29402 -99.01109      99.2324
67     54.88738  -0.09378  -6.37696 -140.37789 -207.02963 -249.21242       -139.53144  -6.28317  -0.09378 -140.47168 -54.79360 -97.34866      98.6608
68     55.49725   1.79593  -5.36164 -143.19383 -208.47664 -250.96319       -55.49725  -1.79593  -5.36164 -139.60198 -97.48215 -136.37684      97.127
69     56.10712   3.68564  -4.34632 -146.00977 -209.92365 -252.71396       -56.10712  -3.68564  -4.34632 -138.63849 -97.70942 -133.12845      95.6813
70     56.71699   5.57535  -3.33101 -148.82571 -211.37066 -254.46473       -56.71699  -5.57535  -3.33101 -137.67501 -97.93669 -129.88006      94.3884
71     57.32685   7.46506  -2.31569 -151.64165 -212.81767 -256.21550       -57.32685  -7.46506  -2.31569 -136.71153 -98.16397 -126.63167      93.2547
72     57.93672   9.35477  -1.30037 -154.45759 -214.26468 -257.96627       -57.93672  -9.35477  -1.30037 -135.74804 -98.39124 -123.38328      91.5155
73     58.54659  11.24448  -0.28506 -157.27352 -215.71169 -259.71704       -58.54659 -11.24448  -0.28506 -134.78456 -98.61851 -120.13490      88.1023
74     59.15646  13.13419   0.73026 -160.08946 -217.15870 -261.46781       -98.11552 -12.40393  -0.73026 -133.09081 -58.42620 -117.61677      84.7168
75     59.76633  15.02391   1.74558 -162.90540 -218.60571 -263.21858       -97.32748 -13.27833  -1.74558 -131.11201 -58.02075 -115.38370      81.3281
76     60.37620  16.91362   2.76089 -165.72134 -220.05272 -264.96936       -96.53944 -14.15272  -2.76089 -129.13321 -57.61530 -113.15062      77.9395
77     60.98606  18.80333   3.77621 -168.53728 -221.49973 -266.72013       -95.75139 -15.02712  -3.77621 -127.15441 -57.20985 -110.91755      74.5508
78     61.59593  20.69304   4.79153 -171.35322 -222.94674 -268.47090       -94.96335 -15.90151  -4.79153 -125.17561 -56.80441 -108.68448      71.1621
79     62.20580  22.58275   5.80684 -174.16916 -224.39375 -270.22167       -94.17531 -16.77591  -5.80684 -123.19681 -56.39896 -106.45141      67.7734
80     62.81567  24.47246   6.82216 -176.98509 -225.84076 -271.97244       -93.38726 -17.65030  -6.82216 -121.21801 -55.99351 -104.21834      64.3848
81     63.42554  26.36217   7.83748 -179.80103 -227.28777 -273.72321       -92.59922 -18.52470  -7.83748 -119.23921 -55.58806 -101.98526      60.9961
82     64.03541  28.25188   8.85279 -182.61697 -228.73478 -275.47398       -91.81118 -19.39909  -8.85279 -117.26041 -55.18261 -99.75219      57.6074
83     64.64527  30.14160   9.86811 -185.43291 -230.18179 -277.22475       -91.02313 -20.27349  -9.86811 -115.28161 -54.77716 -97.51912      54.2187
84     65.25514  32.03131  10.88343 -188.24885 -231.62880 -278.97552       -90.23509 -21.14788 -10.88343 -113.30281 -54.37172 -95.28605      50.8301
85     65.86501  33.92102  11.89874 -191.06479 -233.07581 -280.72629       -89.44705 -22.02227 -11.89874 -111.32401 -53.96627 -93.05297      47.4414
86     66.47488  35.81073  12.91406 -193.88073 -234.52282 -282.47706       -88.65900 -22.89667 -12.91406 -109.34521 -53.56082 -90.81990      44.0527
87     67.08475  37.70044  13.92938 -196.69666 -235.96983 -284.22783       -87.87096 -23.77106 -13.92938 -107.36641 -53.15537 -88.58683      40.6641
88     67.69462  39.59015  14.94469 -199.51260 -237.41684 -285.97860       -87.08292 -24.64546 -14.94469 -105.38761 -52.74992 -86.35376      37.2754
89     68.30449  41.47986  15.96001 -202.32854 -238.86385 -287.72937       -86.29487 -25.51985 -15.96001 -103.40881 -52.34448 -84.12069      33.8867
90     68.91435  43.36957  16.97533 -205.14448 -240.31086 -289.48014       -85.50683 -26.39425 -16.97533 -101.43001 -51.93903 -81.88761      30.498
91     69.52422  45.25928  17.99064 -207.96042 -241.75787 -291.23091       -84.71879 -27.26864 -17.99064 -99.45121 -51.53358 -79.65454      27.1094
92     70.13409  47.14900  19.00596 -210.77636 -243.20488 -292.98168       -83.93074 -28.14304 -19.00596 -97.47241 -51.12813 -77.42147      23.7207
93     70.74396  49.03871  20.02128 -213.59230 -244.65189 -294.73245       -83.14270 -29.01743 -20.02128 -95.49361 -50.72268 -75.18840      20.332
94     71.35383  50.92842  21.03659 -216.40823 -246.09890 -296.48322       -82.35466 -29.89183 -21.03659 -93.51481 -50.31723 -72.95533      16.9434
95     71.96370  52.81813  22.05191 -219.22417 -247.54591 -298.23399       -81.56661 -30.76622 -22.05191 -91.53601 -49.91179 -70.72225      13.5547
96     72.57356  54.70784  23.06723 -222.04011 -248.99292 -299.98477       -80.77857 -31.64061 -23.06723 -89.55720 -49.50634 -68.48918      10.166
97     73.18343  56.59755  24.08254 -224.85605 -250.43993 -301.73554       -79.99053 -32.51501 -24.08254 -87.57840 -49.10089 -66.25611      6.77734
98     73.79330  58.48726  25.09786 -227.67199 -251.88694 -303.48631       -79.20248 -33.38940 -25.09786 -85.59960 -48.69544 -64.02304      3.38867
99     74.40317  60.37697  26.11318 -230.48793 -253.33395 -305.23708       -78.41444 -34.26380 -26.11318 -83.62080 -48.28999 -61.78997      1.35563e-13
