Fol_2018-02-13.10_45_49.73_.txt     Output is probe cell, reduced cell, NCDist distance between
0    1603.31515 2486.73168 3672.57404 -11471.52557 -8099.53706 -7328.09847       -1254.82310 -34.49037 -58.20653 -698.02273 -603.48554 -1565.75575      3.31451e-12
1    1593.80380 2462.54952 3636.06528 -11365.16292 -8044.35400 -7284.54522       -1267.84646 -47.16535 -12.67788 -749.05926 -699.70234 -1540.05740      122.172
2    1584.29246 2438.36735 3599.55652 -11258.80027 -7989.17094 -7240.99198       -763.06835 -26.98955 -32.85078 -767.24500 -1248.01905 -1547.20983      197.475
3    1574.78112 2414.18518 3563.04775 -11152.43762 -7933.98787 -7197.43873       -807.89237 -766.88875  -5.86412 -72.51531 -1561.17601 -1221.37789      248.705
4    1565.26977 2390.00301 3526.53899 -11046.07496 -7878.80481 -7153.88549       -825.72683 -739.54294 -38.71780 -85.19029 -1548.15265 -1221.72628      259.275    *****
5    1555.75843 2365.82084 3490.03023 -10939.71231 -7823.62175 -7110.33224       -843.56129 -712.19714 -71.57147 -97.86527 -1535.12928 -1222.07466      278.468
6    1546.24708 2341.63867 3453.52147 -10833.34966 -7768.43868 -7066.77900       -861.39575 -684.85133 -104.42515 -110.54025 -1522.10591 -1222.42305      304.658
7    1536.73574 2317.45650 3417.01270 -10726.98701 -7713.25562 -7023.22575       -879.23021 -657.50552 -137.27882 -123.21523 -1509.08254 -1222.77144      336.213
8    1527.22439 2293.27433 3380.50394 -10620.62436 -7658.07256 -6979.67251       -897.06468 -630.15972 -170.13250 -135.89022 -1496.05917 -1223.11983      371.771
9    1517.71305 2269.09216 3343.99518 -10514.26171 -7602.88949 -6936.11926       -914.89914 -602.81391 -202.98617 -148.56520 -1483.03580 -1223.46821      410.292
10    1508.20171 2244.90999 3307.48641 -10407.89906 -7547.70643 -6892.56601       -932.73360 -575.46811 -235.83985 -161.24018 -1470.01244 -1223.81660      451.017
11    1498.69036 2220.72782 3270.97765 -10301.53640 -7492.52337 -6849.01277       -950.56806 -548.12230 -268.69352 -173.91516 -1456.98907 -1224.16499      493.401
12    1489.17902 2196.54565 3234.46889 -10195.17375 -7437.34030 -6805.45952       -968.40252 -301.54720 -520.77649 -186.59014 -1224.51338 -1443.96570      537.051
13    1479.66767 2172.36348 3197.96013 -10088.81110 -7382.15724 -6761.90628       -986.23699 -334.40087 -493.43069 -199.26512 -1224.86177 -1430.94233      581.682
14    1470.15633 2148.18131 3161.45136 -9982.44845 -7326.97418 -6718.35303       -1004.07145 -367.25455 -466.08488 -211.94010 -1225.21015 -1417.91896      627.085
15    1460.64499 2123.99914 3124.94260 -9876.08580 -7271.79111 -6674.79979       -1021.90591 -400.10822 -438.73908 -224.61508 -1225.55854 -1404.89559      673.104
16    1451.13364 2099.81697 3088.43384 -9769.72315 -7216.60805 -6631.24654       -1225.90693 -237.29006 -411.39327 -432.96190 -1039.74037 -1391.87223      676.399
17    1441.62230 2075.63480 3051.92508 -9663.36049 -7161.42499 -6587.69330       -1226.25532 -249.96504 -384.04746 -465.81557 -1057.57483 -1378.84886      669.678
18    1432.11095 2051.45263 3015.41631 -9556.99784 -7106.24192 -6544.14005       -1226.60370 -262.64002 -356.70166 -498.66925 -1075.40930 -1365.82549      666.614
19    1422.59961 2027.27046 2978.90755 -9450.63519 -7051.05886 -6500.58681       -1226.95209 -275.31500 -329.35585 -531.52292 -1093.24376 -1352.80212      667.255
20    1413.08826 2003.08829 2942.39879 -9344.27254 -6995.87580 -6457.03356       -1227.30048 -287.98998 -302.01005 -564.37660 -1111.07822 -1339.77875      671.593
21    1403.57692 1978.90612 2905.89003 -9237.90989 -6940.69273 -6413.48032       -1227.64887 -300.66497 -274.66424 -597.23027 -1128.91268 -1326.75538      679.555
22    1394.06558 1954.72396 2869.38126 -9131.54724 -6885.50967 -6369.92707       -1227.99725 -313.33995 -247.31843 -630.08395 -1146.74714 -1313.73202      691.017
23    1384.55423 1930.54179 2832.87250 -9025.18459 -6830.32660 -6326.37382       -1228.34564 -326.01493 -219.97263 -662.93762 -1164.58161 -1300.70865      705.808
24    1375.04289 1906.35962 2796.36374 -8918.82193 -6775.14354 -6282.82058       -1228.69403 -338.68991 -192.62682 -695.79130 -1182.41607 -1287.68528      723.725
25    1365.53154 1882.17745 2759.85497 -8812.45928 -6719.96048 -6239.26733       -1229.04242 -351.36489 -165.28101 -728.64497 -1200.25053 -1274.66191      744.541
26    1356.02020 1857.99528 2723.34621 -8706.09663 -6664.77741 -6195.71409       -1229.39080 -364.03987 -137.93521 -761.49864 -1218.08499 -1261.63854      768.02
27    1346.50886 1833.81311 2686.83745 -8599.73398 -6609.59435 -6152.16084       -1229.73919 -376.71485 -110.58940 -794.35232 -1235.91945 -1248.61517      793.928
28    1336.99751 1809.63094 2650.32869 -8493.37133 -6554.41129 -6108.60760       -1230.08758 -389.38983 -83.24360 -827.20599 -1253.75392 -1235.59181      791.368
29    1327.48617 1785.44877 2613.81992 -8387.00868 -6499.22822 -6065.05435       -1230.43597 -402.06481 -55.89779 -860.05967 -1271.58838 -1222.56844      784.44
30    1317.97482 1761.26660 2577.31116 -8280.64603 -6444.04516 -6021.50111       -1230.78435 -414.73979 -28.55198 -892.91334 -1289.42284 -1209.54507      780.628
31    1308.46348 1737.08443 2540.80240 -8174.28337 -6388.86210 -5977.94786       -1231.13274 -427.41477  -1.20618 -925.76702 -1307.25730 -1196.52170      779.977
32    1298.95213 1712.90226 2504.29364 -8067.92072 -6333.67903 -5934.39462       -1298.95213 -413.95013 -26.13963 -932.48107 -1205.34150 -1209.63796      791.362
33    1289.44079 1688.72009 2467.78487 -7961.55807 -6278.49597 -5890.84137       -1289.44079 -399.27930 -53.48543 -937.98893 -1178.34408 -1223.96040      799.476
34    1279.92945 1664.53792 2431.27611 -7855.19542 -6223.31291 -5847.28813       -1279.92945 -384.60847 -80.83124 -943.49680 -1151.34666 -1238.28284      769.008
35    1270.41810 1640.35575 2394.76735 -7748.83277 -6168.12984 -5803.73488       -1270.41810 -369.93765 -108.17705 -949.00467 -1124.34924 -1252.60527      740.013
36    1260.90676 1616.17358 2358.25858 -7642.47012 -6112.94678 -5760.18163       -1260.90676 -355.26682 -135.52285 -954.51254 -1097.35183 -1266.92771      712.672
37    1251.39541 1591.99141 2321.74982 -7536.10746 -6057.76372 -5716.62839       -1251.39541 -340.59600 -162.86866 -960.02041 -1070.35441 -1281.25015      687.182
38    1241.88407 1567.80924 2285.24106 -7429.74481 -6002.58065 -5673.07514       -1241.88407 -325.92517 -190.21447 -965.52828 -1043.35699 -1295.57259      663.757
39    1232.37273 1543.62707 2248.73230 -7323.38216 -5947.39759 -5629.52190       -1232.37273 -311.25435 -217.56027 -971.03615 -1016.35957 -1309.89503      642.621
40    1222.86138 1519.44490 2212.22353 -7217.01951 -5892.21453 -5585.96865       -1222.86138 -296.58352 -244.90608 -976.54402 -989.36215 -1324.21746      624.009
41    1213.35004 1495.26273 2175.71477 -7110.65686 -5837.03146 -5542.41541       -1213.35004 -281.91270 -272.25188 -982.05188 -962.36473 -1338.53990      608.151
42    1203.83869 1471.08057 2139.20601 -7004.29421 -5781.84840 -5498.86216       -1203.83869 -267.24187 -299.59769 -987.55975 -935.36731 -1352.86234      595.267
43    1194.32735 1446.89840 2102.69725 -6897.93156 -5726.66534 -5455.30892       -1194.32735 -252.57105 -326.94350 -993.06762 -908.36990 -1367.18478      585.555
44    1184.81601 1422.71623 2066.18848 -6791.56890 -5671.48227 -5411.75567       -1184.81601 -237.90022 -354.28930 -998.57549 -881.37248 -1381.50721      579.174
45    1175.30466 1398.53406 2029.67972 -6685.20625 -5616.29921 -5368.20243       -1175.30466 -223.22940 -381.63511 -1004.08336 -854.37506 -1395.82965      576.234
46    1165.79332 1374.35189 1993.17096 -6578.84360 -5561.11615 -5324.64918       -1165.79332 -208.55857 -408.98091 -1009.59123 -827.37764 -1410.15209      576.787
47    1156.28197 1350.16972 1956.66219 -6472.48095 -5505.93308 -5281.09594       -1156.28197 -193.88775 -436.32672 -1015.09910 -800.38022 -1424.47453      580.825
48    1146.77063 1325.98755 1920.15343 -6366.11830 -5450.75002 -5237.54269       -1146.77063 -179.21692 -463.67253 -1020.60697 -773.38280 -1438.79697      588.275
49    1137.25928 1301.80538 1883.64467 -6259.75565 -5395.56696 -5193.98944       -1137.25928 -164.54609 -491.01833 -1026.11484 -746.38538 -1453.11940      599.01
50    1127.74794 1277.62321 1847.13591 -6153.39299 -5340.38389 -5150.43620       -1127.74794 -149.87527 -518.36414 -1031.62270 -719.38797 -1467.44184      612.858
51    1118.23660 1253.44104 1810.62714 -6047.03034 -5285.20083 -5106.88295       -1118.23660 -135.20444 -545.70995 -1037.13057 -692.39055 -1481.76428      629.612
52    1108.72525 1229.25887 1774.11838 -5940.66769 -5230.01777 -5063.32971       -1108.72525 -120.53362 -573.05575 -1042.63844 -665.39313 -1496.08672      649.049
53    1099.21391 1205.07670 1737.60962 -5834.30504 -5174.83470 -5019.77646       -1099.21391 -105.86279 -600.40156 -1048.14631 -638.39571 -1510.40915      670.934
54    1089.70256 1180.89453 1701.10086 -5727.94239 -5119.65164 -4976.22322       -1089.70256 -91.19197 -627.74736 -1053.65418 -611.39829 -1524.73159      695.037
55    1080.19122 1156.71236 1664.59209 -5621.57974 -5064.46857 -4932.66997       -1080.19122 -76.52114 -655.09317 -1059.16205 -584.40087 -1539.05403      721.135
56    1070.67988 1132.53019 1628.08333 -5515.21709 -5009.28551 -4889.11673       -1070.67988 -61.85032 -682.43898 -1064.66992 -557.40345 -1553.37647      749.02
57    1061.16853 1108.34802 1591.57457 -5408.85443 -4954.10245 -4845.56348       -1061.16853 -47.17949 -709.78478 -1070.17779 -530.40604 -1567.69891      778.499
58    1051.65719 1084.16585 1555.06580 -5302.49178 -4898.91938 -4802.01024       -1051.65719 -32.50867 -737.13059 -1075.68565 -503.40862 -1582.02134      809.399
59    1042.14584 1059.98368 1518.55704 -5196.12913 -4843.73632 -4758.45699       -1042.14584 -17.83784 -764.47639 -1081.19352 -476.41120 -1596.34378      841.564
60    1032.63450 1035.80151 1482.04828 -5089.76648 -4788.55326 -4714.90375       -1032.63450  -3.16702 -791.82220 -1086.70139 -449.41378 -1610.66622      874.853
61    1023.12315 1011.61934 1445.53952 -4983.40383 -4733.37019 -4671.35050       -1011.61934 -11.50381 -1080.70545 -807.66420 -433.92017 -1613.48485      894.666
62    1013.61181 987.43717 1409.03075 -4877.04118 -4678.18713 -4627.79725       -987.43717 -26.17464 -1071.54249 -820.33918 -421.59358 -1613.13646      911.52
63    1004.10047 963.25501 1372.52199 -4770.67853 -4623.00407 -4584.24401       -963.25501 -40.84546 -1062.37954 -833.01416 -409.26699 -1612.78807      929.356
64    994.58912 939.07284 1336.01323 -4664.31587 -4567.82100 -4540.69076       -939.07284 -55.51629 -1053.21658 -845.68914 -396.94039 -1612.43968      948.12
65    985.07778 914.89067 1299.50447 -4557.95322 -4512.63794 -4497.13752       -914.89067 -70.18711 -1044.05362 -858.36412 -384.61380 -1612.09130      967.757
66    975.56643 890.70850 1262.99570 -4451.59057 -4457.45488 -4453.58427       -890.70850 -84.85794 -1034.89067 -871.03910 -372.28721 -1611.74291      988.214
67    966.05509 866.52633 1226.48694 -4345.22792 -4402.27181 -4410.03103       -866.52633 -99.52876 -1025.72771 -883.71408 -359.96061 -1611.39452      1009.44
68    956.54375 842.34416 1189.97818 -4238.86527 -4347.08875 -4366.47778       -842.34416 -114.19959 -1016.56475 -896.38906 -347.63402 -1611.04613      1031.4
69    947.03240 818.16199 1153.46941 -4132.50262 -4291.90569 -4322.92454       -818.16199 -128.87041 -1007.40180 -909.06404 -335.30743 -1610.69775      1054.03
70    937.52106 793.97982 1116.96065 -4026.13996 -4236.72262 -4279.37129       -793.97982 -143.54124 -998.23884 -921.73902 -322.98083 -1610.34936      1041.04
71    928.00971 769.79765 1080.45189 -3919.77731 -4181.53956 -4235.81805       -158.21206 -769.79765 -989.07588 -310.65424 -934.41400 -1610.00097      1006.52
72    918.49837 745.61548 1043.94313 -3813.41466 -4126.35650 -4192.26480       -172.88289 -745.61548 -979.91293 -298.32765 -947.08898 -1609.65258      972.012
73    908.98702 721.43331 1007.43436 -3707.05201 -4071.17343 -4148.71156       -187.55371 -721.43331 -970.74997 -286.00105 -959.76397 -1609.30420      937.507
74    899.47568 697.25114 970.92560 -3600.68936 -4015.99037 -4105.15831       -202.22454 -697.25114 -961.58701 -273.67446 -972.43895 -1608.95581      903.01
75    889.96434 673.06897 934.41684 -3494.32671 -3960.80731 -4061.60506       -216.89537 -673.06897 -952.42406 -261.34787 -985.11393 -1608.60742      868.52
76    880.45299 648.88680 897.90808 -3387.96406 -3905.62424 -4018.05182       -231.56619 -648.88680 -943.26110 -249.02127 -997.78891 -1608.25903      834.039
77    870.94165 624.70463 861.39931 -3281.60140 -3850.44118 -3974.49857       -246.23702 -624.70463 -934.09815 -236.69468 -1010.46389 -1607.91065      799.567
78    861.43030 600.52246 824.89055 -3175.23875 -3795.25812 -3930.94533       -260.90784 -600.52246 -924.93519 -224.36809 -1023.13887 -1607.56226      765.107
79    851.91896 576.34029 788.38179 -3068.87610 -3740.07505 -3887.39208       -275.57867 -576.34029 -915.77223 -212.04149 -1035.81385 -1607.21387      730.659
80    842.40762 552.15812 751.87303 -2962.51345 -3684.89199 -3843.83884       -290.24949 -552.15812 -906.60928 -199.71490 -1048.48883 -1606.86548      696.225
81    832.89627 527.97595 715.36426 -2856.15080 -3629.70893 -3800.28559       -304.92032 -527.97595 -897.44632 -187.38831 -1061.16381 -1606.51710      661.808
82    823.38493 503.79378 678.85550 -2749.78815 -3574.52586 -3756.73235       -319.59114 -503.79378 -888.28336 -175.06171 -1073.83879 -1606.16871      627.41
83    813.87358 479.61162 642.34674 -2643.42549 -3519.34280 -3713.17910       -334.26197 -479.61162 -879.12041 -162.73512 -1086.51377 -1605.82032      593.035
84    804.36224 455.42945 605.83797 -2537.06284 -3464.15974 -3669.62586       -348.93279 -455.42945 -869.95745 -150.40853 -1099.18875 -1605.47193      558.687
85    794.85090 431.24728 569.32921 -2430.70019 -3408.97667 -3626.07261       -363.60362 -431.24728 -860.79449 -138.08194 -1111.86373 -1605.12354      524.372
86    785.33955 407.06511 532.82045 -2324.33754 -3353.79361 -3582.51937       -378.27444 -407.06511 -851.63154 -125.75534 -1124.53872 -1604.77516      490.095
87    775.82821 382.88294 496.31169 -2217.97489 -3298.61054 -3538.96612       -392.94527 -382.88294 -842.46858 -113.42875 -1137.21370 -1604.42677      455.866
88    766.31686 358.70077 459.80292 -2111.61224 -3243.42748 -3495.41287       -407.61609 -833.30562 -358.70077 -101.10216 -1604.07838 -1149.88868      421.697
89    756.80552 334.51860 423.29416 -2005.24959 -3188.24442 -3451.85963       -422.28692 -824.14267 -334.51860 -88.77556 -1603.72999 -1162.56366      387.603
90    747.29417 310.33643 386.78540 -1898.88693 -3133.06135 -3408.30638       -436.95775 -814.97971 -310.33643 -76.44897 -1603.38161 -1175.23864      353.606
91    737.78283 286.15426 350.27664 -1792.52428 -3077.87829 -3364.75314       -451.62857 -805.81675 -286.15426 -64.12238 -1603.03322 -1187.91362      319.736
92    728.27149 261.97209 313.76787 -1686.16163 -3022.69523 -3321.19989       -466.29940 -796.65380 -261.97209 -51.79578 -1602.68483 -1200.58860      286.04
93    718.76014 237.78992 277.25911 -1579.79898 -2967.51216 -3277.64665       -480.97022 -787.49084 -237.78992 -39.46919 -1602.33644 -1213.26358      252.587
94    709.24880 213.60775 240.75035 -1473.43633 -2912.32910 -3234.09340       -495.64105 -778.32788 -213.60775 -27.14260 -1601.98806 -1225.93856      219.487
95    699.73745 189.42558 204.24158 -1367.07368 -2857.14604 -3190.54016       -510.31187 -769.16493 -189.42558 -14.81600 -1601.63967 -1238.61354      186.929
96    690.22611 165.24341 167.73282 -1260.71103 -2801.96297 -3146.98691       -524.98270 -760.00197 -165.24341  -2.48941 -1601.29128 -1251.28852      155.254
97    680.71477 141.06124 131.22406 -1154.34837 -2746.77991 -3103.43367       -1254.12632  -9.83718 -131.22406 -741.00183 -549.49071 -1591.10571      106.513
98    671.20342 116.87907  94.71530 -1047.98572 -2691.59685 -3059.88042       -1254.47471 -22.16378 -94.71530 -719.51228 -576.48812 -1578.43073      53.2567
99    661.69208  92.69690  58.20653 -941.62307 -2636.41378 -3016.32718       -1254.82310 -34.49037 -58.20653 -698.02273 -603.48554 -1565.75575      7.19019e-13
