Fol_2018-02-12.11_42_31.11_.txt     Output is probe cell, reduced cell, NCDist distance between
0    749.38528 485.15303 749.97728 -1744.89145 -2670.32093 -1736.54515       -63.67773  -7.16231 -10.28350 -24.01611 -73.28157 -83.46728      6.82121e-13
1    741.17252 480.18015 742.29788 -1727.50888 -2644.08821 -1719.84740       -72.21266 -14.02915  -5.41077 -23.72534 -79.93946 -77.38811      10.9241
2    732.95976 475.20727 734.61847 -1710.12630 -2617.85549 -1703.14964       -80.74760 -17.77481  -3.65924 -23.43457 -76.41164 -81.49465      20.2625
3    724.74701 470.23439 726.93907 -1692.74372 -2591.62277 -1686.45189       -72.88381 -23.14381  -1.90770 -21.52047 -89.28254 -85.60119      21.6695
4    716.53425 465.26150 719.25967 -1675.36114 -2565.39005 -1669.75413       -69.35599 -22.85304  -0.15617 -25.26612 -97.81748 -89.70772      26.77    *****
5    708.32149 460.28862 711.58027 -1657.97856 -2539.15733 -1653.05637       -64.23280 -27.41641  -1.59537 -20.96690 -104.75705 -95.40963      33.8468
6    700.10873 455.31574 703.90087 -1640.59598 -2512.92461 -1636.35862       -58.95345 -29.41053  -3.34690 -18.92460 -111.54045 -101.26770      42.5189
7    691.89598 450.34286 696.22147 -1623.21340 -2486.69189 -1619.66086       -53.67409 -31.40466  -5.09844 -16.88229 -118.32386 -107.12577      52.0475
8    683.68322 445.36998 688.54206 -1605.83082 -2460.45917 -1602.96310       -48.39473 -33.39878  -6.84997 -14.83999 -125.10726 -112.98385      62.0392
9    675.47046 440.39709 680.86266 -1588.44824 -2434.22645 -1586.26535       -43.11537 -35.39290  -8.60151 -12.79769 -131.89066 -118.84192      72.3023
10    667.25770 435.42421 673.18326 -1571.06566 -2407.99373 -1569.56759       -37.83602 -37.38702 -10.35304 -10.75538 -138.67407 -124.69999      82.7359
11    659.04495 430.45133 665.50386 -1553.68308 -2381.76101 -1552.86983       -32.55666 -39.38114 -12.10458  -8.71308 -145.45747 -130.55807      93.2827
12    650.83219 425.47845 657.82446 -1536.30050 -2355.52828 -1536.17208       -27.27730 -41.37526 -13.85611  -6.67078 -152.24087 -136.41614      103.908
13    642.61943 420.50556 650.14505 -1518.91792 -2329.29556 -1519.47432       -21.99795 -43.36939 -15.60764  -4.62847 -159.02428 -142.27421      114.591
14    634.40667 415.53268 642.46565 -1501.53535 -2303.06284 -1502.77657       -16.71859 -45.36351 -17.35918  -2.58617 -165.80768 -148.13228      125.316
15    626.19392 410.55980 634.78625 -1484.15277 -2276.83012 -1486.07881       -11.43923 -47.35763 -19.11071  -0.54387 -172.59108 -153.99036      136.073
16    617.98116 405.58692 627.10685 -1466.77019 -2250.59740 -1469.38105        -7.65831 -47.85331 -19.36381  -1.49844 -158.34999 -177.87605      144.108
17    609.76840 400.61404 619.42745 -1449.38761 -2224.36468 -1452.68330        -4.42126 -47.80513 -19.07304  -3.54074 -162.16576 -182.61715      150.61
18    601.55564 395.64115 611.74805 -1432.00503 -2198.13196 -1435.98554        -1.18421 -47.75695 -18.78227  -5.58304 -165.98153 -187.35825      157.172
19    593.34289 390.66827 604.06864 -1414.62245 -2171.89924 -1419.28778        -9.67819 -167.74445 -16.43866  -2.05285 -190.04650 -45.65592      162.259
20    585.13013 385.69539 596.38924 -1397.23987 -2145.66652 -1402.59003       -14.95755 -168.32317 -12.91084  -5.28990 -191.55055 -42.37068      163.707
21    576.91737 380.72251 588.70984 -1379.85729 -2119.43380 -1385.89227       -20.23691 -168.90188  -9.38301  -8.52695 -193.05460 -39.08545      163.987
22    568.70461 375.74962 581.03044 -1362.47471 -2093.20108 -1369.19452       -25.51627 -169.48060  -5.85519 -11.76401 -194.55864 -35.80021      164.037
23    560.49185 370.77674 573.35104 -1345.09213 -2066.96836 -1352.49676       -30.79562 -170.05932  -2.32737 -15.00106 -196.06269 -32.51498      164.479
24    552.27910 365.80386 565.67163 -1327.70955 -2040.73563 -1335.79900        -1.20045 -34.87453 -17.03766 -30.43020 -169.43758 -196.36628      163.555
25    544.06634 360.83098 557.99223 -1310.32697 -2014.50291 -1319.10125        -4.72828 -36.62606 -16.74689 -30.67278 -166.48847 -194.34251      159.405
26    535.85358 355.85810 550.31283 -1292.94439 -1988.27019 -1302.40349        -8.25610 -38.37759 -16.45612 -30.91537 -163.53936 -192.31873      155.328
27    527.64082 350.88521 542.63343 -1275.56182 -1962.03747 -1285.70573       -11.78392 -40.12913 -16.16535 -31.15796 -160.59026 -190.29496      151.329
28    519.42807 345.91233 534.95403 -1258.17924 -1935.80475 -1269.00798       -15.31174 -41.88066 -15.87458 -31.40055 -157.64115 -188.27118      147.414
29    511.21531 340.93945 527.27463 -1240.79666 -1909.57203 -1252.31022       -18.83957 -43.63220 -15.58382 -31.64313 -154.69204 -186.24741      143.59
30    503.00255 335.96657 519.59522 -1223.41408 -1883.33931 -1235.61247       -22.36739 -45.38373 -15.29305 -31.88572 -151.74294 -184.22363      139.866
31    494.78979 330.99368 511.91582 -1206.03150 -1857.10659 -1218.91471       -25.89521 -47.13527 -15.00228 -32.12831 -148.79383 -182.19985      136.248
32    486.57704 326.02080 504.23642 -1188.64892 -1830.87387 -1202.21695       -29.42303 -48.88680 -14.71151 -32.37089 -145.84472 -180.17608      132.747
33    478.36428 321.04792 496.55702 -1171.26634 -1804.64115 -1185.51920       -32.95085 -50.63834 -14.42074 -32.61348 -142.89562 -178.15230      129.315
34    470.15152 316.07504 488.87762 -1153.88376 -1778.40843 -1168.82144       -36.47868 -52.38987 -14.12997 -32.85607 -139.94651 -176.12853      125.823
35    461.93876 311.10216 481.19822 -1136.50118 -1752.17571 -1152.12368       -40.00650 -54.14141 -13.83920 -33.09865 -136.99740 -174.10475      122.464
36    453.72601 306.12927 473.51881 -1119.11860 -1725.94298 -1135.42593       -43.53432 -55.89294 -13.54843 -33.34124 -134.04830 -172.08098      119.248
37    445.51325 301.15639 465.83941 -1101.73602 -1699.71026 -1118.72817       -47.06214 -57.64448 -13.25766 -33.58383 -131.09919 -170.05720      116.189
38    437.30049 296.18351 458.16001 -1084.35344 -1673.47754 -1102.03041       -50.58997 -59.39601 -12.96690 -33.82642 -128.15009 -168.03342      113.299
39    429.08773 291.21063 450.48061 -1066.97087 -1647.24482 -1085.33266       -54.11779 -61.14754 -12.67613 -34.06900 -125.20098 -166.00965      110.59
40    420.87497 286.23775 442.80121 -1049.58829 -1621.01210 -1068.63490       -57.64561 -62.89908 -12.38536 -34.31159 -122.25187 -163.98587      108.077
41    412.66222 281.26486 435.12180 -1032.20571 -1594.77938 -1051.93715       -61.17343 -64.65061 -12.09459 -34.55418 -119.30277 -161.96210      105.773
42    404.44946 276.29198 427.44240 -1014.82313 -1568.54666 -1035.23939       -64.70126 -66.40215 -11.80382 -34.79676 -116.35366 -159.93832      103.693
43    396.23670 271.31910 419.76300 -997.44055 -1542.31394 -1018.54163       -68.22908 -68.15368 -11.51305 -35.03935 -113.40455 -157.91455      101.849
44    388.02394 266.34622 412.08360 -980.05797 -1516.08122 -1001.84388       -71.75690 -69.90522 -11.22228 -35.28194 -110.45545 -155.89077      100.256
45    379.81119 261.37333 404.40420 -962.67539 -1489.84850 -985.14612       -107.50634 -35.52452 -10.93151 -71.65675 -75.28472 -153.86699      98.9257
46    371.59843 256.40045 396.72480 -945.29281 -1463.61578 -968.44836       -104.55723 -35.76711 -10.64074 -73.40829 -78.81254 -151.84322      97.868
47    363.38567 251.42757 389.04539 -927.91023 -1437.38305 -951.75061       -101.60813 -36.00970 -10.34998 -75.15982 -82.34037 -149.81944      96.8052
48    355.17291 246.45469 381.36599 -910.52765 -1411.15033 -935.05285       -98.65902 -36.25229 -10.05921 -76.91136 -85.86819 -147.79567      95.7311
49    346.96016 241.48181 373.68659 -893.14507 -1384.91761 -918.35510       -95.70991 -36.49487  -9.76844 -78.66289 -89.39601 -145.77189      94.9449
50    338.74740 236.50892 366.00719 -875.76249 -1358.68489 -901.65734       -92.76081 -36.73746  -9.47767 -80.41443 -92.92383 -143.74812      94.4539
51    330.53464 231.53604 358.32779 -858.37991 -1332.45217 -884.95958       -89.81170 -36.98005  -9.18690 -82.16596 -96.45166 -141.72434      94.2625
52    322.32188 226.56316 350.64839 -840.99734 -1306.21945 -868.26183       -86.86259 -37.22263  -8.89613 -83.91750 -99.97948 -139.70056      94.3728
53    314.10913 221.59028 342.96898 -823.61476 -1279.98673 -851.56407       -83.91349 -37.46522  -8.60536 -85.66903 -103.50730 -137.67679      94.7835
54    305.89637 216.61739 335.28958 -806.23218 -1253.75401 -834.86631       -80.96438 -37.70781  -8.31459 -87.42056 -107.03512 -135.65301      95.4909
55    297.68361 211.64451 327.61018 -788.84960 -1227.52129 -818.16856       -78.01527 -37.95039  -8.02382 -89.17210 -110.56295 -133.62924      96.4884
56    289.47085 206.67163 319.93078 -771.46702 -1201.28857 -801.47080       -75.06617 -38.19298  -7.73306 -90.92363 -114.09077 -131.60546      97.767
57    281.25810 201.69875 312.25138 -754.08444 -1175.05585 -784.77305       -72.11706 -38.43557  -7.44229 -92.67517 -117.61859 -129.58169      99.3161
58    273.04534 196.72587 304.57197 -736.70186 -1148.82313 -768.07529       -69.16795 -38.67816  -7.15152 -94.42670 -121.14641 -127.55791      100.795
59    264.83258 191.75298 296.89257 -719.31928 -1122.59040 -751.37753       -66.21885 -38.92074  -6.86075 -96.17824 -124.67423 -125.53414      102.286
60    256.61982 186.78010 289.21317 -701.93670 -1096.35768 -734.67978       -63.26974 -39.16333  -6.56998 -97.92977 -128.20206 -123.51036      104.028
61    248.40706 181.80722 281.53377 -684.55412 -1070.12496 -717.98202       -60.32063 -39.40592  -6.27921 -99.68131 -131.72988 -121.48658      106.011
62    240.19431 176.83434 273.85437 -667.17154 -1043.89224 -701.28426       -57.37153 -39.64850  -5.98844 -101.43284 -135.25770 -119.46281      108.221
63    231.98155 171.86145 266.17497 -649.78896 -1017.65952 -684.58651       -54.42242 -39.89109  -5.69767 -103.18438 -138.78552 -117.43903      110.644
64    223.76879 166.88857 258.49556 -632.40638 -991.42680 -667.88875       -51.47331 -40.13368  -5.40691 -104.93591 -142.31335 -115.41526      113.266
65    215.55603 161.91569 250.81616 -615.02381 -965.19408 -651.19100       -48.52421 -40.37626  -5.11614 -106.68745 -145.84117 -113.39148      116.074
66    207.34328 156.94281 243.13676 -597.64123 -938.96136 -634.49324       -45.57510  -4.82537 -40.61885 -108.43898 -111.36771 -149.36899      119.055
67    199.13052 151.96993 235.45736 -580.25865 -912.72864 -617.79548       -42.62600  -4.53460 -40.86144 -110.19051 -109.34393 -152.89681      122.197
68    190.91776 146.99704 227.77796 -562.87607 -886.49592 -601.09773       -39.67689  -4.24383 -41.10403 -111.94205 -107.32015 -156.42464      125.486
69    182.70500 142.02416 220.09856 -545.49349 -860.26320 -584.39997       -36.72778  -3.95306 -41.34661 -113.69358 -105.29638 -159.95246      128.913
70    174.49225 137.05128 212.41915 -528.11091 -834.03048 -567.70221       -33.77868  -3.66229 -41.58920 -115.44512 -103.27260 -163.48028      132.465
71    166.27949 132.07840 204.73975 -510.72833 -807.79775 -551.00446       -30.82957  -3.37152 -41.83179 -117.19665 -101.24883 -167.00810      136.134
72    158.06673 127.10551 197.06035 -493.34575 -781.56503 -534.30670       -27.88046  -3.08075 -42.07437 -118.94819 -99.22505 -170.53592      139.91
73    149.85397 122.13263 189.38095 -475.96317 -755.33231 -517.60894        -2.78999 -24.93136 -42.31696 -97.20128 -120.69972 -174.06375      143.785
74    141.64122 117.15975 181.70155 -458.58059 -729.09959 -500.91119        -2.49922 -21.98225 -42.55955 -95.17750 -122.45126 -177.59157      146.1
75    133.42846 112.18687 174.02214 -441.19801 -702.86687 -484.21343        -2.20845 -19.03314 -42.80213 -93.15372 -124.20279 -181.11939      147.938
76    125.21570 107.21399 166.34274 -423.81543 -676.63415 -467.51568        -1.91768 -16.08404 -43.04472 -91.12995 -125.95433 -184.64721      149.944
77    117.00294 102.24110 158.66334 -406.43285 -650.40143 -450.81792        -1.62691 -13.13493 -43.28731 -89.10617 -127.70586 -188.17504      152.111
78    108.79019  97.26822 150.98394 -389.05028 -624.16871 -434.12016        -1.33614 -10.18582 -43.52990 -87.08240 -129.45740 -191.70286      154.431
79    100.57743  92.29534 143.30454 -371.66770 -597.93599 -417.42241        -1.04537  -7.23672 -43.77248 -85.05862 -131.20893 -195.23068      156.899
80     92.36467  87.32246 135.62514 -354.28512 -571.70327 -400.72465        -0.75460  -4.28761 -44.01507 -83.03485 -132.96046 -198.75850      159.506
81     84.15191  82.34957 127.94573 -336.90254 -545.47055 -384.02689        -0.46383  -1.33850 -44.25766 -81.01107 -134.71200 -202.28633      162.247
82     75.93915  77.37669 120.26633 -319.51996 -519.23783 -367.32914        -1.43754 -136.63660  -0.17307 -44.32718 -202.76601 -75.93915      161.897
83     67.72640  72.40381 112.58693 -302.13738 -493.00510 -350.63138        -0.11770  -4.55971 -44.74283 -67.84410 -137.97966 -199.98714      157.853
84     59.51364  67.43093 104.90753 -284.75480 -466.77238 -333.93363        -0.40847  -7.50882 -44.98542 -59.92211 -139.14966 -197.03522      154.055
85     51.30088  62.45805  97.22813 -267.37222 -440.53966 -317.23587        -0.69924 -10.45792 -45.22800 -52.00012 -140.31966 -194.08329      150.703
86     43.08812  57.48516  89.54872 -249.98964 -414.30694 -300.53811        -0.99001 -13.40703 -45.47059 -44.07813 -141.48965 -191.13136      147.828
87     34.87537  52.51228  81.86932 -232.60706 -388.07422 -283.84036        -1.28078 -16.35614 -45.71318 -36.15615 -142.65965 -188.17943      145.46
88     26.66261  47.53940  74.18992 -215.22448 -361.84150 -267.14260        -1.57155 -19.30524 -45.95577 -28.23416 -143.82965 -185.22750      143.621
89     18.44985  42.56652  66.51052 -197.84190 -335.60878 -250.44484        -1.86232 -22.25435 -46.19835 -20.31217 -144.99964 -182.27557      142.076
90     10.23709  37.59363  58.83112 -180.45933 -309.37606 -233.74709        -2.15309 -25.20346 -46.44094 -12.39018 -146.16964 -179.32364      140.859
91      2.02434  32.62075  51.15172 -163.07675 -283.14334 -217.04933        -2.44385 -28.15256 -46.68353  -4.46819 -147.33964 -176.37172      140.215
92     -6.18842  27.64787  43.47231 -145.69417 -256.91062 -200.35158        -6.18842 -43.47231 -27.64787  -3.45380 -145.05584 -169.96599      133.303
93    -14.40118  22.67499  35.79291 -128.31159 -230.67790 -183.65382       -14.40118 -35.79291 -22.67499 -11.37579 -138.30384 -159.09207      116.225
94    -22.61394  17.70211  28.11351 -110.92901 -204.44518 -166.95606       -22.61394 -28.11351 -17.70211 -19.29778 -131.55185 -148.21815      98.9474
95    -30.82669  12.72922  20.43411 -93.54643 -178.21245 -150.25831       -30.82669 -20.43411 -12.72922 -27.21977 -124.79986 -137.34424      82.6344
96    -39.03945   7.75634  12.75471 -76.16385 -151.97973 -133.56055       -39.03945 -12.75471  -7.75634 -35.14175 -118.04787 -126.47032      67.9836
97    -47.25221   2.78346   5.07531 -58.78127 -125.74701 -116.86279       -47.25221  -5.07531  -2.78346 -43.06374 -111.29588 -115.59640      56.3079
98    -55.46497  -2.18942  -2.60410 -41.39869 -99.51429 -100.16504       -55.46497  -2.18942  -2.60410 -41.39869 -99.51429 -100.16504      37.6866
99    -63.67773  -7.16231 -10.28350 -24.01611 -73.28157 -83.46728       -63.67773  -7.16231 -10.28350 -24.01611 -73.28157 -83.46728      0
