Fol_2018-02-06.15_56_43.76_.txt     Output is probe cell, reduced cell, NCDist distance between
0     18.23818 -84.75924 -138.27323  62.27691 -99.70230 -85.45102       -23.17411 -44.03874 -37.42539 -22.48233 -62.27691 -75.99631      5.50384e-14
1     17.81987 -84.34792 -137.25456  61.42076 -99.32427 -85.35552       -23.93476 -43.60089 -37.90351 -22.92716 -61.42076 -75.83380      1.39864
2     17.40157 -83.93660 -136.23590  60.56460 -98.94623 -85.26002       -24.69541 -43.16304 -38.38163 -23.37200 -60.56460 -75.67129      2.79728
3     16.98326 -83.52529 -135.21723  59.70845 -98.56820 -85.16452       -25.45607 -42.72519 -38.85975 -23.81684 -59.70845 -75.50878      4.19591
4     16.56495 -83.11397 -134.19857  58.85230 -98.19016 -85.06901       -26.21672 -42.28734 -39.33787 -24.26167 -58.85230 -75.34627      5.59455
5     16.14665 -82.70265 -133.17990  57.99614 -97.81213 -84.97351       -26.97737 -41.84950 -39.81599 -24.70651 -57.99614 -75.18376      6.99319
6     15.72834 -82.29133 -132.16124  57.13999 -97.43409 -84.87801       -27.73802 -41.41165 -40.29411 -25.15134 -57.13999 -75.02125      8.39183
7     15.31004 -81.88001 -131.14257  56.28383 -97.05606 -84.78251       -28.49867 -40.97380 -40.77223 -25.59618 -56.28383 -74.85874      9.79047
8     14.89173 -81.46869 -130.12391  55.42768 -96.67803 -84.68701       -29.25933 -40.53595 -41.25035 -26.04101 -55.42768 -74.69623      11.1891
9     14.47342 -81.05738 -129.10524  54.57153 -96.29999 -84.59150       -30.01998 -40.09810 -41.72846 -26.48585 -54.57153 -74.53371      12.5877
10     14.05512 -80.64606 -128.08658  53.71537 -95.92196 -84.49600       -30.78063 -39.66026 -42.20658 -26.93069 -53.71537 -74.37120      13.9864
11     13.63681 -80.23474 -127.06791  52.85922 -95.54392 -84.40050       -31.54128 -39.22241 -42.68470 -27.37552 -52.85922 -74.20869      15.385
12     13.21851 -79.82342 -126.04925  52.00307 -95.16589 -84.30500       -32.30193 -38.78456 -43.16282 -27.82036 -52.00307 -74.04618      16.7837
13     12.80020 -79.41210 -125.03058  51.14691 -94.78786 -84.20950       -33.06258 -38.34671 -43.64094 -28.26519 -51.14691 -73.88367      18.1823
14     12.38189 -79.00079 -124.01192  50.29076 -94.40982 -84.11399       -33.82324 -37.90886 -44.11906 -28.71003 -50.29076 -73.72116      19.5809
15     11.96359 -78.58947 -122.99325  49.43460 -94.03179 -84.01849       -34.58389 -37.47102 -44.59718 -29.15486 -49.43460 -73.55865      20.9796
16     11.54528 -78.17815 -121.97459  48.57845 -93.65375 -83.92299       -35.34454 -37.03317 -45.07530 -29.59970 -48.57845 -73.39614      22.3782
17     11.12698 -77.76683 -120.95592  47.72230 -93.27572 -83.82749       -36.10519 -36.59532 -45.55342 -30.04454 -47.72230 -73.23363      23.7768
18     10.70867 -77.35551 -119.93726  46.86614 -92.89768 -83.73198       -36.86584 -36.15747 -46.03154 -30.48937 -46.86614 -73.07111      25.1755
19     10.29036 -76.94419 -118.91859  46.00999 -92.51965 -83.63648       -37.62650 -35.71962 -46.50966 -30.93421 -46.00999 -72.90860      26.5741
20      9.87206 -76.53288 -117.89993  45.15383 -92.14162 -83.54098       -38.38715 -35.28178 -46.98778 -31.37904 -45.15383 -72.74609      27.9728
21      9.45375 -76.12156 -116.88126  44.29768 -91.76358 -83.44548       -39.14780 -34.84393 -47.46590 -31.82388 -44.29768 -72.58358      29.3714
22      9.03545 -75.71024 -115.86260  43.44153 -91.38555 -83.34998       -39.90845 -34.40608 -47.94402 -32.26871 -43.44153 -72.42107      30.77
23      8.61714 -75.29892 -114.84393  42.58537 -91.00751 -83.25447       -40.66910 -33.96823 -48.42214 -32.71355 -42.58537 -72.25856      32.1687
24      8.19883 -74.88760 -113.82527  41.72922 -90.62948 -83.15897       -41.72922 -33.15839 -48.90026 -33.53038 -41.42975 -72.09605      33.5673
25      7.78053 -74.47628 -112.80660  40.87306 -90.25144 -83.06347       -40.87306 -33.60322 -49.37838 -33.09254 -42.19041 -71.93354      33.1297
26      7.36222 -74.06497 -111.78794  40.01691 -89.87341 -82.96797       -40.01691 -34.04806 -49.85650 -32.65469 -42.95106 -71.77103      32.1379
27      6.94392 -73.65365 -110.76927  39.16076 -89.49538 -82.87247       -39.16076 -34.49289 -50.33462 -32.21684 -43.71171 -71.60851      31.1773
28      6.52561 -73.24233 -109.75061  38.30460 -89.11734 -82.77696       -38.30460 -34.93773 -50.81274 -31.77899 -44.47236 -71.44600      30.2509
29      6.10731 -72.83101 -108.73194  37.44845 -88.73931 -82.68146       -37.44845 -35.38256 -51.29086 -31.34114 -45.23301 -71.28349      29.3619
30      5.68900 -72.41969 -107.71328  36.59229 -88.36127 -82.58596       -36.59229 -35.82740 -51.76898 -30.90330 -45.99367 -71.12098      28.5138
31      5.27069 -72.00838 -106.69461  35.73614 -87.98324 -82.49046       -35.73614 -36.27223 -52.24710 -30.46545 -46.75432 -70.95847      27.7104
32      4.85239 -71.59706 -105.67595  34.87999 -87.60520 -82.39496       -34.87999 -36.71707 -52.72522 -30.02760 -47.51497 -70.79596      26.9557
33      4.43408 -71.18574 -104.65728  34.02383 -87.22717 -82.29945       -34.02383 -37.16191 -53.20334 -29.58975 -48.27562 -70.63345      26.2538
34      4.01578 -70.77442 -103.63862  33.16768 -86.84914 -82.20395       -33.16768 -37.60674 -53.68146 -29.15190 -49.03627 -70.47094      25.6092
35      3.59747 -70.36310 -102.61995  32.31152 -86.47110 -82.10845       -32.31152 -38.05158 -54.15958 -28.71405 -49.79692 -70.30843      25.0261
36      3.17916 -69.95178 -101.60129  31.45537 -86.09307 -82.01295       -31.45537 -38.49641 -54.63770 -28.27621 -50.55758 -70.14591      24.5092
37      2.76086 -69.54047 -100.58262  30.59922 -85.71503 -81.91744       -30.59922 -38.94125 -55.11582 -27.83836 -51.31823 -69.98340      24.0625
38      2.34255 -69.12915 -99.56395  29.74306 -85.33700 -81.82194       -29.74306 -39.38608 -55.59394 -27.40051 -52.07888 -69.82089      23.6901
39      1.92425 -68.71783 -98.54529  28.88691 -84.95897 -81.72644       -28.88691 -39.83092 -56.07206 -26.96266 -52.83953 -69.65838      23.3954
40      1.50594 -68.30651 -97.52662  28.03075 -84.58093 -81.63094       -28.03075 -56.55018 -40.27576 -26.52481 -69.49587 -53.60018      23.1816
41      1.08763 -67.89519 -96.50796  27.17460 -84.20290 -81.53544       -27.17460 -57.02830 -40.72059 -26.08697 -69.33336 -54.36084      23.0508
42      0.66933 -67.48387 -95.48929  26.31845 -83.82486 -81.43993       -26.31845 -57.50642 -41.16543 -25.64912 -69.17085 -55.12149      23.0045
43      0.25102 -67.07256 -94.47063  25.46229 -83.44683 -81.34443       -25.46229 -57.98454 -41.61026 -25.21127 -69.00834 -55.88214      23.0431
44     -0.16728 -66.66124 -93.45196  24.60614 -83.06879 -81.24893       -24.60614 -58.46266 -42.05510 -24.77342 -68.84583 -56.64279      23.1662
45     -0.58559 -66.24992 -92.43330  23.74999 -82.69076 -81.15343       -23.74999 -58.94078 -42.49993 -24.33557 -68.68331 -57.40344      23.3726
46     -1.00390 -65.83860 -91.41463  22.89383 -82.31273 -81.05793       -22.89383 -59.41889 -42.94477 -23.89773 -68.52080 -58.16409      23.6599
47     -1.42220 -65.42728 -90.39597  22.03768 -81.93469 -80.96242       -22.03768 -59.89701 -43.38961 -23.45988 -68.35829 -58.92475      24.0254
48     -1.84051 -65.01597 -89.37730  21.18152 -81.55666 -80.86692       -21.18152 -60.37513 -43.83444 -23.02203 -68.19578 -59.68540      24.4655
49     -2.25881 -64.60465 -88.35864  20.32537 -81.17862 -80.77142       -20.32537 -60.85325 -44.27928 -22.58418 -68.03327 -60.44605      24.7543
50     -2.67712 -64.19333 -87.33997  19.46922 -80.80059 -80.67592       -19.46922 -61.33137 -44.72411 -22.14633 -67.87076 -61.20670      24.8228
51     -3.09543 -63.78201 -86.32131  18.61306 -80.42255 -80.58042       -18.61306 -61.80949 -45.16895 -21.70849 -67.70825 -61.96735      24.9695
52     -3.51373 -63.37069 -85.30264  17.75691 -80.04452 -80.48491       -17.75691 -62.28761 -45.61378 -21.27064 -67.54574 -62.72801      25.1931
53     -3.93204 -62.95937 -84.28398  16.90075 -79.66649 -80.38941       -16.90075 -62.76573 -46.05862 -20.83279 -67.38323 -63.48866      25.4917
54     -4.35034 -62.54806 -83.26531  16.04460 -79.28845 -80.29391       -63.24385 -16.04460 -46.50346 -67.22071 -20.39494 -64.24931      25.8625
55     -4.76865 -62.13674 -82.24665  15.18845 -78.91042 -80.19841       -63.72197 -15.18845 -46.94829 -67.05820 -19.95709 -65.00996      26.3025
56     -5.18696 -61.72542 -81.22798  14.33229 -78.53238 -80.10290       -64.20009 -14.33229 -47.39313 -66.89569 -19.51925 -65.77061      26.8084
57     -5.60526 -61.31410 -80.20932  13.47614 -78.15435 -80.00740       -64.67821 -13.47614 -47.83796 -66.73318 -19.08140 -66.53126      27.3765
58     -6.02357 -60.90278 -79.19065  12.61998 -77.77632 -79.91190       -65.15633 -12.61998 -48.28280 -66.57067 -18.64355 -67.29192      28.0029
59     -6.44187 -60.49146 -78.17199  11.76383 -77.39828 -79.81640       -65.63445 -11.76383 -48.72763 -66.40816 -18.20570 -68.05257      28.684
60     -6.86018 -60.08015 -77.15332  10.90768 -77.02025 -79.72090       -66.11257 -10.90768 -49.17247 -66.24565 -17.76785 -68.81322      29.3368
61     -7.27848 -59.66883 -76.13466  10.05152 -76.64221 -79.62539       -66.59069 -10.05152 -49.61731 -66.08314 -17.33001 -69.57387      29.7176
62     -7.69679 -59.25751 -75.11599   9.19537 -76.26418 -79.52989       -67.06881  -9.19537 -50.06214 -65.92063 -16.89216 -70.33452      30.1584
63     -8.11510 -58.84619 -74.09733   8.33921 -75.88614 -79.43439       -67.54693  -8.33921 -50.50698 -65.75811 -16.45431 -71.09518      30.6568
64     -8.53340 -58.43487 -73.07866   7.48306 -75.50811 -79.33889       -68.02505  -7.48306 -50.95181 -65.59560 -16.01646 -71.85583      31.2099
65     -8.95171 -58.02356 -72.06000   6.62691 -75.13008 -79.24339       -68.50317  -6.62691 -51.39665 -65.43309 -15.57861 -72.61648      31.8149
66     -9.37001 -57.61224 -71.04133   5.77075 -74.75204 -79.14788       -68.98129  -5.77075 -51.84148 -65.27058 -15.14077 -73.37713      32.469
67     -9.78832 -57.20092 -70.02267   4.91460 -74.37401 -79.05238       -69.45941  -4.91460 -52.28632 -65.10807 -14.70292 -74.13778      33.1692
68    -10.20663 -56.78960 -69.00400   4.05844 -73.99597 -78.95688       -69.93753  -4.05844 -52.73116 -64.94556 -14.26507 -74.89844      33.9126
69    -10.62493 -56.37828 -67.98534   3.20229 -73.61794 -78.86138       -70.41565  -3.20229 -53.17599 -64.78305 -13.82722 -75.65909      34.6965
70    -11.04324 -55.96696 -66.96667   2.34614 -73.23990 -78.76588       -70.89377  -2.34614 -53.62083 -64.62054 -13.38937 -76.41974      35.5182
71    -11.46154 -55.55565 -65.94801   1.48998 -72.86187 -78.67037       -71.37189  -1.48998 -54.06566 -64.45803 -12.95153 -77.18039      36.3751
72    -11.87985 -55.14433 -64.92934   0.63383 -72.48384 -78.57487       -71.85001  -0.63383 -54.51050 -64.29551 -12.51368 -77.94104      37.2648
73    -12.29816 -54.73301 -63.91068  -0.22233 -72.10580 -78.47937       -12.29816 -63.91068 -54.73301  -0.22233 -78.47937 -72.10580      37.8287
74    -12.71646 -54.32169 -62.89201  -1.07848 -71.72777 -78.38387       -12.71646 -62.89201 -54.32169  -1.07848 -78.38387 -71.72777      37.4222
75    -13.13477 -53.91037 -61.87335  -1.93463 -71.34973 -78.28836       -13.13477 -61.87335 -53.91037  -1.93463 -78.28836 -71.34973      36.1347
76    -13.55307 -53.49905 -60.85468  -2.79079 -70.97170 -78.19286       -13.55307 -60.85468 -53.49905  -2.79079 -78.19286 -70.97170      34.6291
77    -13.97138 -53.08774 -59.83602  -3.64694 -70.59367 -78.09736       -13.97138 -53.08774 -59.83602  -3.64694 -70.59367 -78.09736      33.1235
78    -14.38969 -52.67642 -58.81735  -4.50310 -70.21563 -78.00186       -14.38969 -52.67642 -58.81735  -4.50310 -70.21563 -78.00186      31.6179
79    -14.80799 -52.26510 -57.79869  -5.35925 -69.83760 -77.90636       -14.80799 -52.26510 -57.79869  -5.35925 -69.83760 -77.90636      30.1123
80    -15.22630 -51.85378 -56.78002  -6.21540 -69.45956 -77.81085       -15.22630 -51.85378 -56.78002  -6.21540 -69.45956 -77.81085      28.6067
81    -15.64460 -51.44246 -55.76136  -7.07156 -69.08153 -77.71535       -15.64460 -51.44246 -55.76136  -7.07156 -69.08153 -77.71535      27.101
82    -16.06291 -51.03115 -54.74269  -7.92771 -68.70349 -77.61985       -16.06291 -51.03115 -54.74269  -7.92771 -68.70349 -77.61985      25.5954
83    -16.48122 -50.61983 -53.72403  -8.78386 -68.32546 -77.52435       -16.48122 -50.61983 -53.72403  -8.78386 -68.32546 -77.52435      24.0898
84    -16.89952 -50.20851 -52.70536  -9.64002 -67.94743 -77.42885       -16.89952 -50.20851 -52.70536  -9.64002 -67.94743 -77.42885      22.5842
85    -17.31783 -49.79719 -51.68670 -10.49617 -67.56939 -77.33334       -17.31783 -49.79719 -51.68670 -10.49617 -67.56939 -77.33334      21.0786
86    -17.73613 -49.38587 -50.66803 -11.35233 -67.19136 -77.23784       -17.73613 -49.38587 -50.66803 -11.35233 -67.19136 -77.23784      19.573
87    -18.15444 -48.97455 -49.64937 -12.20848 -66.81332 -77.14234       -18.15444 -48.97455 -49.64937 -12.20848 -66.81332 -77.14234      18.0674
88    -18.57275 -48.56324 -48.63070 -13.06463 -66.43529 -77.04684       -18.57275 -48.56324 -48.63070 -13.06463 -66.43529 -77.04684      16.5617
89    -18.99105 -48.15192 -47.61204 -13.92079 -66.05725 -76.95134       -18.99105 -48.15192 -47.61204 -13.92079 -66.05725 -76.95134      15.0561
90    -19.40936 -47.74060 -46.59337 -14.77694 -65.67922 -76.85583       -19.40936 -47.74060 -46.59337 -14.77694 -65.67922 -76.85583      13.5505
91    -19.82766 -47.32928 -45.57471 -15.63310 -65.30119 -76.76033       -19.82766 -47.32928 -45.57471 -15.63310 -65.30119 -76.76033      12.0449
92    -20.24597 -46.91796 -44.55604 -16.48925 -64.92315 -76.66483       -20.24597 -46.91796 -44.55604 -16.48925 -64.92315 -76.66483      10.5393
93    -20.66427 -46.50664 -43.53738 -17.34540 -64.54512 -76.56933       -20.66427 -46.50664 -43.53738 -17.34540 -64.54512 -76.56933      9.03368
94    -21.08258 -46.09533 -42.51871 -18.20156 -64.16708 -76.47382       -21.08258 -46.09533 -42.51871 -18.20156 -64.16708 -76.47382      7.52807
95    -21.50089 -45.68401 -41.50005 -19.05771 -63.78905 -76.37832       -21.50089 -45.68401 -41.50005 -19.05771 -63.78905 -76.37832      6.02245
96    -21.91919 -45.27269 -40.48138 -19.91387 -63.41102 -76.28282       -21.91919 -45.27269 -40.48138 -19.91387 -63.41102 -76.28282      4.51684
97    -22.33750 -44.86137 -39.46272 -20.77002 -63.03298 -76.18732       -22.33750 -44.86137 -39.46272 -20.77002 -63.03298 -76.18732      3.01123
98    -22.75580 -44.45005 -38.44405 -21.62617 -62.65495 -76.09182       -22.75580 -44.45005 -38.44405 -21.62617 -62.65495 -76.09182      1.50561
99    -23.17411 -44.03874 -37.42539 -22.48233 -62.27691 -75.99631       -23.17411 -44.03874 -37.42539 -22.48233 -62.27691 -75.99631      0
