Fol_2018-02-06.13_08_32.3_.txt     Output is probe cell, reduced cell, NCDist distance between
0    -165.06760  26.42979 -135.17762 -136.69134  88.11380 -185.66942       -47.06381 -76.95379 -61.68401 -48.57753 -97.55562 -88.11380      6.35529e-14
1    -163.87564  25.38551 -134.43526 -135.80130  86.23835 -184.68401       -48.19690 -77.63729 -60.85284 -49.56294 -98.44566 -86.23835      2.77892
2    -162.68368  24.34123 -133.69290 -134.91126  84.36291 -183.69860       -49.32999 -78.32078 -60.02167 -50.54835 -99.33570 -84.36291      5.55784
3    -161.49173  23.29696 -132.95054 -134.02122  82.48746 -182.71319       -50.46308 -79.00427 -59.19050 -51.53376 -100.22574 -82.48746      8.33676
4    -160.29977  22.25268 -132.20818 -133.13118  80.61201 -181.72778       -51.59617 -79.68776 -58.35933 -52.51917 -101.11577 -80.61201      11.1157
5    -159.10781  21.20840 -131.46582 -132.24114  78.73656 -180.74237       -52.72926 -57.52816 -80.37125 -53.50458 -78.73656 -102.00581      13.8946
6    -157.91585  20.16412 -130.72346 -131.35111  76.86111 -179.75696       -53.86235 -56.69699 -81.05474 -54.48999 -76.86111 -102.89585      16.6735
7    -156.72390  19.11984 -129.98110 -130.46107  74.98566 -178.77155       -54.99544 -55.86582 -81.73823 -55.47540 -74.98566 -103.78589      19.4525
8    -155.53194  18.07556 -129.23874 -129.57103  73.11021 -177.78614       -56.12853 -55.03465 -82.42173 -56.46081 -73.11021 -104.67593      22.2314
9    -154.33998  17.03128 -128.49638 -128.68099  71.23477 -176.80073       -57.26162 -54.20348 -83.10522 -57.44622 -71.23477 -105.56597      25.0103
10    -153.14802  15.98701 -127.75402 -127.79095  69.35932 -175.81532       -58.39470 -53.37231 -83.78871 -58.43164 -69.35932 -106.45600      27.7892
11    -151.95607  14.94273 -127.01166 -126.90091  67.48387 -174.82991       -59.52779 -52.54114 -84.47220 -59.41705 -67.48387 -107.34604      30.5681
12    -150.76411  13.89845 -126.26930 -126.01087  65.60842 -173.84450       -60.66088 -51.70997 -85.15569 -60.40246 -65.60842 -108.23608      33.3471
13    -149.57215  12.85417 -125.52694 -125.12084  63.73297 -172.85909       -61.79397 -50.87880 -85.83918 -61.38787 -63.73297 -109.12612      34.2251
14    -148.38019  11.80989 -124.78458 -124.23080  61.85752 -171.87368       -62.92706 -50.04763 -86.52267 -62.37328 -61.85752 -110.01616      33.1091
15    -147.18824  10.76561 -124.04222 -123.34076  59.98207 -170.88827       -64.06015 -49.21646 -87.20616 -63.35869 -59.98207 -110.90620      32.1251
16    -145.99628   9.72133 -123.29986 -122.45072  58.10662 -169.90286       -65.19324 -48.38529 -87.88966 -64.34410 -58.10662 -111.79623      31.2538
17    -144.80432   8.67705 -122.55750 -121.56068  56.23118 -168.91745       -66.32633 -47.55412 -88.57315 -65.32951 -56.23118 -112.68627      30.6107
18    -143.61236   7.63278 -121.81514 -120.67064  54.35573 -167.93204       -67.45942 -46.72295 -89.25664 -66.31492 -54.35573 -113.57631      30.2106
19    -142.42041   6.58850 -121.07278 -119.78061  52.48028 -166.94663       -68.59251 -45.89178 -89.94013 -67.30033 -52.48028 -114.46635      30.0632
20    -141.22845   5.54422 -120.33042 -118.89057  50.60483 -165.96122       -69.72560 -45.06061 -90.62362 -68.28574 -50.60483 -115.35639      30.172
21    -140.03649   4.49994 -119.58806 -118.00053  48.72938 -164.97581       -70.85868 -44.22944 -91.30711 -69.27115 -48.72938 -116.24643      30.5344
22    -138.84454   3.45566 -118.84571 -117.11049  46.85393 -163.99040       -71.99177 -43.39827 -91.99060 -70.25656 -46.85393 -117.13647      31.1415
23    -137.65258   2.41138 -118.10335 -116.22045  44.97848 -163.00499       -73.12486 -42.56710 -92.67409 -71.24197 -44.97848 -118.02650      31.9794
24    -136.46062   1.36710 -117.36099 -115.33041  43.10303 -162.01958       -43.10303 -72.22738 -93.35759 -41.73593 -74.25795 -118.91654      33.0305
25    -135.26866   0.32283 -116.61863 -114.44038  41.22759 -161.03417       -41.22759 -73.21279 -94.04108 -40.90476 -75.39104 -119.80658      34.2753
26    -134.07671  -0.72145 -115.87627 -113.55034  39.35214 -160.04876       -39.35214 -74.19820 -94.72457 -40.07359 -76.52413 -120.69662      35.6934
27    -132.88475  -1.76573 -115.13391 -112.66030  37.47669 -159.06335       -37.47669 -75.18361 -95.40806 -39.24242 -77.65722 -121.58666      37.2651
28    -131.69279  -2.81001 -114.39155 -111.77026  35.60124 -158.07794       -76.16902 -35.60124 -96.09155 -78.79031 -38.41125 -122.47670      38.9718
29    -130.50083  -3.85429 -113.64919 -110.88022  33.72579 -157.09252       -77.15443 -33.72579 -96.77504 -79.92340 -37.58008 -123.36673      40.7966
30    -129.30888  -4.89857 -112.90683 -109.99018  31.85034 -156.10711       -78.13984 -31.85034 -97.45853 -81.05649 -36.74891 -124.25677      42.7243
31    -128.11692  -5.94285 -112.16447 -109.10014  29.97489 -155.12170       -79.12525 -29.97489 -98.14203 -82.18958 -35.91774 -125.14681      44.7416
32    -126.92496  -6.98712 -111.42211 -108.21011  28.09944 -154.13629       -80.11066 -28.09944 -98.82552 -83.32266 -35.08657 -126.03685      46.837
33    -125.73300  -8.03140 -110.67975 -107.32007  26.22400 -153.15088       -81.09607 -26.22400 -99.50901 -84.45575 -34.25540 -126.92689      49.0004
34    -124.54105  -9.07568 -109.93739 -106.43003  24.34855 -152.16547       -82.08148 -24.34855 -100.19250 -85.58884 -33.42423 -127.81693      51.2233
35    -123.34909 -10.11996 -109.19503 -105.53999  22.47310 -151.18006       -83.06689 -22.47310 -100.87599 -86.72193 -32.59306 -128.70696      53.4981
36    -122.15713 -11.16424 -108.45267 -104.64995  20.59765 -150.19465       -84.05230 -20.59765 -101.55948 -87.85502 -31.76189 -129.59700      55.8186
37    -120.96517 -12.20852 -107.71031 -103.75991  18.72220 -149.20924       -85.03771 -18.72220 -102.24297 -88.98811 -30.93072 -130.48704      58.1794
38    -119.77322 -13.25280 -106.96795 -102.86988  16.84675 -148.22383       -86.02312 -16.84675 -102.92646 -90.12120 -30.09955 -131.37708      60.5756
39    -118.58126 -14.29708 -106.22559 -101.97984  14.97130 -147.23842       -87.00853 -14.97130 -103.60996 -91.25429 -29.26838 -132.26712      63.0032
40    -117.38930 -15.34135 -105.48323 -101.08980  13.09585 -146.25301       -87.99394 -13.09585 -104.29345 -92.38738 -28.43721 -133.15716      65.4588
41    -116.19734 -16.38563 -104.74087 -100.19976  11.22041 -145.26760       -88.97935 -11.22041 -104.97694 -93.52047 -27.60604 -134.04720      67.9393
42    -115.00539 -17.42991 -103.99851 -99.30972   9.34496 -144.28219       -89.96476  -9.34496 -105.66043 -94.65355 -26.77487 -134.93723      70.4421
43    -113.81343 -18.47419 -103.25615 -98.41968   7.46951 -143.29678       -90.95018  -7.46951 -106.34392 -95.78664 -25.94370 -135.82727      72.9649
44    -112.62147 -19.51847 -102.51379 -97.52965   5.59406 -142.31137       -91.93559  -5.59406 -107.02741 -96.91973 -25.11253 -136.71731      75.5057
45    -111.42951 -20.56275 -101.77143 -96.63961   3.71861 -141.32596       -92.92100  -3.71861 -107.71090 -98.05282 -24.28136 -137.60735      78.0627
46    -110.23756 -21.60703 -101.02907 -95.74957   1.84316 -140.34055       -93.90641  -1.84316 -108.39440 -99.18591 -23.45019 -138.49739      80.6344
47    -109.04560 -22.65130 -100.28671 -94.85953  -0.03229 -139.35514       -94.85953  -0.03229 -100.28671 -109.04560 -22.65130 -139.35514      81.9421
48    -107.85364 -23.69558 -99.54435 -93.96949  -1.90774 -138.36973       -93.96949  -1.90774 -99.54435 -107.85364 -23.69558 -138.36973      79.1601    *****
49    -106.66169 -24.73986 -98.80199 -93.07945  -3.78318 -137.38432       -93.07945  -3.78318 -98.80199 -106.66169 -24.73986 -137.38432      76.386
50    -105.46973 -25.78414 -98.05963 -92.18941  -5.65863 -136.39891       -92.18941  -5.65863 -98.05963 -105.46973 -25.78414 -136.39891      73.6206
51    -104.27777 -26.82842 -97.31728 -91.29938  -7.53408 -135.41350       -91.29938  -7.53408 -97.31728 -104.27777 -26.82842 -135.41350      70.8651
52    -103.08581 -27.87270 -96.57492 -90.40934  -9.40953 -134.42809       -90.40934  -9.40953 -96.57492 -103.08581 -27.87270 -134.42809      68.1205
53    -101.89386 -28.91698 -95.83256 -89.51930 -11.28498 -133.44268       -89.51930 -11.28498 -95.83256 -101.89386 -28.91698 -133.44268      65.3884
54    -100.70190 -29.96126 -95.09020 -88.62926 -13.16043 -132.45727       -88.62926 -13.16043 -95.09020 -100.70190 -29.96126 -132.45727      62.6703
55    -99.50994 -31.00553 -94.34784 -87.73922 -15.03588 -131.47186       -87.73922 -15.03588 -94.34784 -99.50994 -31.00553 -131.47186      59.9681
56    -98.31798 -32.04981 -93.60548 -86.84918 -16.91132 -130.48645       -86.84918 -16.91132 -93.60548 -98.31798 -32.04981 -130.48645      57.2841
57    -97.12603 -33.09409 -92.86312 -85.95915 -18.78677 -129.50104       -85.95915 -18.78677 -92.86312 -97.12603 -33.09409 -129.50104      54.6209
58    -95.93407 -34.13837 -92.12076 -85.06911 -20.66222 -128.51563       -85.06911 -20.66222 -92.12076 -95.93407 -34.13837 -128.51563      51.9818
59    -94.74211 -35.18265 -91.37840 -84.17907 -22.53767 -127.53022       -84.17907 -22.53767 -91.37840 -94.74211 -35.18265 -127.53022      49.3707
60    -93.55015 -36.22693 -90.63604 -83.28903 -24.41312 -126.54481       -83.28903 -24.41312 -90.63604 -93.55015 -36.22693 -126.54481      46.7921
61    -92.35820 -37.27121 -89.89368 -82.39899 -26.28857 -125.55940       -82.39899 -26.28857 -89.89368 -92.35820 -37.27121 -125.55940      44.2518
62    -91.16624 -38.31548 -89.15132 -81.50895 -28.16402 -124.57398       -81.50895 -28.16402 -89.15132 -91.16624 -38.31548 -124.57398      41.7568
63    -89.97428 -39.35976 -88.40896 -80.61892 -30.03947 -123.58857       -30.03947 -80.61892 -88.40896 -39.35976 -89.97428 -123.58857      39.3157
64    -88.78232 -40.40404 -87.66660 -79.72888 -31.91491 -122.60316       -31.91491 -79.72888 -87.66660 -40.40404 -88.78232 -122.60316      36.9392
65    -87.59037 -41.44832 -86.92424 -78.83884 -33.79036 -121.61775       -33.79036 -78.83884 -86.92424 -41.44832 -87.59037 -121.61775      34.6406
66    -86.39841 -42.49260 -86.18188 -77.94880 -35.66581 -120.63234       -35.66581 -77.94880 -86.18188 -42.49260 -86.39841 -120.63234      32.4364
67    -85.20645 -43.53688 -85.43952 -77.05876 -37.54126 -119.64693       -37.54126 -77.05876 -85.43952 -43.53688 -85.20645 -119.64693      30.3473
68    -84.01449 -44.58116 -84.69716 -76.16872 -39.41671 -118.66152       -39.41671 -76.16872 -84.69716 -44.58116 -84.01449 -118.66152      28.3986
69    -82.82254 -45.62544 -83.95480 -75.27868 -41.29216 -117.67611       -41.29216 -75.27868 -83.95480 -45.62544 -82.82254 -117.67611      26.6212
70    -81.63058 -46.66971 -83.21244 -74.38865 -43.16761 -116.69070       -43.16761 -74.38865 -83.21244 -46.66971 -81.63058 -116.69070      25.0516
71    -80.43862 -47.71399 -82.47008 -73.49861 -45.04306 -115.70529       -45.04306 -73.49861 -82.47008 -47.71399 -80.43862 -115.70529      23.731
72    -79.24666 -48.75827 -81.72772 -72.60857 -46.91850 -114.71988       -46.91850 -72.60857 -81.72772 -48.75827 -79.24666 -114.71988      22.703
73    -78.05471 -49.80255 -80.98536 -71.71853 -48.79395 -113.73447       -48.79395 -71.71853 -80.98536 -49.80255 -78.05471 -113.73447      22.0086
74    -76.86275 -50.84683 -80.24300 -70.82849 -50.66940 -112.74906       -50.66940 -70.82849 -80.24300 -50.84683 -76.86275 -112.74906      21.6799
75    -75.67079 -51.89111 -79.50064 -69.93845 -52.54485 -111.76365       -52.54485 -69.93845 -79.50064 -51.89111 -75.67079 -111.76365      21.7334
76    -74.47883 -52.93539 -78.75828 -69.04842 -54.42030 -110.77824       -54.42030 -69.04842 -78.75828 -52.93539 -74.47883 -110.77824      22.1664
77    -73.28688 -53.97966 -78.01592 -68.15838 -56.29575 -109.79283       -56.29575 -68.15838 -78.01592 -53.97966 -73.28688 -109.79283      22.9574    *****
78    -72.09492 -55.02394 -77.27356 -67.26834 -58.17120 -108.80742       -58.17120 -67.26834 -77.27356 -55.02394 -72.09492 -108.80742      24.0712
79    -70.90296 -56.06822 -76.53120 -66.37830 -60.04665 -107.82201       -60.04665 -66.37830 -76.53120 -56.06822 -70.90296 -107.82201      25.4655
80    -69.71101 -57.11250 -75.78884 -65.48826 -61.92209 -106.83660       -69.71101 -57.11250 -75.78884 -65.48826 -61.92209 -106.83660      27.0969
81    -68.51905 -58.15678 -75.04649 -64.59822 -63.79754 -105.85119       -68.51905 -58.15678 -75.04649 -64.59822 -63.79754 -105.85119      28.9254
82    -67.32709 -59.20106 -74.30413 -63.70819 -65.67299 -104.86578       -67.32709 -59.20106 -74.30413 -63.70819 -65.67299 -104.86578      30.9161
83    -66.13513 -60.24534 -73.56177 -62.81815 -67.54844 -103.88037       -66.13513 -60.24534 -73.56177 -62.81815 -67.54844 -103.88037      32.2959
84    -64.94318 -61.28962 -72.81941 -61.92811 -69.42389 -102.89496       -64.94318 -61.28962 -72.81941 -61.92811 -69.42389 -102.89496      29.8828    *****
85    -63.75122 -62.33389 -72.07705 -61.03807 -71.29934 -101.90955       -63.75122 -62.33389 -72.07705 -61.03807 -71.29934 -101.90955      27.5612
86    -62.55926 -63.37817 -71.33469 -60.14803 -73.17479 -100.92414       -62.55926 -63.37817 -71.33469 -60.14803 -73.17479 -100.92414      25.3565
87    -61.36730 -64.42245 -70.59233 -59.25799 -75.05024 -99.93873       -61.36730 -64.42245 -70.59233 -59.25799 -75.05024 -99.93873      23.3016
88    -60.17535 -65.46673 -69.84997 -58.36795 -76.92568 -98.95332       -60.17535 -65.46673 -69.84997 -58.36795 -76.92568 -98.95332      21.4398
89    -58.98339 -66.51101 -69.10761 -57.47792 -78.80113 -97.96791       -58.98339 -66.51101 -69.10761 -57.47792 -78.80113 -97.96791      19.8255
90    -57.79143 -67.55529 -68.36525 -56.58788 -80.67658 -96.98250       -57.79143 -67.55529 -68.36525 -56.58788 -80.67658 -96.98250      18.5236
91    -56.59947 -68.59957 -67.62289 -55.69784 -82.55203 -95.99709       -56.59947 -68.59957 -67.62289 -55.69784 -82.55203 -95.99709      17.6034
92    -55.40752 -69.64384 -66.88053 -54.80780 -84.42748 -95.01168       -55.40752 -69.64384 -66.88053 -54.80780 -84.42748 -95.01168      17.1267
93    -54.21556 -70.68812 -66.13817 -53.91776 -86.30293 -94.02627       -54.21556 -70.68812 -66.13817 -53.91776 -86.30293 -94.02627      17.1305
94    -53.02360 -71.73240 -65.39581 -53.02772 -88.17838 -93.04086       -53.02360 -71.73240 -65.39581 -53.02772 -88.17838 -93.04086      14.442    *****
95    -51.83164 -72.77668 -64.65345 -52.13769 -90.05383 -92.05544       -51.83164 -72.77668 -64.65345 -52.13769 -90.05383 -92.05544      11.5536
96    -50.63969 -73.82096 -63.91109 -51.24765 -91.92927 -91.07003       -50.63969 -73.82096 -63.91109 -51.24765 -91.92927 -91.07003      8.66522
97    -49.44773 -74.86524 -63.16873 -50.35761 -93.80472 -90.08462       -49.44773 -74.86524 -63.16873 -50.35761 -93.80472 -90.08462      5.77681
98    -48.25577 -75.90952 -62.42637 -49.46757 -95.68017 -89.09921       -48.25577 -75.90952 -62.42637 -49.46757 -95.68017 -89.09921      2.88841
99    -47.06381 -76.95379 -61.68401 -48.57753 -97.55562 -88.11380       -47.06381 -76.95379 -61.68401 -48.57753 -97.55562 -88.11380      0
