Fol_2018-02-06.14_22_12.40_.txt     Output is probe cell, reduced cell, NCDist distance between
0    -152.57656 -110.35017  72.01694 -156.74623 -126.48188  54.20245       -84.72929 -38.33323 -17.81449 -54.46494 -80.55962 -72.01694      8.03887e-14
1    -151.89123 -109.62273  71.10955 -155.71309 -126.01802  52.92751       -84.60353 -38.51318 -18.18204 -54.90846 -80.78168 -71.10955      1.11923
2    -151.20590 -108.89529  70.20216 -154.67994 -125.55415  51.65256       -84.47778 -38.69312 -18.54960 -55.35199 -81.00374 -70.20216      2.23846
3    -150.52058 -108.16784  69.29478 -153.64680 -125.09029  50.37762       -84.35202 -38.87307 -18.91715 -55.79552 -81.22580 -69.29478      3.35769
4    -149.83525 -107.44040  68.38739 -152.61365 -124.62643  49.10268       -84.22627 -39.05301 -19.28471 -56.23905 -81.44787 -68.38739      4.47691
5    -149.14993 -106.71295  67.48000 -151.58051 -124.16257  47.82773       -84.10051 -39.23295 -19.65227 -56.68257 -81.66993 -67.48000      5.59614
6    -148.46460 -105.98551  66.57261 -150.54736 -123.69871  46.55279       -83.97475 -39.41290 -20.01982 -57.12610 -81.89199 -66.57261      6.71537
7    -147.77927 -105.25807  65.66522 -149.51422 -123.23485  45.27785       -83.84900 -39.59284 -20.38738 -57.56963 -82.11405 -65.66522      7.8346
8    -147.09395 -104.53062  64.75783 -148.48108 -122.77099  44.00290       -83.72324 -39.77279 -20.75493 -58.01315 -82.33611 -64.75783      8.95383
9    -146.40862 -103.80318  63.85045 -147.44793 -122.30713  42.72796       -83.59749 -39.95273 -21.12249 -58.45668 -82.55818 -63.85045      10.0731
10    -145.72330 -103.07573  62.94306 -146.41479 -121.84326  41.45302       -83.47173 -21.49004 -40.13268 -58.90021 -62.94306 -82.78024      11.1923
11    -145.03797 -102.34829  62.03567 -145.38164 -121.37940  40.17807       -83.34597 -21.85760 -40.31262 -59.34373 -62.03567 -83.00230      12.3115
12    -144.35264 -101.62085  61.12828 -144.34850 -120.91554  38.90313       -83.22022 -22.22515 -40.49257 -59.78726 -61.12828 -83.22436      13.4307
13    -143.66732 -100.89340  60.22089 -143.31535 -120.45168  37.62819       -83.09446 -22.59271 -40.67251 -60.23079 -60.22089 -83.44643      14.55
14    -142.98199 -100.16596  59.31351 -142.28221 -119.98782  36.35324       -82.96870 -22.96026 -40.85245 -60.67431 -59.31351 -83.66849      15.6692
15    -142.29667 -99.43852  58.40612 -141.24907 -119.52396  35.07830       -82.84295 -23.32782 -41.03240 -61.11784 -58.40612 -83.89055      16.7884
16    -141.61134 -98.71107  57.49873 -140.21592 -119.06010  33.80336       -82.71719 -23.69537 -41.21234 -61.56137 -57.49873 -84.11261      17.9077
17    -140.92602 -97.98363  56.59134 -139.18278 -118.59624  32.52841       -82.59144 -24.06293 -41.39229 -62.00490 -56.59134 -84.33467      19.0269
18    -140.24069 -97.25618  55.68395 -138.14963 -118.13238  31.25347       -82.46568 -24.43048 -41.57223 -62.44842 -55.68395 -84.55674      20.1461
19    -139.55536 -96.52874  54.77656 -137.11649 -117.66851  29.97853       -82.33992 -24.79804 -41.75218 -62.89195 -54.77656 -84.77880      21.2653
20    -138.87004 -95.80130  53.86918 -136.08334 -117.20465  28.70358       -82.21417 -25.16559 -41.93212 -63.33548 -53.86918 -85.00086      22.3846
21    -138.18471 -95.07385  52.96179 -135.05020 -116.74079  27.42864       -82.08841 -25.53315 -42.11206 -63.77900 -52.96179 -85.22292      23.5038
22    -137.49939 -94.34641  52.05440 -134.01705 -116.27693  26.15370       -81.96265 -25.90070 -42.29201 -64.22253 -52.05440 -85.44499      24.623
23    -136.81406 -93.61896  51.14701 -132.98391 -115.81307  24.87875       -81.83690 -26.26826 -42.47195 -64.66606 -51.14701 -85.66705      25.7423
24    -136.12873 -92.89152  50.23962 -131.95077 -115.34921  23.60381       -81.71114 -26.63581 -42.65190 -65.10958 -50.23962 -85.88911      26.8615
25    -135.44341 -92.16408  49.33224 -130.91762 -114.88535  22.32887       -81.58539 -27.00337 -42.83184 -65.55311 -49.33224 -86.11117      27.9807
26    -134.75808 -91.43663  48.42485 -129.88448 -114.42149  21.05392       -81.45963 -27.37092 -43.01179 -65.99664 -48.42485 -86.33323      29.0999
27    -134.07276 -90.70919  47.51746 -128.85133 -113.95762  19.77898       -81.33387 -27.73848 -43.19173 -66.44017 -47.51746 -86.55530      30.2192
28    -133.38743 -89.98175  46.61007 -127.81819 -113.49376  18.50404       -81.20812 -28.10603 -43.37167 -66.88369 -46.61007 -86.77736      31.3384
29    -132.70210 -89.25430  45.70268 -126.78504 -113.02990  17.22909       -81.08236 -28.47359 -43.55162 -67.32722 -45.70268 -86.99942      32.4576
30    -132.01678 -88.52686  44.79529 -125.75190 -112.56604  15.95415       -80.95661 -28.84114 -43.73156 -67.77075 -44.79529 -87.22148      33.5769
31    -131.33145 -87.79941  43.88791 -124.71876 -112.10218  14.67921       -80.83085 -29.20870 -43.91151 -68.21427 -43.88791 -87.44355      34.6961
32    -130.64613 -87.07197  42.98052 -123.68561 -111.63832  13.40426       -80.70509 -29.57625 -44.09145 -68.65780 -42.98052 -87.66561      35.8153
33    -129.96080 -86.34453  42.07313 -122.65247 -111.17446  12.12932       -80.57934 -29.94381 -44.27140 -69.10133 -42.07313 -87.88767      36.9345
34    -129.27547 -85.61708  41.16574 -121.61932 -110.71060  10.85438       -41.16574 -69.54485 -44.45134 -30.31136 -80.45358 -88.10973      38.0538
35    -128.59015 -84.88964  40.25835 -120.58618 -110.24673   9.57943       -40.25835 -69.98838 -44.63129 -30.67892 -80.32782 -88.33180      39.173
36    -127.90482 -84.16219  39.35097 -119.55303 -109.78287   8.30449       -39.35097 -70.43191 -44.81123 -31.04648 -80.20207 -88.55386      40.2922
37    -127.21950 -83.43475  38.44358 -118.51989 -109.31901   7.02955       -38.44358 -70.87543 -44.99117 -31.41403 -80.07631 -88.77592      41.4115
38    -126.53417 -82.70731  37.53619 -117.48674 -108.85515   5.75460       -37.53619 -71.31896 -45.17112 -31.78159 -79.95056 -88.99798      42.5307
39    -125.84885 -81.97986  36.62880 -116.45360 -108.39129   4.47966       -36.62880 -71.76249 -45.35106 -32.14914 -79.82480 -89.22004      43.6499
40    -125.16352 -81.25242  35.72141 -115.42046 -107.92743   3.20472       -35.72141 -72.20602 -45.53101 -32.51670 -79.69904 -89.44211      44.7691
41    -124.47819 -80.52498  34.81402 -114.38731 -107.46357   1.92977       -34.81402 -72.64954 -45.71095 -32.88425 -79.57329 -89.66417      45.8884
42    -123.79287 -79.79753  33.90664 -113.35417 -106.99971   0.65483       -33.90664 -73.09307 -45.89090 -33.25181 -79.44753 -89.88623      47.0076
43    -123.10754 -79.07009  32.99925 -112.32102 -106.53584  -0.62011       -32.99925 -73.53660 -46.07084 -33.61936 -79.32177 -90.10829      48.1268
44    -122.42222 -78.34264  32.09186 -111.28788 -106.07198  -1.89506       -32.09186 -73.98012 -46.25078 -33.98692 -79.19602 -90.33036      49.2461
45    -121.73689 -77.61520  31.18447 -110.25473 -105.60812  -3.17000       -31.18447 -74.42365 -46.43073 -34.35447 -79.07026 -90.55242      49.7421
46    -121.05156 -76.88776  30.27708 -109.22159 -105.14426  -4.44494       -74.86718 -30.27708 -46.61067 -78.94451 -34.72203 -90.77448      49.1487
47    -120.36624 -76.16031  29.36970 -108.18845 -104.68040  -5.71989       -75.31070 -29.36970 -46.79062 -78.81875 -35.08958 -90.99654      48.5739
48    -119.68091 -75.43287  28.46231 -107.15530 -104.21654  -6.99483       -75.75423 -28.46231 -46.97056 -78.69299 -35.45714 -91.21860      48.0184
49    -118.99559 -74.70543  27.55492 -106.12216 -103.75268  -8.26977       -76.19776 -27.55492 -47.15051 -78.56724 -35.82469 -91.44067      47.4827
50    -118.31026 -73.97798  26.64753 -105.08901 -103.28882  -9.54472       -76.64128 -26.64753 -47.33045 -78.44148 -36.19225 -91.66273      46.9675
51    -117.62493 -73.25054  25.74014 -104.05587 -102.82495 -10.81966       -77.08481 -25.74014 -47.51039 -78.31572 -36.55980 -91.88479      46.4737
52    -116.93961 -72.52309  24.83275 -103.02272 -102.36109 -12.09460       -77.52834 -24.83275 -47.69034 -78.18997 -36.92736 -92.10685      46.0017
53    -116.25428 -71.79565  23.92537 -101.98958 -101.89723 -13.36955       -77.97187 -23.92537 -47.87028 -78.06421 -37.29491 -92.32892      45.5524
54    -115.56896 -71.06821  23.01798 -100.95643 -101.43337 -14.64449       -78.41539 -23.01798 -48.05023 -77.93846 -37.66247 -92.55098      45.1264
55    -114.88363 -70.34076  22.11059 -99.92329 -100.96951 -15.91943       -78.85892 -22.11059 -48.23017 -77.81270 -38.03002 -92.77304      44.7243
56    -114.19831 -69.61332  21.20320 -98.89015 -100.50565 -17.19438       -79.30245 -21.20320 -48.41012 -77.68694 -38.39758 -92.99510      44.3468
57    -113.51298 -68.88587  20.29581 -97.85700 -100.04179 -18.46932       -79.74597 -20.29581 -48.59006 -77.56119 -38.76513 -93.21717      43.9946
58    -112.82765 -68.15843  19.38843 -96.82386 -99.57793 -19.74426       -80.18950 -19.38843 -48.77000 -77.43543 -39.13269 -93.43923      43.6682
59    -112.14233 -67.43099  18.48104 -95.79071 -99.11406 -21.01921       -80.63303 -18.48104 -48.94995 -77.30968 -39.50024 -93.66129      43.3683
60    -111.45700 -66.70354  17.57365 -94.75757 -98.65020 -22.29415       -81.07655 -17.57365 -49.12989 -77.18392 -39.86780 -93.88335      43.0954
61    -110.77168 -65.97610  16.66626 -93.72442 -98.18634 -23.56909       -81.52008 -16.66626 -49.30984 -77.05816 -40.23535 -94.10541      42.8499
62    -110.08635 -65.24866  15.75887 -92.69128 -97.72248 -24.84404       -81.96361 -15.75887 -49.48978 -76.93241 -40.60291 -94.32748      42.6324
63    -109.40102 -64.52121  14.85148 -91.65814 -97.25862 -26.11898       -82.40714 -14.85148 -49.66973 -76.80665 -40.97046 -94.54954      42.4434
64    -108.71570 -63.79377  13.94410 -90.62499 -96.79476 -27.39392       -82.85066 -13.94410 -49.84967 -76.68089 -41.33802 -94.77160      42.2831
65    -108.03037 -63.06632  13.03671 -89.59185 -96.33090 -28.66887       -83.29419 -13.03671 -50.02962 -76.55514 -41.70557 -94.99366      42.152
66    -107.34505 -62.33888  12.12932 -88.55870 -95.86704 -29.94381       -83.73772 -12.12932 -50.20956 -76.42938 -42.07313 -95.21573      42.0502
67    -106.65972 -61.61144  11.22193 -87.52556 -95.40318 -31.21875       -84.18124 -11.22193 -50.38950 -76.30363 -42.44069 -95.43779      41.9781
68    -105.97439 -60.88399  10.31454 -86.49241 -94.93931 -32.49370       -84.62477 -10.31454 -50.56945 -76.17787 -42.80824 -95.65985      41.9357
69    -105.28907 -60.15655   9.40716 -85.45927 -94.47545 -33.76864       -85.06830  -9.40716 -50.74939 -76.05211 -43.17580 -95.88191      41.9231
70    -104.60374 -59.42910   8.49977 -84.42612 -94.01159 -35.04358       -85.51182  -8.49977 -50.92934 -75.92636 -43.54335 -96.10397      41.9405
71    -103.91842 -58.70166   7.59238 -83.39298 -93.54773 -36.31853       -85.95535  -7.59238 -51.10928 -75.80060 -43.91091 -96.32604      41.9876
72    -103.23309 -57.97422   6.68499 -82.35984 -93.08387 -37.59347       -86.39888  -6.68499 -51.28923 -75.67484 -44.27846 -96.54810      42.0645
73    -102.54776 -57.24677   5.77760 -81.32669 -92.62001 -38.86841       -86.84240  -5.77760 -51.46917 -75.54909 -44.64602 -96.77016      42.171
74    -101.86244 -56.51933   4.87021 -80.29355 -92.15615 -40.14336       -87.28593  -4.87021 -51.64911 -75.42333 -45.01357 -96.99222      42.3069
75    -101.17711 -55.79189   3.96283 -79.26040 -91.69229 -41.41830       -87.72946  -3.96283 -51.82906 -75.29758 -45.38113 -97.21429      42.4718
76    -100.49179 -55.06444   3.05544 -78.22726 -91.22842 -42.69324       -88.17299  -3.05544 -52.00900 -75.17182 -45.74868 -97.43635      42.6654
77    -99.80646 -54.33700   2.14805 -77.19411 -90.76456 -43.96819       -88.61651  -2.14805 -52.18895 -75.04606 -46.11624 -97.65841      42.8874
78    -99.12114 -53.60955   1.24066 -76.16097 -90.30070 -45.24313       -89.06004  -1.24066 -52.36889 -74.92031 -46.48379 -97.88047      43.1373
79    -98.43581 -52.88211   0.33327 -75.12783 -89.83684 -46.51807       -89.50357 -52.54884  -0.33327 -74.79455 -98.10254 -46.85135      42.8586
80    -97.75048 -52.15467  -0.57411 -74.09468 -89.37298 -47.79302       -97.75048 -52.15467  -0.57411 -74.09468 -89.37298 -47.79302      41.3233
81    -97.06516 -51.42722  -1.48150 -73.06154 -88.90912 -49.06796       -97.06516 -51.42722  -1.48150 -73.06154 -88.90912 -49.06796      39.1484
82    -96.37983 -50.69978  -2.38889 -72.02839 -88.44526 -50.34290       -96.37983 -50.69978  -2.38889 -72.02839 -88.44526 -50.34290      36.9735
83    -95.69451 -49.97233  -3.29628 -70.99525 -87.98140 -51.61785       -95.69451 -49.97233  -3.29628 -70.99525 -87.98140 -51.61785      34.7986
84    -95.00918 -49.24489  -4.20367 -69.96210 -87.51753 -52.89279       -95.00918 -49.24489  -4.20367 -69.96210 -87.51753 -52.89279      32.6237
85    -94.32385 -48.51745  -5.11105 -68.92896 -87.05367 -54.16773       -94.32385 -48.51745  -5.11105 -68.92896 -87.05367 -54.16773      30.4487
86    -93.63853 -47.79000  -6.01844 -67.89581 -86.58981 -55.44268       -93.63853 -47.79000  -6.01844 -67.89581 -86.58981 -55.44268      28.2738
87    -92.95320 -47.06256  -6.92583 -66.86267 -86.12595 -56.71762       -92.95320 -47.06256  -6.92583 -66.86267 -86.12595 -56.71762      26.0989
88    -92.26788 -46.33512  -7.83322 -65.82953 -85.66209 -57.99256       -92.26788 -46.33512  -7.83322 -65.82953 -85.66209 -57.99256      23.924
89    -91.58255 -45.60767  -8.74061 -64.79638 -85.19823 -59.26751       -91.58255 -45.60767  -8.74061 -64.79638 -85.19823 -59.26751      21.7491
90    -90.89722 -44.88023  -9.64800 -63.76324 -84.73437 -60.54245       -90.89722 -44.88023  -9.64800 -63.76324 -84.73437 -60.54245      19.5742
91    -90.21190 -44.15278 -10.55538 -62.73009 -84.27051 -61.81739       -90.21190 -44.15278 -10.55538 -62.73009 -84.27051 -61.81739      17.3993
92    -89.52657 -43.42534 -11.46277 -61.69695 -83.80664 -63.09234       -89.52657 -43.42534 -11.46277 -61.69695 -83.80664 -63.09234      15.2244
93    -88.84125 -42.69790 -12.37016 -60.66380 -83.34278 -64.36728       -88.84125 -42.69790 -12.37016 -60.66380 -83.34278 -64.36728      13.0495
94    -88.15592 -41.97045 -13.27755 -59.63066 -82.87892 -65.64222       -88.15592 -41.97045 -13.27755 -59.63066 -82.87892 -65.64222      10.8746
95    -87.47059 -41.24301 -14.18494 -58.59751 -82.41506 -66.91717       -87.47059 -41.24301 -14.18494 -58.59751 -82.41506 -66.91717      8.69964
96    -86.78527 -40.51556 -15.09232 -57.56437 -81.95120 -68.19211       -86.78527 -40.51556 -15.09232 -57.56437 -81.95120 -68.19211      6.52473
97    -86.09994 -39.78812 -15.99971 -56.53123 -81.48734 -69.46705       -86.09994 -39.78812 -15.99971 -56.53123 -81.48734 -69.46705      4.34982
98    -85.41462 -39.06068 -16.90710 -55.49808 -81.02348 -70.74200       -85.41462 -39.06068 -16.90710 -55.49808 -81.02348 -70.74200      2.17491
99    -84.72929 -38.33323 -17.81449 -54.46494 -80.55962 -72.01694       -84.72929 -38.33323 -17.81449 -54.46494 -80.55962 -72.01694      0
