Fol_2017-11-01.13_50_29.1_.txt     Output is probe cell, reduced cell, NCDist distance between
0    7.18425 -24.534 -29.2762 -67.571 -62.6078 -155.614      -17.3497 -7.18425 -55.4235 -22.0919 -74.7552 -148.43     6.19437e-14
1    7.3595 -24.2136 -28.6848 -68.1123 -63.745 -156.11      -16.8541 -7.3595 -56.3855 -21.3253 -75.4718 -148.75     0.847788
2    7.53475 -23.8932 -28.0933 -68.6536 -64.8822 -156.605      -16.3584 -7.53475 -57.3475 -20.5586 -76.1883 -149.07     1.69558
3    7.71 -23.5728 -27.5019 -69.1949 -66.0194 -157.101      -15.8628 -7.71 -58.3094 -19.7919 -76.9049 -149.391     2.54336
4    7.88525 -23.2524 -26.9104 -69.7362 -67.1566 -157.596      -15.3672 -7.88525 -59.2714 -19.0252 -77.6214 -149.711     3.39115
5    8.0605 -22.932 -26.319 -70.2775 -68.2938 -158.092      -14.8715 -8.0605 -60.2333 -18.2585 -78.338 -150.032     4.23894
6    8.23575 -22.6116 -25.7276 -70.8188 -69.431 -158.588      -14.3759 -8.23575 -61.1953 -17.4918 -79.0546 -150.352     5.08673
7    8.41099 -22.2912 -25.1361 -71.3601 -70.5682 -159.083      -13.8803 -8.41099 -62.1572 -16.7251 -79.7711 -150.672     5.93452
8    8.58624 -21.9709 -24.5447 -71.9014 -71.7054 -159.579      -13.3846 -8.58624 -63.1192 -15.9584 -80.4877 -150.993     6.78231
9    8.76149 -21.6505 -23.9533 -72.4427 -72.8427 -160.075      -12.889 -8.76149 -64.0812 -15.1918 -81.2042 -151.313     7.63009
10    8.93674 -21.3301 -23.3618 -72.984 -73.9799 -160.57      -12.3933 -8.93674 -65.0431 -14.4251 -81.9208 -151.634     8.47788
11    9.11199 -21.0097 -22.7704 -73.5253 -75.1171 -161.066      -11.8977 -9.11199 -66.0051 -13.6584 -82.6373 -151.954     9.32567
12    9.28724 -20.6893 -22.1789 -74.0666 -76.2543 -161.562      -11.4021 -9.28724 -66.967 -12.8917 -83.3539 -152.274     10.1735
13    9.46249 -20.3689 -21.5875 -74.6079 -77.3915 -162.057      -10.9064 -9.46249 -67.929 -12.125 -84.0704 -152.595     11.0212
14    9.63774 -20.0485 -20.9961 -75.1493 -78.5287 -162.553      -10.4108 -9.63774 -68.8909 -11.3583 -84.787 -152.915     11.869
15    9.81299 -19.7282 -20.4046 -75.6906 -79.6659 -163.048      -9.91517 -9.81299 -69.8529 -10.5916 -85.5035 -153.235     12.7168
16    9.98824 -19.4078 -19.8132 -76.2319 -80.8031 -163.544      -9.41954 -9.98824 -70.8149 -9.82494 -86.2201 -153.556     13.5646
17    10.1635 -19.0874 -19.2217 -76.7732 -81.9403 -164.04      -8.9239 -10.1635 -71.7768 -9.05825 -86.9367 -153.876     14.4124
18    10.3387 -18.767 -18.6303 -77.3145 -83.0775 -164.535      -8.42827 -10.3387 -72.7388 -8.29157 -87.6532 -154.197     15.2602
19    10.514 -18.4466 -18.0389 -77.8558 -84.2147 -165.031      -7.93263 -10.514 -73.7007 -7.52488 -88.3698 -154.517     16.108
20    10.6892 -18.1262 -17.4474 -78.3971 -85.3519 -165.527      -7.43699 -10.6892 -74.6627 -6.75819 -89.0863 -154.837     16.9558
21    10.8645 -17.8058 -16.856 -78.9384 -86.4891 -166.022      -6.94136 -10.8645 -75.6246 -5.9915 -89.8029 -155.158     17.8036
22    11.0397 -17.4855 -16.2646 -79.4797 -87.6263 -166.518      -6.44572 -76.5866 -11.0397 -5.22481 -155.478 -90.5194     18.6513
23    11.215 -17.1651 -15.6731 -80.021 -88.7636 -167.014      -5.95009 -77.5486 -11.215 -4.45813 -155.799 -91.236     19.4991
24    11.3902 -16.8447 -15.0817 -80.5623 -89.9008 -167.509      -5.45445 -78.5105 -11.3902 -3.69144 -156.119 -91.9525     20.3469
25    11.5655 -16.5243 -14.4902 -81.1036 -91.038 -168.005      -4.95882 -79.4725 -11.5655 -2.92475 -156.439 -92.6691     21.1947
26    11.7407 -16.2039 -13.8988 -81.6449 -92.1752 -168.5      -4.46318 -80.4344 -11.7407 -2.15806 -156.76 -93.3856     22.0425
27    11.916 -15.8835 -13.3074 -82.1862 -93.3124 -168.996      -3.96755 -81.3964 -11.916 -1.39138 -157.08 -94.1022     22.8903
28    12.0912 -15.5631 -12.7159 -82.7275 -94.4496 -169.492      -3.47191 -82.3583 -12.0912 -0.624688 -157.4 -94.8188     23.7381
29    12.2665 -15.2428 -12.1245 -83.2688 -95.5868 -169.987      -3.11828 -83.1783 -12.1245 -0.142 -95.3933 -157.579     24.5859
30    12.4417 -14.9224 -11.533 -83.8101 -96.724 -170.483      -3.38933 -83.3736 -11.533 -0.908687 -95.3432 -157.133     25.4336
31    12.617 -14.602 -10.9416 -84.3514 -97.8612 -170.979      -3.66038 -83.5688 -10.9416 -1.67538 -95.293 -156.686     26.2814
32    12.7922 -14.2816 -10.3502 -84.8927 -98.9984 -171.474      -3.93143 -83.7641 -10.3502 -2.44206 -95.2429 -156.24     27.1292
33    12.9675 -13.9612 -9.75873 -85.434 -100.136 -171.97      -4.20249 -83.9594 -9.75873 -3.20875 -95.1928 -155.794     27.977
34    13.1427 -13.6408 -9.16729 -85.9754 -101.273 -172.466      -4.47354 -84.1547 -9.16729 -3.97544 -95.1426 -155.347     28.8248
35    13.318 -13.3204 -8.57585 -86.5167 -102.41 -172.961      -4.74459 -84.3499 -8.57585 -4.74213 -95.0925 -154.901     29.6726
36    13.4932 -13.0001 -7.98442 -87.058 -103.547 -173.457      -5.01564 -84.5452 -7.98442 -5.50881 -95.0424 -154.455     30.5204
37    13.6685 -12.6797 -7.39298 -87.5993 -104.684 -173.952      -5.2867 -84.7405 -7.39298 -6.2755 -94.9922 -154.008     31.3682
38    13.8437 -12.3593 -6.80154 -88.1406 -105.822 -174.448      -5.55775 -84.9357 -6.80154 -7.04219 -94.9421 -153.562     32.216
39    14.019 -12.0389 -6.2101 -88.6819 -106.959 -174.944      -5.8288 -85.131 -6.2101 -7.80888 -94.892 -153.116     33.0637
40    14.1942 -11.7185 -5.61866 -89.2232 -108.096 -175.439      -6.09985 -85.3263 -5.61866 -8.57557 -94.8418 -152.67     33.9115
41    14.3695 -11.3981 -5.02723 -89.7645 -109.233 -175.935      -6.37091 -85.5215 -5.02723 -9.34225 -94.7917 -152.223     34.7593
42    14.5447 -11.0777 -4.43579 -90.3058 -110.37 -176.431      -6.64196 -85.7168 -4.43579 -10.1089 -94.7416 -151.777     35.6071
43    14.72 -10.7574 -3.84435 -90.8471 -111.508 -176.926      -6.91301 -85.9121 -3.84435 -10.8756 -94.6914 -151.331     36.4549
44    14.8952 -10.437 -3.25291 -91.3884 -112.645 -177.422      -7.18406 -86.1074 -3.25291 -11.6423 -94.6413 -150.884     37.3027
45    15.0705 -10.1166 -2.66147 -91.9297 -113.782 -177.918      -7.45512 -86.3026 -2.66147 -12.409 -94.5912 -150.438     38.1505
46    15.2457 -9.7962 -2.07003 -92.471 -114.919 -178.413      -7.72617 -86.4979 -2.07003 -13.1757 -94.541 -149.992     38.9983
47    15.421 -9.47582 -1.4786 -93.0123 -116.057 -178.909      -7.99722 -86.6932 -1.4786 -13.9424 -94.4909 -149.545     39.846
48    15.5962 -9.15543 -0.887157 -93.5536 -117.194 -179.404      -8.26827 -86.8884 -0.887157 -14.7091 -94.4408 -149.099     40.6938
49    15.7715 -8.83504 -0.295719 -94.0949 -118.331 -179.9      -8.53932 -87.0837 -0.295719 -15.4758 -94.3906 -148.653     41.5416
50    15.9467 -8.51466 0.295719 -94.6362 -119.468 -180.396      -15.9467 -8.51466 -0.295719 -94.0448 -86.9832 -148.502     50.752    *****
51    16.122 -8.19427 0.887157 -95.1775 -120.605 -180.891      -16.122 -8.19427 -0.887157 -93.4032 -86.5871 -148.647     49.7162
52    16.2972 -7.87389 1.4786 -95.7188 -121.743 -181.387      -16.2972 -7.87389 -1.4786 -92.7617 -86.1909 -148.793     48.6805
53    16.4725 -7.5535 2.07003 -96.2601 -122.88 -181.883      -16.4725 -7.5535 -2.07003 -92.1201 -85.7947 -148.938     47.6447
54    16.6477 -7.23311 2.66147 -96.8015 -124.017 -182.378      -16.6477 -7.23311 -2.66147 -91.4785 -85.3986 -149.083     46.6089
55    16.823 -6.91273 3.25291 -97.3428 -125.154 -182.874      -16.823 -6.91273 -3.25291 -90.8369 -85.0024 -149.228     45.5732
56    16.9982 -6.59234 3.84435 -97.8841 -126.291 -183.37      -16.9982 -6.59234 -3.84435 -90.1954 -84.6062 -149.373     44.5374
57    17.1735 -6.27196 4.43579 -98.4254 -127.429 -183.865      -17.1735 -6.27196 -4.43579 -89.5538 -84.2101 -149.518     43.5017
58    17.3487 -5.95157 5.02723 -98.9667 -128.566 -184.361      -17.3487 -5.95157 -5.02723 -88.9122 -83.8139 -149.663     42.4659
59    17.524 -5.63119 5.61866 -99.508 -129.703 -184.856      -17.524 -5.63119 -5.61866 -88.2707 -83.4177 -149.808     41.4302
60    17.6992 -5.3108 6.2101 -100.049 -130.84 -185.352      -17.6992 -5.3108 -6.2101 -87.6291 -83.0216 -149.954     40.3944
61    17.8745 -4.99041 6.80154 -100.591 -131.977 -185.848      -17.8745 -4.99041 -6.80154 -86.9875 -82.6254 -150.099     39.3587
62    18.0497 -4.67003 7.39298 -101.132 -133.115 -186.343      -18.0497 -4.67003 -7.39298 -86.3459 -82.2292 -150.244     38.3229
63    18.225 -4.34964 7.98442 -101.673 -134.252 -186.839      -18.225 -4.34964 -7.98442 -85.7044 -81.8331 -150.389     37.2872
64    18.4002 -4.02926 8.57585 -102.215 -135.389 -187.335      -18.4002 -4.02926 -8.57585 -85.0628 -81.4369 -150.534     36.2514
65    18.5755 -3.70887 9.16729 -102.756 -136.526 -187.83      -18.5755 -3.70887 -9.16729 -84.4212 -81.0407 -150.679     35.2156
66    18.7507 -3.38848 9.75873 -103.297 -137.663 -188.326      -18.7507 -3.38848 -9.75873 -83.7797 -80.6445 -150.824     34.1799
67    18.926 -3.0681 10.3502 -103.838 -138.801 -188.822      -18.926 -3.0681 -10.3502 -83.1381 -80.2484 -150.97     33.1441
68    19.1012 -2.74771 10.9416 -104.38 -139.938 -189.317      -19.1012 -2.74771 -10.9416 -82.4965 -79.8522 -151.115     32.1084
69    19.2765 -2.42733 11.533 -104.921 -141.075 -189.813      -19.2765 -2.42733 -11.533 -81.8549 -79.456 -151.26     31.0726
70    19.4517 -2.10694 12.1245 -105.462 -142.212 -190.308      -19.4517 -2.10694 -12.1245 -81.2134 -79.0599 -151.405     30.0369
71    19.627 -1.78656 12.7159 -106.004 -143.349 -190.804      -19.627 -1.78656 -12.7159 -80.5718 -78.6637 -151.55     29.0011
72    19.8022 -1.46617 13.3074 -106.545 -144.487 -191.3      -19.8022 -1.46617 -13.3074 -79.9302 -78.2675 -151.695     27.9654
73    19.9775 -1.14578 13.8988 -107.086 -145.624 -191.795      -19.9775 -1.14578 -13.8988 -79.2887 -77.8714 -151.84     26.9296
74    20.1527 -0.825398 14.4902 -107.628 -146.761 -192.291      -20.1527 -0.825398 -14.4902 -78.6471 -77.4752 -151.986     25.8939
75    20.328 -0.505012 15.0817 -108.169 -147.898 -192.787      -20.328 -0.505012 -15.0817 -78.0055 -77.079 -152.131     24.8581
76    20.5032 -0.184626 15.6731 -108.71 -149.036 -193.282      -20.5032 -0.184626 -15.6731 -77.3639 -76.6829 -152.276     23.8223
77    20.6785 0.13576 16.2646 -109.251 -150.173 -193.778      -20.5427 -76.5866 -0.13576 -16.1288 -152.285 -76.4225     20.2296    *****
78    20.8537 0.456146 16.856 -109.793 -151.31 -194.274      -20.3976 -0.456146 -75.6246 -16.3998 -76.3467 -152.11     19.3101
79    21.029 0.776531 17.4474 -110.334 -152.447 -194.769      -20.2524 -0.776531 -74.6627 -16.6709 -76.2709 -151.935     18.3905
80    21.2042 1.09692 18.0389 -110.875 -153.584 -195.265      -20.1073 -1.09692 -73.7007 -16.942 -76.1951 -151.759     17.471
81    21.3795 1.4173 18.6303 -111.417 -154.722 -195.76      -19.9622 -1.4173 -72.7388 -17.213 -76.1193 -151.584     16.5515
82    21.5547 1.73769 19.2217 -111.958 -155.859 -196.256      -19.817 -1.73769 -71.7768 -17.4841 -76.0435 -151.409     15.6319
83    21.73 2.05807 19.8132 -112.499 -156.996 -196.752      -19.6719 -2.05807 -70.8149 -17.7551 -75.9678 -151.234     14.7124
84    21.9052 2.37846 20.4046 -113.041 -158.133 -197.247      -19.5267 -2.37846 -69.8529 -18.0262 -75.892 -151.058     13.7929
85    22.0805 2.69885 20.9961 -113.582 -159.27 -197.743      -19.3816 -2.69885 -68.8909 -18.2972 -75.8162 -150.883     12.8734
86    22.2557 3.01923 21.5875 -114.123 -160.408 -198.239      -19.2365 -3.01923 -67.929 -18.5683 -75.7404 -150.708     11.9538
87    22.431 3.33962 22.1789 -114.665 -161.545 -198.734      -19.0913 -3.33962 -66.967 -18.8393 -75.6646 -150.533     11.0343
88    22.6062 3.66 22.7704 -115.206 -162.682 -199.23      -18.9462 -3.66 -66.0051 -19.1104 -75.5888 -150.357     10.1148
89    22.7815 3.98039 23.3618 -115.747 -163.819 -199.725      -18.8011 -3.98039 -65.0431 -19.3814 -75.5131 -150.182     9.19526
90    22.9567 4.30078 23.9533 -116.288 -164.956 -200.221      -18.6559 -4.30078 -64.0812 -19.6525 -75.4373 -150.007     8.27574
91    23.132 4.62116 24.5447 -116.83 -166.094 -200.717      -18.5108 -4.62116 -63.1192 -19.9235 -75.3615 -149.832     7.35621
92    23.3072 4.94155 25.1361 -117.371 -167.231 -201.212      -18.3657 -4.94155 -62.1572 -20.1946 -75.2857 -149.656     6.43668
93    23.4825 5.26193 25.7276 -117.912 -168.368 -201.708      -18.2205 -5.26193 -61.1953 -20.4656 -75.2099 -149.481     5.51716
94    23.6577 5.58232 26.319 -118.454 -169.505 -202.204      -18.0754 -5.58232 -60.2333 -20.7367 -75.1341 -149.306     4.59763
95    23.833 5.9027 26.9104 -118.995 -170.642 -202.699      -17.9302 -5.9027 -59.2714 -21.0077 -75.0584 -149.131     3.67811
96    24.0082 6.22309 27.5019 -119.536 -171.78 -203.195      -17.7851 -6.22309 -58.3094 -21.2788 -74.9826 -148.955     2.75858
97    24.1835 6.54348 28.0933 -120.078 -172.917 -203.691      -17.64 -6.54348 -57.3475 -21.5498 -74.9068 -148.78     1.83905
98    24.3587 6.86386 28.6848 -120.619 -174.054 -204.186      -17.4948 -6.86386 -56.3855 -21.8209 -74.831 -148.605     0.919526
99    24.534 7.18425 29.2762 -121.16 -175.191 -204.682      -17.3497 -7.18425 -55.4235 -22.0919 -74.7552 -148.43     5.50384e-14
Fol_2017-11-01.13_50_29.1_.txt     Output is probe cell, reduced cell, NCDist distance between
0    10.4193 -12.3659 -24.4133 -14.309 -121.721 -159.366      -1.94657 -10.4193 -111.302 -13.994 -24.7283 -148.946     5.50384e-14
1    10.4193 -12.1161 -23.9201 -15.052 -122.214 -159.616      -1.69676 -10.4193 -111.795 -13.5008 -25.4713 -149.196     0.697518
2    10.4193 -11.8662 -23.4269 -15.795 -122.707 -159.865      -1.44694 -10.4193 -112.288 -13.0076 -26.2143 -149.446     1.39504
3    10.4193 -11.6164 -22.9337 -16.538 -123.201 -160.115      -1.19713 -10.4193 -112.781 -12.5144 -26.9573 -149.696     2.09255
4    10.4193 -11.3666 -22.4405 -17.281 -123.694 -160.365      -0.947312 -10.4193 -113.275 -12.0212 -27.7003 -149.946     2.79007
5    10.4193 -11.1168 -21.9473 -18.0241 -124.187 -160.615      -0.697496 -10.4193 -113.768 -11.528 -28.4434 -150.196     3.48759
6    10.4193 -10.867 -21.4541 -18.7671 -124.68 -160.865      -0.44768 -10.4193 -114.261 -11.0348 -29.1864 -150.445     4.18511
7    10.4193 -10.6172 -20.9609 -19.5101 -125.173 -161.114      -0.197865 -10.4193 -114.754 -10.5416 -29.9294 -150.695     4.88263
8    10.4193 -10.3673 -20.4678 -20.2531 -125.667 -161.364      -0.0519509 -10.3673 -30.6205 -10.1004 -115.195 -150.893     5.58014
9    10.4193 -10.1175 -19.9746 -20.9961 -126.16 -161.614      -0.301767 -10.1175 -31.1137 -9.85702 -115.439 -150.893     6.27766
10    10.4193 -9.86772 -19.4814 -21.7391 -126.653 -161.864      -0.551582 -9.86772 -31.6068 -9.61363 -115.682 -150.893     6.97518
11    10.4193 -9.6179 -18.9882 -22.4821 -127.146 -162.114      -0.801398 -9.6179 -32.1 -9.37025 -115.926 -150.893     7.6727
12    10.4193 -9.36809 -18.495 -23.2252 -127.639 -162.364      -1.05121 -9.36809 -32.5932 -9.12687 -116.169 -150.893     8.37022
13    10.4193 -9.11827 -18.0018 -23.9682 -128.133 -162.613      -1.30103 -9.11827 -33.0864 -8.88348 -116.412 -150.893     9.06774
14    10.4193 -8.86846 -17.5086 -24.7112 -128.626 -162.863      -1.55084 -8.86846 -33.5796 -8.6401 -116.656 -150.893     9.76525
15    10.4193 -8.61864 -17.0154 -25.4542 -129.119 -163.113      -1.80066 -8.61864 -34.0728 -8.39672 -116.899 -150.893     10.4628
16    10.4193 -8.36882 -16.5222 -26.1972 -129.612 -163.363      -2.05048 -8.36882 -34.566 -8.15334 -117.142 -150.893     11.1603
17    10.4193 -8.11901 -16.029 -26.9402 -130.105 -163.613      -2.30029 -8.11901 -35.0592 -7.90995 -117.386 -150.893     11.8578
18    10.4193 -7.86919 -15.5358 -27.6832 -130.599 -163.862      -2.55011 -7.86919 -35.5524 -7.66657 -117.629 -150.893     12.5553
19    10.4193 -7.61938 -15.0426 -28.4263 -131.092 -164.112      -2.79992 -7.61938 -36.0456 -7.42319 -117.873 -150.893     13.2528
20    10.4193 -7.36956 -14.5494 -29.1693 -131.585 -164.362      -3.04974 -7.36956 -36.5388 -7.1798 -118.116 -150.893     13.9504
21    10.4193 -7.11975 -14.0562 -29.9123 -132.078 -164.612      -3.29955 -7.11975 -37.032 -6.93642 -118.359 -150.893     14.6479
22    10.4193 -6.86993 -13.563 -30.6553 -132.571 -164.862      -3.54937 -6.86993 -37.5252 -6.69304 -118.603 -150.893     15.3454
23    10.4193 -6.62011 -13.0698 -31.3983 -133.065 -165.112      -3.79919 -6.62011 -38.0184 -6.44965 -118.846 -150.893     16.0429
24    10.4193 -6.3703 -12.5766 -32.1413 -133.558 -165.361      -4.049 -38.5116 -6.3703 -6.20627 -150.893 -119.089     16.7404
25    10.4193 -6.12048 -12.0834 -32.8843 -134.051 -165.611      -4.29882 -39.0048 -6.12048 -5.96289 -150.893 -119.333     17.438
26    10.4193 -5.87067 -11.5902 -33.6274 -134.544 -165.861      -4.54863 -39.498 -5.87067 -5.7195 -150.893 -119.576     18.1355
27    10.4193 -5.62085 -11.097 -34.3704 -135.037 -166.111      -4.79845 -39.9912 -5.62085 -5.47612 -150.893 -119.82     18.833
28    10.4193 -5.37104 -10.6038 -35.1134 -135.531 -166.361      -5.04826 -40.4844 -5.37104 -5.23274 -150.893 -120.063     19.5305
29    10.4193 -5.12122 -10.1106 -35.8564 -136.024 -166.61      -5.29808 -40.9776 -5.12122 -4.98935 -150.893 -120.306     20.228
30    10.4193 -4.87141 -9.61738 -36.5994 -136.517 -166.86      -5.5479 -41.4708 -4.87141 -4.74597 -150.893 -120.55     20.9255
31    10.4193 -4.62159 -9.12418 -37.3424 -137.01 -167.11      -5.79771 -41.964 -4.62159 -4.50259 -150.893 -120.793     21.6231
32    10.4193 -4.37177 -8.63098 -38.0854 -137.503 -167.36      -6.04753 -42.4572 -4.37177 -4.25921 -150.893 -121.037     22.3206
33    10.4193 -4.12196 -8.13778 -38.8285 -137.997 -167.61      -6.29734 -42.9504 -4.12196 -4.01582 -150.893 -121.28     23.0181
34    10.4193 -3.87214 -7.64458 -39.5715 -138.49 -167.859      -6.54716 -43.4436 -3.87214 -3.77244 -150.893 -121.523     23.7156
35    10.4193 -3.62233 -7.15138 -40.3145 -138.983 -168.109      -6.79697 -43.9368 -3.62233 -3.52906 -150.893 -121.767     24.4131
36    10.4193 -3.37251 -6.65818 -41.0575 -139.476 -168.359      -7.04679 -44.43 -3.37251 -3.28567 -150.893 -122.01     25.1107
37    10.4193 -3.1227 -6.16498 -41.8005 -139.969 -168.609      -7.2966 -44.9232 -3.1227 -3.04229 -150.893 -122.253     25.8082
38    10.4193 -2.87288 -5.67179 -42.5435 -140.463 -168.859      -7.54642 -45.4164 -2.87288 -2.79891 -150.893 -122.497     26.5057
39    10.4193 -2.62306 -5.17859 -43.2866 -140.956 -169.109      -7.79624 -45.9096 -2.62306 -2.55552 -150.893 -122.74     27.2032
40    10.4193 -2.37325 -4.68539 -44.0296 -141.449 -169.358      -8.04605 -46.4028 -2.37325 -2.31214 -150.893 -122.984     27.9007
41    10.4193 -2.12343 -4.19219 -44.7726 -141.942 -169.608      -8.29587 -46.896 -2.12343 -2.06876 -150.893 -123.227     28.5982
42    10.4193 -1.87362 -3.69899 -45.5156 -142.435 -169.858      -8.54568 -47.3892 -1.87362 -1.82537 -150.893 -123.47     29.2958
43    10.4193 -1.6238 -3.20579 -46.2586 -142.929 -170.108      -8.7955 -47.8824 -1.6238 -1.58199 -150.893 -123.714     29.9933
44    10.4193 -1.37399 -2.71259 -47.0016 -143.422 -170.358      -9.04531 -48.3756 -1.37399 -1.33861 -150.893 -123.957     30.6908
45    10.4193 -1.12417 -2.21939 -47.7446 -143.915 -170.607      -9.29513 -48.8688 -1.12417 -1.09522 -150.893 -124.201     31.3883
46    10.4193 -0.874355 -1.7262 -48.4877 -144.408 -170.857      -9.54495 -49.362 -0.874355 -0.851841 -150.893 -124.444     32.0858
47    10.4193 -0.624539 -1.233 -49.2307 -144.901 -171.107      -9.79476 -49.8552 -0.624539 -0.608458 -150.893 -124.687     32.7834
48    10.4193 -0.374723 -0.739798 -49.9737 -145.395 -171.357      -10.0446 -50.3484 -0.374723 -0.365075 -150.893 -124.931     33.4809
49    10.4193 -0.124908 -0.246599 -50.7167 -145.888 -171.607      -10.2944 -50.8416 -0.124908 -0.121692 -150.893 -125.174     34.1784
50    10.4193 0.124908 0.246599 -51.4597 -146.381 -171.857      -10.2944 -50.8416 -0.124908 -0.121692 -150.893 -125.174     34.1784
51    10.4193 0.374723 0.739798 -52.2027 -146.874 -172.106      -10.0446 -50.3484 -0.374723 -0.365075 -150.893 -124.931     33.4809
52    10.4193 0.624539 1.233 -52.9457 -147.367 -172.356      -9.79476 -49.8552 -0.624539 -0.608458 -150.893 -124.687     32.7834
53    10.4193 0.874355 1.7262 -53.6888 -147.861 -172.606      -9.54495 -49.362 -0.874355 -0.851841 -150.893 -124.444     32.0858
54    10.4193 1.12417 2.21939 -54.4318 -148.354 -172.856      -9.29513 -48.8688 -1.12417 -1.09522 -150.893 -124.201     31.3883
55    10.4193 1.37399 2.71259 -55.1748 -148.847 -173.106      -9.04531 -48.3756 -1.37399 -1.33861 -150.893 -123.957     30.6908
56    10.4193 1.6238 3.20579 -55.9178 -149.34 -173.355      -8.7955 -47.8824 -1.6238 -1.58199 -150.893 -123.714     29.9933
57    10.4193 1.87362 3.69899 -56.6608 -149.833 -173.605      -8.54568 -47.3892 -1.87362 -1.82537 -150.893 -123.47     29.2958
58    10.4193 2.12343 4.19219 -57.4038 -150.327 -173.855      -8.29587 -46.896 -2.12343 -2.06876 -150.893 -123.227     28.5982
59    10.4193 2.37325 4.68539 -58.1468 -150.82 -174.105      -8.04605 -46.4028 -2.37325 -2.31214 -150.893 -122.984     27.9007
60    10.4193 2.62306 5.17859 -58.8899 -151.313 -174.355      -7.79624 -45.9096 -2.62306 -2.55552 -150.893 -122.74     27.2032
61    10.4193 2.87288 5.67179 -59.6329 -151.806 -174.605      -7.54642 -45.4164 -2.87288 -2.79891 -150.893 -122.497     26.5057
62    10.4193 3.1227 6.16498 -60.3759 -152.299 -174.854      -7.2966 -44.9232 -3.1227 -3.04229 -150.893 -122.253     25.8082
63    10.4193 3.37251 6.65818 -61.1189 -152.793 -175.104      -7.04679 -44.43 -3.37251 -3.28567 -150.893 -122.01     25.1107
64    10.4193 3.62233 7.15138 -61.8619 -153.286 -175.354      -6.79697 -43.9368 -3.62233 -3.52906 -150.893 -121.767     24.4131
65    10.4193 3.87214 7.64458 -62.6049 -153.779 -175.604      -6.54716 -43.4436 -3.87214 -3.77244 -150.893 -121.523     23.7156
66    10.4193 4.12196 8.13778 -63.3479 -154.272 -175.854      -6.29734 -42.9504 -4.12196 -4.01582 -150.893 -121.28     23.0181
67    10.4193 4.37177 8.63098 -64.091 -154.765 -176.103      -6.04753 -42.4572 -4.37177 -4.25921 -150.893 -121.037     22.3206
68    10.4193 4.62159 9.12418 -64.834 -155.259 -176.353      -5.79771 -41.964 -4.62159 -4.50259 -150.893 -120.793     21.6231
69    10.4193 4.87141 9.61738 -65.577 -155.752 -176.603      -5.5479 -41.4708 -4.87141 -4.74597 -150.893 -120.55     20.9255
70    10.4193 5.12122 10.1106 -66.32 -156.245 -176.853      -5.29808 -40.9776 -5.12122 -4.98935 -150.893 -120.306     20.228
71    10.4193 5.37104 10.6038 -67.063 -156.738 -177.103      -5.04826 -40.4844 -5.37104 -5.23274 -150.893 -120.063     19.5305
72    10.4193 5.62085 11.097 -67.806 -157.231 -177.352      -4.79845 -39.9912 -5.62085 -5.47612 -150.893 -119.82     18.833
73    10.4193 5.87067 11.5902 -68.549 -157.725 -177.602      -4.54863 -39.498 -5.87067 -5.7195 -150.893 -119.576     18.1355
74    10.4193 6.12048 12.0834 -69.2921 -158.218 -177.852      -4.29882 -39.0048 -6.12048 -5.96289 -150.893 -119.333     17.438
75    10.4193 6.3703 12.5766 -70.0351 -158.711 -178.102      -4.049 -38.5116 -6.3703 -6.20627 -150.893 -119.089     16.7404
76    10.4193 6.62011 13.0698 -70.7781 -159.204 -178.352      -3.79919 -6.62011 -38.0184 -6.44965 -118.846 -150.893     16.0429
77    10.4193 6.86993 13.563 -71.5211 -159.697 -178.602      -3.54937 -6.86993 -37.5252 -6.69304 -118.603 -150.893     15.3454
78    10.4193 7.11975 14.0562 -72.2641 -160.191 -178.851      -3.29955 -7.11975 -37.032 -6.93642 -118.359 -150.893     14.6479
79    10.4193 7.36956 14.5494 -73.0071 -160.684 -179.101      -3.04974 -7.36956 -36.5388 -7.1798 -118.116 -150.893     13.9504
80    10.4193 7.61938 15.0426 -73.7501 -161.177 -179.351      -2.79992 -7.61938 -36.0456 -7.42319 -117.873 -150.893     13.2528
81    10.4193 7.86919 15.5358 -74.4932 -161.67 -179.601      -2.55011 -7.86919 -35.5524 -7.66657 -117.629 -150.893     12.5553
82    10.4193 8.11901 16.029 -75.2362 -162.163 -179.851      -2.30029 -8.11901 -35.0592 -7.90995 -117.386 -150.893     11.8578
83    10.4193 8.36882 16.5222 -75.9792 -162.657 -180.1      -2.05048 -8.36882 -34.566 -8.15334 -117.142 -150.893     11.1603
84    10.4193 8.61864 17.0154 -76.7222 -163.15 -180.35      -1.80066 -8.61864 -34.0728 -8.39672 -116.899 -150.893     10.4628
85    10.4193 8.86846 17.5086 -77.4652 -163.643 -180.6      -1.55084 -8.86846 -33.5796 -8.6401 -116.656 -150.893     9.76525
86    10.4193 9.11827 18.0018 -78.2082 -164.136 -180.85      -1.30103 -9.11827 -33.0864 -8.88348 -116.412 -150.893     9.06774
87    10.4193 9.36809 18.495 -78.9512 -164.629 -181.1      -1.05121 -9.36809 -32.5932 -9.12687 -116.169 -150.893     8.37022
88    10.4193 9.6179 18.9882 -79.6943 -165.123 -181.35      -0.801398 -9.6179 -32.1 -9.37025 -115.926 -150.893     7.6727
89    10.4193 9.86772 19.4814 -80.4373 -165.616 -181.599      -0.551582 -9.86772 -31.6068 -9.61363 -115.682 -150.893     6.97518
90    10.4193 10.1175 19.9746 -81.1803 -166.109 -181.849      -0.301767 -10.1175 -31.1137 -9.85702 -115.439 -150.893     6.27766
91    10.4193 10.3673 20.4678 -81.9233 -166.602 -182.099      -0.0519509 -10.3673 -30.6205 -10.1004 -115.195 -150.893     5.58014
92    10.4193 10.6172 20.9609 -82.6663 -167.095 -182.349      -0.197865 -10.4193 -114.754 -10.5416 -29.9294 -150.695     4.88263
93    10.4193 10.867 21.4541 -83.4093 -167.589 -182.599      -0.44768 -10.4193 -114.261 -11.0348 -29.1864 -150.445     4.18511
94    10.4193 11.1168 21.9473 -84.1523 -168.082 -182.848      -0.697496 -10.4193 -113.768 -11.528 -28.4434 -150.196     3.48759
95    10.4193 11.3666 22.4405 -84.8954 -168.575 -183.098      -0.947312 -10.4193 -113.275 -12.0212 -27.7003 -149.946     2.79007
96    10.4193 11.6164 22.9337 -85.6384 -169.068 -183.348      -1.19713 -10.4193 -112.781 -12.5144 -26.9573 -149.696     2.09255
97    10.4193 11.8662 23.4269 -86.3814 -169.561 -183.598      -1.44694 -10.4193 -112.288 -13.0076 -26.2143 -149.446     1.39504
98    10.4193 12.1161 23.9201 -87.1244 -170.055 -183.848      -1.69676 -10.4193 -111.795 -13.5008 -25.4713 -149.196     0.697518
99    10.4193 12.3659 24.4133 -87.8674 -170.548 -184.098      -1.94657 -10.4193 -111.302 -13.994 -24.7283 -148.946     0
Fol_2017-11-01.13_50_29.1_.txt     Output is probe cell, reduced cell, NCDist distance between
0    -1.68176 -28.256 -33.8192 -14.1256 -17.1662 -175.424      -28.256 -1.68176 -33.8192 -17.1662 -14.1256 -175.424     2.84217e-14
1    -1.36237 -27.9536 -33.2872 -14.7223 -18.1041 -176.046      -27.9536 -1.36237 -33.2872 -18.1041 -14.7223 -176.046     1.4487
2    -1.04298 -27.6512 -32.7553 -15.319 -19.0419 -176.668      -27.6512 -1.04298 -32.7553 -19.0419 -15.319 -176.668     2.89739
3    -0.723591 -27.3488 -32.2233 -15.9156 -19.9798 -177.289      -27.3488 -0.723591 -32.2233 -19.9798 -15.9156 -177.289     4.34609
4    -0.404202 -27.0464 -31.6913 -16.5123 -20.9177 -177.911      -27.0464 -0.404202 -31.6913 -20.9177 -16.5123 -177.911     5.79478
5    -0.0848138 -26.744 -31.1593 -17.109 -21.8555 -178.533      -26.744 -0.0848138 -31.1593 -21.8555 -17.109 -178.533     7.24348
6    0.234575 -26.4416 -30.6273 -17.7057 -22.7934 -179.155      -26.207 -0.234575 -22.5588 -30.3927 -17.9402 -178.92     8.69217
7    0.553963 -26.1391 -30.0953 -18.3024 -23.7313 -179.777      -25.5852 -0.553963 -23.1773 -29.5413 -18.8563 -179.223     10.1409
8    0.873352 -25.8367 -29.5633 -18.899 -24.6691 -180.398      -24.9634 -0.873352 -23.7958 -28.69 -19.7724 -179.525     11.5896
9    1.19274 -25.5343 -29.0313 -19.4957 -25.607 -181.02      -24.3416 -1.19274 -24.4143 -27.8386 -20.6885 -179.827     13.0383
10    1.51213 -25.2319 -28.4993 -20.0924 -26.5449 -181.642      -23.7198 -1.51213 -25.0328 -26.9872 -21.6045 -180.13     14.487
11    1.83152 -24.9295 -27.9673 -20.6891 -27.4827 -182.264      -23.098 -1.83152 -25.6512 -26.1358 -22.5206 -180.432     15.9356
12    2.15091 -24.6271 -27.4353 -21.2858 -28.4206 -182.886      -22.4762 -2.15091 -26.2697 -25.2844 -23.4367 -180.735     16.2444
13    2.4703 -24.3247 -26.9033 -21.8824 -29.3585 -183.507      -21.8544 -2.4703 -26.8882 -24.4331 -24.3527 -181.037     16.2731
14    2.78968 -24.0223 -26.3714 -22.4791 -30.2964 -184.129      -21.2327 -2.78968 -27.5067 -23.5817 -25.2688 -181.339     16.4299
15    3.10907 -23.7199 -25.8394 -23.0758 -31.2342 -184.751      -20.6109 -3.10907 -28.1251 -22.7303 -26.1849 -181.642     16.7113
16    3.42846 -23.4175 -25.3074 -23.6725 -32.1721 -185.373      -19.9891 -3.42846 -28.7436 -21.8789 -27.1009 -181.944     17.1112
17    3.74785 -23.1151 -24.7754 -24.2692 -33.11 -185.995      -19.3673 -3.74785 -29.3621 -21.0275 -28.017 -182.247     17.6214
18    4.06724 -22.8127 -24.2434 -24.8658 -34.0478 -186.616      -18.7455 -4.06724 -29.9806 -20.1762 -28.9331 -182.549     18.2327
19    4.38663 -22.5103 -23.7114 -25.4625 -34.9857 -187.238      -18.1237 -4.38663 -30.5991 -19.3248 -29.8491 -182.851     18.9354
20    4.70602 -22.2079 -23.1794 -26.0592 -35.9236 -187.86      -17.5019 -4.70602 -31.2175 -18.4734 -30.7652 -183.154     19.7196
21    5.0254 -21.9055 -22.6474 -26.6559 -36.8614 -188.482      -16.8801 -5.0254 -31.836 -17.622 -31.6813 -183.456     20.5761
22    5.34479 -21.6031 -22.1154 -27.2526 -37.7993 -189.103      -16.2583 -5.34479 -32.4545 -16.7706 -32.5973 -183.759     20.4536
23    5.66418 -21.3007 -21.5834 -27.8492 -38.7372 -189.725      -15.6366 -5.66418 -33.073 -15.9192 -33.5134 -184.061     20.3334
24    5.98357 -20.9983 -21.0514 -28.4459 -39.675 -190.347      -15.0148 -5.98357 -33.6915 -15.0679 -34.4295 -184.363     20.248
25    6.30296 -20.6959 -20.5194 -29.0426 -40.6129 -190.969      -14.393 -6.30296 -34.3099 -14.2165 -35.3455 -184.666     20.1979
26    6.62235 -20.3935 -19.9875 -29.6393 -41.5508 -191.591      -13.7712 -6.62235 -34.9284 -13.3651 -36.2616 -184.968     20.105
27    6.94174 -20.0911 -19.4555 -30.236 -42.4886 -192.212      -13.1494 -6.94174 -35.5469 -12.5137 -37.1777 -185.271     20.059
28    7.26112 -19.7887 -18.9235 -30.8326 -43.4265 -192.834      -12.5276 -7.26112 -36.1654 -11.6623 -38.0938 -185.573     20.1386
29    7.58051 -19.4863 -18.3915 -31.4293 -44.3644 -193.456      -11.9058 -7.58051 -36.7839 -10.811 -39.0098 -185.875     20.3426
30    7.8999 -19.1839 -17.8595 -32.026 -45.3022 -194.078      -11.284 -7.8999 -37.4023 -9.95958 -39.9259 -186.178     20.4795
31    8.21929 -18.8815 -17.3275 -32.6227 -46.2401 -194.7      -10.6622 -8.21929 -38.0208 -9.1082 -40.842 -186.48     20.6402
32    8.53868 -18.5791 -16.7955 -33.2194 -47.178 -195.321      -10.0404 -8.53868 -38.6393 -8.25682 -41.758 -186.783     20.8342
33    8.85807 -18.2767 -16.2635 -33.816 -48.1159 -195.943      -9.41865 -8.85807 -39.2578 -7.40544 -42.6741 -187.085     21.0606
34    9.17746 -17.9743 -15.7315 -34.4127 -49.0537 -196.565      -8.79686 -9.17746 -39.8763 -6.55406 -43.5902 -187.387     21.3183
35    9.49684 -17.6719 -15.1995 -35.0094 -49.9916 -197.187      -8.17507 -9.49684 -40.4947 -5.70268 -44.5062 -187.69     21.6063
36    9.81623 -17.3695 -14.6675 -35.6061 -50.9295 -197.809      -7.55328 -9.81623 -41.1132 -4.8513 -45.4223 -187.992     21.9234
37    10.1356 -17.0671 -14.1355 -36.2027 -51.8673 -198.43      -6.93149 -10.1356 -41.7317 -3.99992 -46.3384 -188.295     22.2682
38    10.455 -16.7647 -13.6036 -36.7994 -52.8052 -199.052      -6.3097 -10.455 -42.3502 -3.14854 -47.2544 -188.597     22.6396
39    10.7744 -16.4623 -13.0716 -37.3961 -53.7431 -199.674      -5.68791 -10.7744 -42.9687 -2.29716 -48.1705 -188.899     23.0363
40    11.0938 -16.1599 -12.5396 -37.9928 -54.6809 -200.296      -5.06612 -11.0938 -43.5871 -1.44578 -49.0866 -189.202     23.4569
41    11.4132 -15.8575 -12.0076 -38.5895 -55.6188 -200.917      -4.44433 -11.4132 -44.2056 -0.5944 -50.0026 -189.504     23.9002
42    11.7326 -15.5551 -11.4756 -39.1861 -56.5567 -201.539      -4.07953 -44.5671 -11.4756 -0.256981 -50.6617 -189.55     24.365
43    12.052 -15.2527 -10.9436 -39.7828 -57.4945 -202.161      -4.30912 -44.3342 -10.9436 -1.10836 -50.7264 -189.001     24.8501
44    12.3713 -14.9503 -10.4116 -40.3795 -58.4324 -202.783      -4.53871 -44.1013 -10.4116 -1.95974 -50.7911 -188.452     25.3543
45    12.6907 -14.6479 -9.87961 -40.9762 -59.3703 -203.405      -4.7683 -43.8684 -9.87961 -2.81112 -50.8558 -187.903     25.8764
46    13.0101 -14.3455 -9.34762 -41.5729 -60.3081 -204.026      -4.99789 -43.6355 -9.34762 -3.6625 -50.9205 -187.354     26.4155
47    13.3295 -14.0431 -8.81562 -42.1695 -61.246 -204.648      -5.22748 -43.4026 -8.81562 -4.51388 -50.9852 -186.805     26.3924
48    13.6489 -13.7407 -8.28363 -42.7662 -62.1839 -205.27      -5.45707 -43.1697 -8.28363 -5.36526 -51.0499 -186.256     26.0272
49    13.9683 -13.4383 -7.75164 -43.3629 -63.1217 -205.892      -5.68666 -42.9368 -7.75164 -6.21664 -51.1145 -185.707     25.755
50    14.2877 -13.1359 -7.21965 -43.9596 -64.0596 -206.514      -5.91625 -42.7039 -7.21965 -7.06802 -51.1792 -185.158     25.5789
51    14.6071 -12.8335 -6.68766 -44.5563 -64.9975 -207.135      -6.14584 -42.471 -6.68766 -7.9194 -51.2439 -184.609     25.5008
52    14.9265 -12.5311 -6.15567 -45.1529 -65.9354 -207.757      -6.37543 -42.2381 -6.15567 -8.77079 -51.3086 -184.06     25.5217
53    15.2458 -12.2287 -5.62367 -45.7496 -66.8732 -208.379      -6.60502 -42.0052 -5.62367 -9.62217 -51.3733 -183.511     25.6413
54    15.5652 -11.9263 -5.09168 -46.3463 -67.8111 -209.001      -6.83461 -41.7723 -5.09168 -10.4735 -51.438 -182.962     25.8583
55    15.8846 -11.6239 -4.55969 -46.943 -68.749 -209.623      -7.0642 -41.5394 -4.55969 -11.3249 -51.5027 -182.413     26.1701
56    16.204 -11.3215 -4.0277 -47.5397 -69.6868 -210.244      -7.2938 -41.3065 -4.0277 -12.1763 -51.5674 -181.864     26.5736
57    16.5234 -11.0191 -3.49571 -48.1363 -70.6247 -210.866      -7.52339 -41.0736 -3.49571 -13.0277 -51.6321 -181.315     26.8831
58    16.8428 -10.7167 -2.96371 -48.733 -71.5626 -211.488      -7.75298 -40.8407 -2.96371 -13.8791 -51.6967 -180.766     27.1654
59    17.1622 -10.4143 -2.43172 -49.3297 -72.5004 -212.11      -7.98257 -40.6078 -2.43172 -14.7304 -51.7614 -180.217     27.4964
60    17.4816 -10.1119 -1.89973 -49.9264 -73.4383 -212.731      -8.21216 -40.3749 -1.89973 -15.5818 -51.8261 -179.668     27.8745
61    17.8009 -9.80949 -1.36774 -50.5231 -74.3762 -213.353      -8.44175 -40.142 -1.36774 -16.4332 -51.8908 -179.119     28.2978
62    18.1203 -9.50709 -0.835747 -51.1197 -75.314 -213.975      -8.67134 -39.9091 -0.835747 -17.2846 -51.9555 -178.57     28.7643
63    18.4397 -9.20468 -0.303755 -51.7164 -76.2519 -214.597      -8.90093 -39.6762 -0.303755 -18.136 -52.0202 -178.021     29.2718
64    18.7591 -8.90228 0.228237 -52.3131 -77.1898 -215.219      -8.90228 -18.7591 -0.228237 -39.2151 -51.8566 -177.7     29.8184
65    19.0785 -8.59988 0.760229 -52.9098 -78.1276 -215.84      -8.59988 -19.0785 -0.760229 -38.4502 -51.3893 -177.683     30.402
66    19.3979 -8.29748 1.29222 -53.5065 -79.0655 -216.462      -8.29748 -19.3979 -1.29222 -37.6853 -50.922 -177.666     31.0203
67    19.7173 -7.99508 1.82421 -54.1031 -80.0034 -217.084      -7.99508 -19.7173 -1.82421 -36.9204 -50.4547 -177.649     31.6714
68    20.0367 -7.69268 2.3562 -54.6998 -80.9412 -217.706      -7.69268 -20.0367 -2.3562 -36.1555 -49.9874 -177.632     31.8079
69    20.3561 -7.39028 2.8882 -55.2965 -81.8791 -218.328      -7.39028 -20.3561 -2.8882 -35.3906 -49.5201 -177.615     30.7818    *****
70    20.6754 -7.08788 3.42019 -55.8932 -82.817 -218.949      -7.08788 -20.6754 -3.42019 -34.6257 -49.0528 -177.598     29.7558
71    20.9948 -6.78548 3.95218 -56.4899 -83.7549 -219.571      -6.78548 -20.9948 -3.95218 -33.8608 -48.5855 -177.581     28.7297
72    21.3142 -6.48307 4.48417 -57.0865 -84.6927 -220.193      -6.48307 -21.3142 -4.48417 -33.0959 -48.1182 -177.565     27.7036
73    21.6336 -6.18067 5.01616 -57.6832 -85.6306 -220.815      -21.6336 -6.18067 -5.01616 -47.6509 -32.331 -177.548     26.6776
74    21.953 -5.87827 5.54816 -58.2799 -86.5685 -221.437      -21.953 -5.87827 -5.54816 -47.1836 -31.5661 -177.531     25.6515
75    22.2724 -5.57587 6.08015 -58.8766 -87.5063 -222.058      -22.2724 -5.57587 -6.08015 -46.7163 -30.8013 -177.514     24.6255
76    22.5918 -5.27347 6.61214 -59.4733 -88.4442 -222.68      -22.5918 -5.27347 -6.61214 -46.249 -30.0364 -177.497     23.5994
77    22.9112 -4.97107 7.14413 -60.0699 -89.3821 -223.302      -22.9112 -4.97107 -7.14413 -45.7817 -29.2715 -177.48     22.5733
78    23.2306 -4.66867 7.67612 -60.6666 -90.3199 -223.924      -23.2306 -4.66867 -7.67612 -45.3144 -28.5066 -177.463     21.5473
79    23.5499 -4.36627 8.20811 -61.2633 -91.2578 -224.545      -23.5499 -4.36627 -8.20811 -44.8471 -27.7417 -177.446     20.5212
80    23.8693 -4.06387 8.74011 -61.86 -92.1957 -225.167      -23.8693 -4.06387 -8.74011 -44.3798 -26.9768 -177.429     19.4951
81    24.1887 -3.76146 9.2721 -62.4567 -93.1335 -225.789      -24.1887 -3.76146 -9.2721 -43.9125 -26.2119 -177.412     18.4691
82    24.5081 -3.45906 9.80409 -63.0533 -94.0714 -226.411      -24.5081 -3.45906 -9.80409 -43.4452 -25.447 -177.395     17.443
83    24.8275 -3.15666 10.3361 -63.65 -95.0093 -227.033      -24.8275 -3.15666 -10.3361 -42.9779 -24.6821 -177.378     16.417
84    25.1469 -2.85426 10.8681 -64.2467 -95.9471 -227.654      -25.1469 -2.85426 -10.8681 -42.5106 -23.9172 -177.361     15.3909
85    25.4663 -2.55186 11.4001 -64.8434 -96.885 -228.276      -25.4663 -2.55186 -11.4001 -42.0433 -23.1523 -177.344     14.3648
86    25.7857 -2.24946 11.9321 -65.4401 -97.8229 -228.898      -25.7857 -2.24946 -11.9321 -41.5759 -22.3874 -177.327     13.3388
87    26.1051 -1.94706 12.464 -66.0367 -98.7607 -229.52      -26.1051 -1.94706 -12.464 -41.1086 -21.6225 -177.31     12.3127
88    26.4244 -1.64466 12.996 -66.6334 -99.6986 -230.142      -26.4244 -1.64466 -12.996 -40.6413 -20.8577 -177.293     11.2867
89    26.7438 -1.34225 13.528 -67.2301 -100.636 -230.763      -26.7438 -1.34225 -13.528 -40.174 -20.0928 -177.276     10.2606
90    27.0632 -1.03985 14.06 -67.8268 -101.574 -231.385      -27.0632 -1.03985 -14.06 -39.7067 -19.3279 -177.259     9.23454
91    27.3826 -0.737452 14.592 -68.4235 -102.512 -232.007      -27.3826 -0.737452 -14.592 -39.2394 -18.563 -177.242     8.20848
92    27.702 -0.435051 15.124 -69.0201 -103.45 -232.629      -27.702 -0.435051 -15.124 -38.7721 -17.7981 -177.225     7.18242
93    28.0214 -0.13265 15.656 -69.6168 -104.388 -233.251      -28.0214 -0.13265 -15.656 -38.3048 -17.0332 -177.208     6.15636
94    28.3408 0.169751 16.188 -70.2135 -105.326 -233.872      -28.171 -0.169751 -37.6678 -16.0182 -16.4381 -177.021     4.28648    *****
95    28.6602 0.472152 16.72 -70.8102 -106.264 -234.494      -28.188 -0.472152 -36.8981 -16.2478 -15.9756 -176.702     3.42919
96    28.9795 0.774553 17.252 -71.4069 -107.202 -235.116      -28.205 -0.774553 -36.1284 -16.4774 -15.5131 -176.382     2.57189
97    29.2989 1.07695 17.784 -72.0035 -108.139 -235.738      -28.222 -1.07695 -35.3587 -16.707 -15.0506 -176.063     1.71459
98    29.6183 1.37936 18.316 -72.6002 -109.077 -236.359      -28.239 -1.37936 -34.5889 -16.9366 -14.5881 -175.743     0.857296
99    29.9377 1.68176 18.848 -73.1969 -110.015 -236.981      -28.256 -1.68176 -33.8192 -17.1662 -14.1256 -175.424     0
Fol_2017-11-01.13_50_29.1_.txt     Output is probe cell, reduced cell, NCDist distance between
0    5.76296 -11.8898 -28.5183 -141.01 -32.9707 -89.4388      -6.12688 -27.2077 -5.76296 -22.7554 -83.6758 -146.773     2.00972e-14
1    5.64286 -12.0446 -28.2885 -139.816 -33.4828 -90.0179      -6.4017 -27.84 -5.64286 -22.6456 -84.3751 -145.459     1.45456
2    5.52277 -12.1993 -28.0586 -138.621 -33.995 -90.5971      -6.67653 -28.4722 -5.52277 -22.5359 -85.0743 -144.144     2.90911
3    5.40267 -12.354 -27.8288 -137.427 -34.5072 -91.1762      -6.95135 -29.1045 -5.40267 -22.4261 -85.7735 -142.83     4.36367
4    5.28257 -12.5087 -27.5989 -136.232 -35.0194 -91.7554      -7.22618 -29.7368 -5.28257 -22.3164 -86.4728 -141.515     5.81823
5    5.16247 -12.6635 -27.3691 -135.038 -35.5315 -92.3345      -7.501 -30.3691 -5.16247 -22.2066 -87.172 -140.2     7.27278
6    5.04237 -12.8182 -27.1392 -133.843 -36.0437 -92.9136      -7.77583 -31.0013 -5.04237 -22.0969 -87.8713 -138.886     8.72734
7    4.92227 -12.9729 -26.9094 -132.649 -36.5559 -93.4928      -8.05066 -31.6336 -4.92227 -21.9871 -88.5705 -137.571     10.1819
8    4.80217 -13.1276 -26.6795 -131.454 -37.068 -94.0719      -8.32548 -32.2659 -4.80217 -21.8774 -89.2697 -136.257     11.6365
9    4.68207 -13.2824 -26.4497 -130.26 -37.5802 -94.651      -8.60031 -32.8982 -4.68207 -21.7676 -89.969 -134.942     13.091
10    4.56197 -13.4371 -26.2198 -129.065 -38.0924 -95.2302      -8.87513 -33.5304 -4.56197 -21.6579 -90.6682 -133.627     14.5456
11    4.44187 -13.5918 -25.99 -127.871 -38.6046 -95.8093      -9.14996 -34.1627 -4.44187 -21.5481 -91.3674 -132.313     16.0001
12    4.32177 -13.7466 -25.7601 -126.676 -39.1167 -96.3884      -9.42478 -34.795 -4.32177 -21.4383 -92.0667 -130.998     17.4547
13    4.20167 -13.9013 -25.5303 -125.482 -39.6289 -96.9676      -9.69961 -35.4272 -4.20167 -21.3286 -92.7659 -129.684     18.9092
14    4.08157 -14.056 -25.3004 -124.287 -40.1411 -97.5467      -9.97443 -36.0595 -4.08157 -21.2188 -93.4651 -128.369     20.3638
15    3.96147 -14.2107 -25.0706 -123.093 -40.6533 -98.1259      -10.2493 -36.6918 -3.96147 -21.1091 -94.1644 -127.054     21.8184
16    3.84137 -14.3655 -24.8407 -121.898 -41.1654 -98.705      -10.5241 -37.3241 -3.84137 -20.9993 -94.8636 -125.74     23.2729
17    3.72127 -14.5202 -24.6109 -120.704 -41.6776 -99.2841      -10.7989 -37.9563 -3.72127 -20.8896 -95.5629 -124.425     24.7275
18    3.60117 -14.6749 -24.381 -119.509 -42.1898 -99.8633      -11.0737 -38.5886 -3.60117 -20.7798 -96.2621 -123.111     26.182
19    3.48107 -14.8296 -24.1512 -118.315 -42.702 -100.442      -11.3486 -39.2209 -3.48107 -20.6701 -96.9613 -121.796     27.6366
20    3.36098 -14.9844 -23.9213 -117.12 -43.2141 -101.022      -11.6234 -39.8532 -3.36098 -20.5603 -97.6606 -120.481     29.0911
21    3.24088 -15.1391 -23.6914 -115.926 -43.7263 -101.601      -11.8982 -40.4854 -3.24088 -20.4506 -98.3598 -119.167     30.5457
22    3.12078 -15.2938 -23.4616 -114.731 -44.2385 -102.18      -12.173 -41.1177 -3.12078 -20.3408 -99.059 -117.852     32.0002
23    3.00068 -15.4485 -23.2317 -113.537 -44.7507 -102.759      -12.4479 -41.75 -3.00068 -20.2311 -99.7583 -116.538     33.4548
24    2.88058 -15.6033 -23.0019 -112.343 -45.2628 -103.338      -12.7227 -42.3822 -2.88058 -20.1213 -100.458 -115.223     34.9094
25    2.76048 -15.758 -22.772 -111.148 -45.775 -103.917      -12.9975 -43.0145 -2.76048 -20.0116 -101.157 -113.908     36.3639
26    2.64038 -15.9127 -22.5422 -109.954 -46.2872 -104.496      -13.2723 -43.6468 -2.64038 -19.9018 -101.856 -112.594     37.8185
27    2.52028 -16.0674 -22.3123 -108.759 -46.7993 -105.075      -13.5472 -44.2791 -2.52028 -19.7921 -102.555 -111.279     39.273
28    2.40018 -16.2222 -22.0825 -107.565 -47.3115 -105.655      -13.822 -44.9113 -2.40018 -19.6823 -103.254 -109.965     40.7276
29    2.28008 -16.3769 -21.8526 -106.37 -47.8237 -106.234      -14.0968 -45.5436 -2.28008 -19.5725 -103.954 -108.65     42.1821
30    2.15998 -16.5316 -21.6228 -105.176 -48.3359 -106.813      -14.3716 -46.1759 -2.15998 -19.4628 -104.653 -107.336     43.6367
31    2.03988 -16.6863 -21.3929 -103.981 -48.848 -107.392      -14.6465 -46.8082 -2.03988 -19.353 -105.352 -106.021     45.0913
32    1.91978 -16.8411 -21.1631 -102.787 -49.3602 -107.971      -14.9213 -47.4404 -1.91978 -19.2433 -106.051 -104.706     46.5458
33    1.79968 -16.9958 -20.9332 -101.592 -49.8724 -108.55      -15.1961 -48.0727 -1.79968 -19.1335 -106.751 -103.392     48.0004
34    1.67958 -17.1505 -20.7034 -100.398 -50.3846 -109.129      -15.4709 -48.705 -1.67958 -19.0238 -107.45 -102.077     49.4549
35    1.55948 -17.3052 -20.4735 -99.2031 -50.8967 -109.709      -15.7458 -49.3372 -1.55948 -18.914 -108.149 -100.763     50.9095
36    1.43938 -17.46 -20.2437 -98.0086 -51.4089 -110.288      -16.0206 -49.9695 -1.43938 -18.8043 -108.848 -99.448     52.364
37    1.31929 -17.6147 -20.0138 -96.8141 -51.9211 -110.867      -16.2954 -50.6018 -1.31929 -18.6945 -109.548 -98.1334     53.8186
38    1.19919 -17.7694 -19.784 -95.6196 -52.4333 -111.446      -16.5702 -51.2341 -1.19919 -18.5848 -110.247 -96.8188     53.492
39    1.07909 -17.9241 -19.5541 -94.4251 -52.9454 -112.025      -16.8451 -51.8663 -1.07909 -18.475 -110.946 -95.5042     53.0789
40    0.958987 -18.0789 -19.3243 -93.2306 -53.4576 -112.604      -17.1199 -52.4986 -0.958987 -18.3653 -111.645 -94.1896     52.7028
41    0.838888 -18.2336 -19.0944 -92.0361 -53.9698 -113.183      -17.3947 -53.1309 -0.838888 -18.2555 -112.345 -92.875     52.3644
42    0.718788 -18.3883 -18.8645 -90.8416 -54.4819 -113.763      -17.6695 -53.7632 -0.718788 -18.1458 -113.044 -91.5604     52.0644
43    0.598689 -18.5431 -18.6347 -89.6471 -54.9941 -114.342      -17.9444 -54.3954 -0.598689 -18.036 -113.743 -90.2458     51.8036
44    0.478589 -18.6978 -18.4048 -88.4526 -55.5063 -114.921      -18.2192 -55.0277 -0.478589 -17.9263 -114.442 -88.9312     51.5824
45    0.35849 -18.8525 -18.175 -87.2581 -56.0185 -115.5      -18.494 -55.66 -0.35849 -17.8165 -115.141 -87.6166     51.4015
46    0.238391 -19.0072 -17.9451 -86.0636 -56.5306 -116.079      -18.7688 -56.2923 -0.238391 -17.7067 -115.841 -86.302     51.2612
47    0.118291 -19.162 -17.7153 -84.8691 -57.0428 -116.658      -19.0437 -56.9245 -0.118291 -17.597 -116.54 -84.9874     51.162
48    -0.00180828 -19.3167 -17.4854 -83.6746 -57.555 -117.237      -19.3167 -0.00180828 -17.4854 -57.555 -83.6746 -117.237     43.5794    *****
49    -0.121908 -19.4714 -17.2556 -82.4801 -58.0672 -117.817      -19.4714 -0.121908 -17.2556 -58.0672 -82.4801 -117.817     43.1008
50    -0.242007 -19.6261 -17.0257 -81.2856 -58.5793 -118.396      -19.6261 -0.242007 -17.0257 -58.5793 -81.2856 -118.396     42.6603
51    -0.362107 -19.7809 -16.7959 -80.0911 -59.0915 -118.975      -19.7809 -0.362107 -16.7959 -59.0915 -80.0911 -118.975     42.2591
52    -0.482206 -19.9356 -16.566 -78.8966 -59.6037 -119.554      -19.9356 -0.482206 -16.566 -59.6037 -78.8966 -119.554     41.8983
53    -0.602305 -20.0903 -16.3362 -77.7022 -60.1159 -120.133      -20.0903 -0.602305 -16.3362 -60.1159 -77.7022 -120.133     41.5789
54    -0.722405 -20.245 -16.1063 -76.5077 -60.628 -120.712      -20.245 -0.722405 -16.1063 -60.628 -76.5077 -120.712     41.3019
55    -0.842504 -20.3998 -15.8765 -75.3132 -61.1402 -121.291      -20.3998 -0.842504 -15.8765 -61.1402 -75.3132 -121.291     41.0682
56    -0.962604 -20.5545 -15.6466 -74.1187 -61.6524 -121.87      -20.5545 -0.962604 -15.6466 -61.6524 -74.1187 -121.87     40.8785
57    -1.0827 -20.7092 -15.4168 -72.9242 -62.1646 -122.45      -20.7092 -1.0827 -15.4168 -62.1646 -72.9242 -122.45     40.7334
58    -1.2028 -20.8639 -15.1869 -71.7297 -62.6767 -123.029      -20.8639 -1.2028 -15.1869 -62.6767 -71.7297 -123.029     40.6334
59    -1.3229 -21.0187 -14.9571 -70.5352 -63.1889 -123.608      -21.0187 -1.3229 -14.9571 -63.1889 -70.5352 -123.608     40.5788
60    -1.443 -21.1734 -14.7272 -69.3407 -63.7011 -124.187      -21.1734 -1.443 -14.7272 -63.7011 -69.3407 -124.187     40.5699
61    -1.5631 -21.3281 -14.4974 -68.1462 -64.2132 -124.766      -21.3281 -1.5631 -14.4974 -64.2132 -68.1462 -124.766     40.6066
62    -1.6832 -21.4828 -14.2675 -66.9517 -64.7254 -125.345      -21.4828 -1.6832 -14.2675 -64.7254 -66.9517 -125.345     40.6888
63    -1.8033 -21.6376 -14.0376 -65.7572 -65.2376 -125.924      -21.6376 -1.8033 -14.0376 -65.2376 -65.7572 -125.924     40.8163
64    -1.9234 -21.7923 -13.8078 -64.5627 -65.7498 -126.504      -21.7923 -1.9234 -13.8078 -65.7498 -64.5627 -126.504     40.9886
65    -2.0435 -21.947 -13.5779 -63.3682 -66.2619 -127.083      -21.947 -2.0435 -13.5779 -66.2619 -63.3682 -127.083     41.2051
66    -2.1636 -22.1017 -13.3481 -62.1737 -66.7741 -127.662      -22.1017 -2.1636 -13.3481 -66.7741 -62.1737 -127.662     41.4653
67    -2.2837 -22.2565 -13.1182 -60.9792 -67.2863 -128.241      -22.2565 -2.2837 -13.1182 -67.2863 -60.9792 -128.241     41.7681
68    -2.4038 -22.4112 -12.8884 -59.7847 -67.7985 -128.82      -22.4112 -2.4038 -12.8884 -67.7985 -59.7847 -128.82     42.1129
69    -2.5239 -22.5659 -12.6585 -58.5902 -68.3106 -129.399      -22.5659 -2.5239 -12.6585 -68.3106 -58.5902 -129.399     40.8326    *****
70    -2.644 -22.7206 -12.4287 -57.3957 -68.8228 -129.978      -22.7206 -2.644 -12.4287 -68.8228 -57.3957 -129.978     39.4715
71    -2.76409 -22.8754 -12.1988 -56.2012 -69.335 -130.558      -22.8754 -2.76409 -12.1988 -69.335 -56.2012 -130.558     38.1104
72    -2.88419 -23.0301 -11.969 -55.0067 -69.8472 -131.137      -23.0301 -2.88419 -11.969 -69.8472 -55.0067 -131.137     36.7493
73    -3.00429 -23.1848 -11.7391 -53.8123 -70.3593 -131.716      -23.1848 -3.00429 -11.7391 -70.3593 -53.8123 -131.716     35.3882
74    -3.12439 -23.3396 -11.5093 -52.6178 -70.8715 -132.295      -23.3396 -3.12439 -11.5093 -70.8715 -52.6178 -132.295     34.0272
75    -3.24449 -23.4943 -11.2794 -51.4233 -71.3837 -132.874      -23.4943 -3.24449 -11.2794 -71.3837 -51.4233 -132.874     32.6661
76    -3.36459 -23.649 -11.0496 -50.2288 -71.8958 -133.453      -3.36459 -23.649 -11.0496 -50.2288 -71.8958 -133.453     31.305
77    -3.48469 -23.8037 -10.8197 -49.0343 -72.408 -134.032      -3.48469 -23.8037 -10.8197 -49.0343 -72.408 -134.032     29.9439
78    -3.60479 -23.9585 -10.5899 -47.8398 -72.9202 -134.611      -3.60479 -23.9585 -10.5899 -47.8398 -72.9202 -134.611     28.5828
79    -3.72489 -24.1132 -10.36 -46.6453 -73.4324 -135.191      -3.72489 -24.1132 -10.36 -46.6453 -73.4324 -135.191     27.2217
80    -3.84499 -24.2679 -10.1302 -45.4508 -73.9445 -135.77      -3.84499 -24.2679 -10.1302 -45.4508 -73.9445 -135.77     25.8606
81    -3.96509 -24.4226 -9.90031 -44.2563 -74.4567 -136.349      -3.96509 -24.4226 -9.90031 -44.2563 -74.4567 -136.349     24.4996
82    -4.08519 -24.5774 -9.67045 -43.0618 -74.9689 -136.928      -4.08519 -24.5774 -9.67045 -43.0618 -74.9689 -136.928     23.1385
83    -4.20529 -24.7321 -9.4406 -41.8673 -75.4811 -137.507      -4.20529 -24.7321 -9.4406 -41.8673 -75.4811 -137.507     21.7774
84    -4.32539 -24.8868 -9.21075 -40.6728 -75.9932 -138.086      -4.32539 -24.8868 -9.21075 -40.6728 -75.9932 -138.086     20.4163
85    -4.44549 -25.0415 -8.9809 -39.4783 -76.5054 -138.665      -4.44549 -25.0415 -8.9809 -39.4783 -76.5054 -138.665     19.0552
86    -4.56559 -25.1963 -8.75104 -38.2838 -77.0176 -139.245      -4.56559 -25.1963 -8.75104 -38.2838 -77.0176 -139.245     17.6941
87    -4.68569 -25.351 -8.52119 -37.0893 -77.5298 -139.824      -4.68569 -25.351 -8.52119 -37.0893 -77.5298 -139.824     16.333
88    -4.80579 -25.5057 -8.29134 -35.8948 -78.0419 -140.403      -4.80579 -25.5057 -8.29134 -35.8948 -78.0419 -140.403     14.9719
89    -4.92588 -25.6604 -8.06149 -34.7003 -78.5541 -140.982      -4.92588 -25.6604 -8.06149 -34.7003 -78.5541 -140.982     13.6109
90    -5.04598 -25.8152 -7.83164 -33.5058 -79.0663 -141.561      -5.04598 -25.8152 -7.83164 -33.5058 -79.0663 -141.561     12.2498
91    -5.16608 -25.9699 -7.60178 -32.3113 -79.5785 -142.14      -5.16608 -25.9699 -7.60178 -32.3113 -79.5785 -142.14     10.8887
92    -5.28618 -26.1246 -7.37193 -31.1168 -80.0906 -142.719      -5.28618 -26.1246 -7.37193 -31.1168 -80.0906 -142.719     9.5276
93    -5.40628 -26.2793 -7.14208 -29.9224 -80.6028 -143.299      -5.40628 -26.2793 -7.14208 -29.9224 -80.6028 -143.299     8.16652
94    -5.52638 -26.4341 -6.91223 -28.7279 -81.115 -143.878      -5.52638 -26.4341 -6.91223 -28.7279 -81.115 -143.878     6.80543
95    -5.64648 -26.5888 -6.68237 -27.5334 -81.6271 -144.457      -5.64648 -26.5888 -6.68237 -27.5334 -81.6271 -144.457     5.44435
96    -5.76658 -26.7435 -6.45252 -26.3389 -82.1393 -145.036      -5.76658 -26.7435 -6.45252 -26.3389 -82.1393 -145.036     4.08326
97    -5.88668 -26.8982 -6.22267 -25.1444 -82.6515 -145.615      -5.88668 -26.8982 -6.22267 -25.1444 -82.6515 -145.615     2.72217
98    -6.00678 -27.053 -5.99282 -23.9499 -83.1637 -146.194      -6.00678 -27.053 -5.99282 -23.9499 -83.1637 -146.194     1.36109
99    -6.12688 -27.2077 -5.76296 -22.7554 -83.6758 -146.773      -6.12688 -27.2077 -5.76296 -22.7554 -83.6758 -146.773     0
Fol_2017-11-01.13_50_29.1_.txt     Output is probe cell, reduced cell, NCDist distance between
0    9.61988 -7.78102 -24.1838 -76.1812 -29.9176 -198.929      -7.78102 -1.83885 -83.9622 -18.4589 -16.4028 -187.471     0
1    9.54128 -7.60526 -23.7345 -76.1632 -30.8921 -199.027      -7.60526 -1.93602 -83.7684 -19.4148 -16.1292 -187.549     1.02807
2    9.46268 -7.42949 -23.2852 -76.1452 -31.8667 -199.124      -7.42949 -2.03319 -83.5746 -20.3708 -15.8557 -187.628     2.05614
3    9.38409 -7.25372 -22.8359 -76.1272 -32.8412 -199.221      -2.13036 -7.25372 -83.3809 -15.5821 -21.3268 -187.707     3.08421
4    9.30549 -7.07796 -22.3866 -76.1092 -33.8157 -199.318      -2.22753 -7.07796 -83.1871 -15.3086 -22.2827 -187.785     4.11228
5    9.22689 -6.90219 -21.9373 -76.0912 -34.7903 -199.415      -2.3247 -6.90219 -82.9933 -15.0351 -23.2387 -187.864     5.14035
6    9.1483 -6.72642 -21.4879 -76.0732 -35.7648 -199.512      -2.42187 -6.72642 -82.7996 -14.7615 -24.1946 -187.942     6.16842
7    9.0697 -6.55066 -21.0386 -76.0552 -36.7394 -199.61      -2.51905 -6.55066 -82.6058 -14.488 -25.1506 -188.021     7.19649
8    8.99111 -6.37489 -20.5893 -76.0372 -37.7139 -199.707      -2.61622 -6.37489 -82.412 -14.2144 -26.1066 -188.1     8.22456
9    8.91251 -6.19912 -20.14 -76.0192 -38.6884 -199.804      -2.71339 -6.19912 -82.2183 -13.9409 -27.0625 -188.178     9.25263
10    8.83391 -6.02336 -19.6907 -76.0012 -39.663 -199.901      -2.81056 -6.02336 -82.0245 -13.6674 -28.0185 -188.257     10.1722
11    8.75532 -5.84759 -19.2414 -75.9832 -40.6375 -199.998      -2.90773 -5.84759 -81.8307 -13.3938 -28.9744 -188.335     10.8872
12    8.67672 -5.67182 -18.7921 -75.9652 -41.612 -200.096      -3.0049 -5.67182 -81.637 -13.1203 -29.9304 -188.414     11.7013
13    8.59813 -5.49606 -18.3428 -75.9472 -42.5866 -200.193      -3.10207 -5.49606 -81.4432 -12.8467 -30.8864 -188.492     12.5952
14    8.51953 -5.32029 -17.8935 -75.9292 -43.5611 -200.29      -3.19924 -5.32029 -81.2494 -12.5732 -31.8423 -188.571     13.5533
15    8.44093 -5.14452 -17.4442 -75.9112 -44.5356 -200.387      -3.29641 -5.14452 -81.0557 -12.2996 -32.7983 -188.65     14.5628
16    8.36234 -4.96876 -16.9949 -75.8932 -45.5102 -200.484      -3.39358 -4.96876 -80.8619 -12.0261 -33.7542 -188.728     15.6138
17    8.28374 -4.79299 -16.5456 -75.8752 -46.4847 -200.581      -3.49075 -4.79299 -80.6681 -11.7526 -34.7102 -188.807     16.6984
18    8.20514 -4.61722 -16.0962 -75.8572 -47.4592 -200.679      -3.58792 -4.61722 -80.4744 -11.479 -35.6662 -188.885     17.8105
19    8.12655 -4.44146 -15.6469 -75.8392 -48.4338 -200.776      -3.68509 -4.44146 -80.2806 -11.2055 -36.6221 -188.964     18.8734
20    8.04795 -4.26569 -15.1976 -75.8212 -49.4083 -200.873      -3.78226 -4.26569 -80.0868 -10.9319 -37.5781 -189.043     19.8453
21    7.96936 -4.08992 -14.7483 -75.8032 -50.3828 -200.97      -3.87943 -4.08992 -79.8931 -10.6584 -38.534 -189.121     20.8343
22    7.89076 -3.91416 -14.299 -75.7852 -51.3574 -201.067      -3.9766 -3.91416 -79.6993 -10.3849 -39.49 -189.2     21.8382
23    7.81216 -3.73839 -13.8497 -75.7672 -52.3319 -201.164      -4.07377 -3.73839 -79.5055 -10.1113 -40.446 -189.278     22.855
24    7.73357 -3.56262 -13.4004 -75.7492 -53.3064 -201.262      -4.17094 -3.56262 -79.3118 -9.83777 -41.4019 -189.357     23.8831
25    7.65497 -3.38686 -12.9511 -75.7312 -54.281 -201.359      -4.26811 -3.38686 -79.118 -9.56423 -42.3579 -189.436     24.921
26    7.57637 -3.21109 -12.5018 -75.7132 -55.2555 -201.456      -4.36528 -3.21109 -78.9242 -9.29069 -43.3138 -189.514     25.9675
27    7.49778 -3.03532 -12.0525 -75.6952 -56.23 -201.553      -4.46245 -3.03532 -78.7305 -9.01714 -44.2698 -189.593     27.0218
28    7.41918 -2.85956 -11.6032 -75.6772 -57.2046 -201.65      -4.55962 -2.85956 -78.5367 -8.7436 -45.2258 -189.671     28.0828
29    7.34059 -2.68379 -11.1539 -75.6592 -58.1791 -201.747      -4.6568 -2.68379 -78.3429 -8.47006 -46.1817 -189.75     29.1499
30    7.26199 -2.50802 -10.7045 -75.6412 -59.1536 -201.845      -4.75397 -2.50802 -78.1492 -8.19652 -47.1377 -189.829     30.2224
31    7.18339 -2.33226 -10.2552 -75.6232 -60.1282 -201.942      -4.85114 -2.33226 -77.9554 -7.92298 -48.0936 -189.907     31.2997
32    7.1048 -2.15649 -9.80593 -75.6052 -61.1027 -202.039      -4.94831 -2.15649 -77.7616 -7.64944 -49.0496 -189.986     32.3815
33    7.0262 -1.98072 -9.35662 -75.5872 -62.0772 -202.136      -5.04548 -1.98072 -77.5679 -7.37589 -50.0056 -190.064     33.4672
34    6.9476 -1.80496 -8.90731 -75.5692 -63.0518 -202.233      -5.14265 -1.80496 -77.3741 -7.10235 -50.9615 -190.143     34.5564
35    6.86901 -1.62919 -8.458 -75.5512 -64.0263 -202.33      -5.23982 -1.62919 -77.1803 -6.82881 -51.9175 -190.222     35.649
36    6.79041 -1.45342 -8.00869 -75.5332 -65.0008 -202.428      -5.33699 -1.45342 -76.9866 -6.55527 -52.8734 -190.3     36.7444
37    6.71182 -1.27766 -7.55938 -75.5152 -65.9754 -202.525      -5.43416 -1.27766 -76.7928 -6.28173 -53.8294 -190.379     37.8426
38    6.63322 -1.10189 -7.11008 -75.4972 -66.9499 -202.622      -5.53133 -1.10189 -76.599 -6.00818 -54.7854 -190.457     38.9433
39    6.55462 -0.926124 -6.66077 -75.4792 -67.9244 -202.719      -5.6285 -0.926124 -76.4053 -5.73464 -55.7413 -190.536     40.0462
40    6.47603 -0.750357 -6.21146 -75.4612 -68.899 -202.816      -5.72567 -0.750357 -76.2115 -5.4611 -56.6973 -190.615     41.1228
41    6.39743 -0.574591 -5.76215 -75.4432 -69.8735 -202.913      -5.82284 -0.574591 -76.0177 -5.18756 -57.6532 -190.693     42.1509
42    6.31884 -0.398824 -5.31284 -75.4252 -70.8481 -203.011      -5.92001 -0.398824 -75.824 -4.91402 -58.6092 -190.772     43.179
43    6.24024 -0.223057 -4.86353 -75.4072 -71.8226 -203.108      -6.01718 -0.223057 -75.6302 -4.64048 -59.5652 -190.85     44.207
44    6.16164 -0.0472907 -4.41423 -75.3892 -72.7971 -203.205      -6.11435 -0.0472907 -75.4364 -4.36693 -60.5211 -190.929     45.2351
45    6.08305 0.128476 -3.96492 -75.3712 -73.7717 -203.302      -0.128476 -6.08305 -3.96492 -61.6056 -75.1142 -190.879     46.608
46    6.00445 0.304243 -3.51561 -75.3532 -74.7462 -203.399      -0.304243 -6.00445 -3.51561 -62.7373 -74.7447 -190.782     47.6437
47    5.92585 0.480009 -3.0663 -75.3351 -75.7207 -203.496      -0.480009 -5.92585 -3.0663 -63.869 -74.3751 -190.685     48.6795
48    5.84726 0.655776 -2.61699 -75.3171 -76.6953 -203.594      -0.655776 -5.84726 -2.61699 -65.0007 -74.0056 -190.588     49.7152
49    5.76866 0.831543 -2.16768 -75.2991 -77.6698 -203.691      -0.831543 -5.76866 -2.16768 -66.1325 -73.6361 -190.49     50.7509
50    5.69007 1.00731 -1.71837 -75.2811 -78.6443 -203.788      -1.00731 -5.69007 -1.71837 -67.2642 -73.2665 -190.393     51.7867
51    5.61147 1.18308 -1.26907 -75.2631 -79.6189 -203.885      -1.18308 -5.61147 -1.26907 -68.3959 -72.897 -190.296     52.8224
52    5.53287 1.35884 -0.819758 -75.2451 -80.5934 -203.982      -5.53287 -1.35884 -0.819758 -72.5275 -69.5276 -190.199     52.9811
53    5.45428 1.53461 -0.37045 -75.2271 -81.5679 -204.079      -5.45428 -1.53461 -0.37045 -72.1579 -70.6594 -190.102     52.6129
54    5.37568 1.71038 0.0788589 -75.2091 -82.5425 -204.177      -71.7122 -1.63152 -0.0788589 -71.7095 -5.29682 -190.083     55.7905
55    5.29708 1.88614 0.528167 -75.1911 -83.517 -204.274      -72.3947 -1.35798 -0.528167 -70.8907 -4.76892 -190.436     54.5508
56    5.21849 2.06191 0.977476 -75.1731 -84.4915 -204.371      -73.0771 -1.08443 -0.977476 -70.0719 -4.24101 -190.788     53.311
57    5.13989 2.23768 1.42678 -75.1551 -85.4661 -204.468      -3.71311 -69.253 -1.42678 -0.810892 -73.7595 -191.14     52.0712
58    5.0613 2.41344 1.87609 -75.1371 -86.4406 -204.565      -3.1852 -68.4342 -1.87609 -0.53735 -74.4419 -191.492     50.8314
59    4.9827 2.58921 2.3254 -75.1191 -87.4151 -204.663      -2.6573 -67.6153 -2.3254 -0.263808 -75.1243 -191.844     49.5916
60    4.9041 2.76498 2.77471 -75.1011 -88.3897 -204.76      -2.13913 -2.76498 -66.7868 -0.00973328 -75.797 -192.187     48.3518
61    4.82551 2.94074 3.22402 -75.0831 -89.3642 -204.857      -1.88476 -2.94074 -65.6944 -0.283275 -76.2059 -192.265     47.112
62    4.74691 3.11651 3.67333 -75.0651 -90.3387 -204.954      -1.6304 -3.11651 -64.602 -0.556817 -76.6148 -192.344     45.8722
63    4.66832 3.29228 4.12263 -75.0471 -91.3133 -205.051      -1.37604 -3.29228 -63.5096 -0.830358 -77.0236 -192.422     44.6324
64    4.58972 3.46804 4.57194 -75.0291 -92.2878 -205.148      -1.12168 -3.46804 -62.4172 -1.1039 -77.4325 -192.501     43.3926
65    4.51112 3.64381 5.02125 -75.0111 -93.2623 -205.246      -0.867314 -3.64381 -61.3248 -1.37744 -77.8414 -192.579     42.1529
66    4.43253 3.81958 5.47056 -74.9931 -94.2369 -205.343      -0.612951 -3.81958 -60.2325 -1.65098 -78.2503 -192.658     40.9131
67    4.35393 3.99534 5.91987 -74.9751 -95.2114 -205.44      -0.358588 -3.99534 -59.1401 -1.92453 -78.6592 -192.737     39.6733
68    4.27533 4.17111 6.36918 -74.9571 -96.1859 -205.537      -0.104225 -4.17111 -58.0477 -2.19807 -79.068 -192.815     38.4335
69    4.19674 4.34688 6.81848 -74.9391 -97.1605 -205.634      -0.150138 -4.19674 -79.3268 -2.62175 -56.8052 -192.744     37.1937
70    4.11814 4.52264 7.26779 -74.9211 -98.135 -205.731      -0.404501 -4.11814 -79.4813 -3.14965 -55.4584 -192.568     35.9539
71    4.03955 4.69841 7.7171 -74.9031 -99.1095 -205.829      -0.658864 -4.03955 -79.6358 -3.67756 -54.1117 -192.392     34.7141
72    3.96095 4.87418 8.16641 -74.8851 -100.084 -205.926      -0.913227 -3.96095 -79.7903 -4.20546 -52.7649 -192.216     33.4743
73    3.88235 5.04994 8.61572 -74.8671 -101.059 -206.023      -1.16759 -3.88235 -79.9448 -4.73337 -51.4182 -192.041     32.2345
74    3.80376 5.22571 9.06503 -74.8491 -102.033 -206.12      -1.42195 -3.80376 -80.0993 -5.26127 -50.0714 -191.865     30.9947
75    3.72516 5.40148 9.51434 -74.8311 -103.008 -206.217      -1.67632 -3.72516 -80.2539 -5.78917 -48.7247 -191.689     29.755
76    3.64656 5.57724 9.96364 -74.8131 -103.982 -206.314      -1.93068 -3.64656 -80.4084 -6.31708 -47.3779 -191.513     28.5152
77    3.56797 5.75301 10.413 -74.7951 -104.957 -206.412      -2.18504 -3.56797 -80.5629 -6.84498 -46.0312 -191.338     27.2754
78    3.48937 5.92878 10.8623 -74.7771 -105.931 -206.509      -2.4394 -3.48937 -80.7174 -7.37289 -44.6844 -191.162     26.0356
79    3.41078 6.10454 11.3116 -74.7591 -106.906 -206.606      -2.69377 -3.41078 -80.8719 -7.90079 -43.3377 -190.986     24.7958
80    3.33218 6.28031 11.7609 -74.7411 -107.88 -206.703      -2.94813 -3.33218 -81.0264 -8.4287 -41.991 -190.81     23.556
81    3.25358 6.45608 12.2102 -74.7231 -108.855 -206.8      -3.20249 -3.25358 -81.1809 -8.9566 -40.6442 -190.635     22.3162
82    3.17499 6.63184 12.6595 -74.7051 -109.829 -206.897      -3.45686 -3.17499 -81.3354 -9.48451 -39.2975 -190.459     21.0764
83    3.09639 6.80761 13.1088 -74.6871 -110.804 -206.995      -3.71122 -3.09639 -81.49 -10.0124 -37.9507 -190.283     19.8366
84    3.01779 6.98338 13.5581 -74.6691 -111.778 -207.092      -3.96558 -3.01779 -81.6445 -10.5403 -36.604 -190.107     18.5968
85    2.9392 7.15914 14.0074 -74.6511 -112.753 -207.189      -4.21994 -2.9392 -81.799 -11.0682 -35.2572 -189.931     17.3571
86    2.8606 7.33491 14.4567 -74.6331 -113.728 -207.286      -4.47431 -2.8606 -81.9535 -11.5961 -33.9105 -189.756     16.1173
87    2.78201 7.51068 14.906 -74.6151 -114.702 -207.383      -4.72867 -2.78201 -82.108 -12.124 -32.5637 -189.58     14.8775
88    2.70341 7.68644 15.3553 -74.5971 -115.677 -207.48      -4.98303 -2.70341 -82.2625 -12.6519 -31.217 -189.404     13.6377
89    2.62481 7.86221 15.8047 -74.5791 -116.651 -207.578      -5.2374 -2.62481 -82.417 -13.1798 -29.8702 -189.228     12.3979
90    2.54622 8.03798 16.254 -74.5611 -117.626 -207.675      -5.49176 -2.54622 -82.5716 -13.7077 -28.5235 -189.053     11.1581
91    2.46762 8.21374 16.7033 -74.5431 -118.6 -207.772      -5.74612 -2.46762 -82.7261 -14.2356 -27.1767 -188.877     9.91832
92    2.38903 8.38951 17.1526 -74.5251 -119.575 -207.869      -6.00048 -2.38903 -82.8806 -14.7636 -25.83 -188.701     8.67853
93    2.31043 8.56528 17.6019 -74.5071 -120.549 -207.966      -6.25485 -2.31043 -83.0351 -15.2915 -24.4832 -188.525     7.43874
94    2.23183 8.74104 18.0512 -74.4891 -121.524 -208.063      -6.50921 -2.23183 -83.1896 -15.8194 -23.1365 -188.35     6.19895
95    2.15324 8.91681 18.5005 -74.4711 -122.498 -208.161      -6.76357 -2.15324 -83.3441 -16.3473 -21.7898 -188.174     4.95916
96    2.07464 9.09258 18.9498 -74.4531 -123.473 -208.258      -7.01794 -2.07464 -83.4986 -16.8752 -20.443 -187.998     3.71937
97    1.99604 9.26834 19.3991 -74.4351 -124.447 -208.355      -7.2723 -1.99604 -83.6532 -17.4031 -19.0963 -187.822     2.47958
98    1.91745 9.44411 19.8484 -74.4171 -125.422 -208.452      -7.52666 -1.91745 -83.8077 -17.931 -17.7495 -187.647     1.23979
99    1.83885 9.61988 20.2977 -74.3991 -126.397 -208.549      -7.78102 -1.83885 -83.9622 -18.4589 -16.4028 -187.471     0
