Fol_2018-02-06.13_57_49.7_.txt     Output is probe cell, reduced cell, NCDist distance between
0    -30.93966   6.93884 -35.90976 -37.20344 -34.46348 -66.75512       -24.00082 -30.26460  -6.93884 -28.97092 -59.81628 -41.40233      2.92964e-14
1    -30.86958   6.56305 -35.61712 -37.12028 -34.71957 -66.49903       -24.30653 -30.55723  -6.56305 -29.05407 -59.93598 -41.28262      0.596559
2    -30.79949   6.18726 -35.32449 -37.03712 -34.97566 -66.24294       -24.61223 -30.84987  -6.18726 -29.13723 -60.05569 -41.16292      1.19312
3    -30.72940   5.81146 -35.03185 -36.95397 -35.23175 -65.98685       -24.91793 -31.14250  -5.81146 -29.22039 -60.17539 -41.04322      1.78968
4    -30.65931   5.43567 -34.73921 -36.87081 -35.48784 -65.73076       -25.22364 -31.43514  -5.43567 -29.30354 -60.29509 -40.92351      2.38624
5    -30.58922   5.05988 -34.44658 -36.78765 -35.74393 -65.47468       -25.52934 -31.72777  -5.05988 -29.38670 -60.41480 -40.80381      2.98279
6    -30.51913   4.68409 -34.15394 -36.70450 -36.00002 -65.21859       -25.83504 -32.02041  -4.68409 -29.46986 -60.53450 -40.68410      3.57935
7    -30.44904   4.30829 -33.86131 -36.62134 -36.25611 -64.96250       -26.14074 -32.31304  -4.30829 -29.55301 -60.65420 -40.56440      4.17591
8    -30.37895   3.93250 -33.56867 -36.53818 -36.51220 -64.70641       -26.44645 -32.60568  -3.93250 -29.63617 -60.77391 -40.44470      4.77247
9    -30.30886   3.55671 -33.27604 -36.45503 -36.76828 -64.45032       -26.75215 -32.89832  -3.55671 -29.71933 -60.89361 -40.32499      5.36903
10    -30.23877   3.18092 -32.98340 -36.37187 -37.02437 -64.19423       -27.05785 -33.19095  -3.18092 -29.80248 -61.01331 -40.20529      5.96559
11    -30.16868   2.80513 -32.69077 -36.28871 -37.28046 -63.93814       -27.36356 -33.48359  -2.80513 -29.88564 -61.13302 -40.08559      6.56215
12    -30.09859   2.42933 -32.39813 -36.20556 -37.53655 -63.68205       -27.66926 -33.77622  -2.42933 -29.96880 -61.25272 -39.96588      7.15871
13    -30.02850   2.05354 -32.10550 -36.12240 -37.79264 -63.42596       -27.97496 -34.06886  -2.05354 -30.05195 -61.37242 -39.84618      7.75527
14    -29.95841   1.67775 -31.81286 -36.03924 -38.04873 -63.16988       -28.28067 -34.36149  -1.67775 -30.13511 -61.49213 -39.72648      8.35183
15    -29.88833   1.30196 -31.52022 -35.95608 -38.30482 -62.91379       -28.58637 -34.65413  -1.30196 -30.21827 -61.61183 -39.60677      8.94838
16    -29.81824   0.92616 -31.22759 -35.87293 -38.56091 -62.65770       -28.89207 -34.94676  -0.92616 -30.30142 -61.73153 -39.48707      9.54494
17    -29.74815   0.55037 -30.93495 -35.78977 -38.81699 -62.40161       -29.19777 -35.23940  -0.55037 -30.38458 -61.85124 -39.36737      10.1415
18    -29.67806   0.17458 -30.64232 -35.70661 -39.07308 -62.14552       -29.50348 -35.53203  -0.17458 -30.46774 -61.97094 -39.24766      10.7381
19    -29.60797  -0.20121 -30.34968 -35.62346 -39.32917 -61.88943       -29.60797 -30.34968  -0.20121 -35.62346 -61.88943 -39.32917      11.0288
20    -29.53788  -0.57700 -30.05705 -35.54030 -39.58526 -61.63334       -29.53788 -30.05705  -0.57700 -35.54030 -61.63334 -39.58526      10.9971
21    -29.46779  -0.95280 -29.76441 -35.45714 -39.84135 -61.37725       -29.46779 -29.76441  -0.95280 -35.45714 -61.37725 -39.84135      10.6262
22    -29.39770  -1.32859 -29.47178 -35.37399 -40.09744 -61.12117       -29.39770 -29.47178  -1.32859 -35.37399 -61.12117 -40.09744      10.2779
23    -29.32761  -1.70438 -29.17914 -35.29083 -40.35353 -60.86508       -29.32761 -29.17914  -1.70438 -35.29083 -60.86508 -40.35353      9.95458
24    -29.25752  -2.08017 -28.88650 -35.20767 -40.60962 -60.60899       -29.25752 -28.88650  -2.08017 -35.20767 -60.60899 -40.60962      9.65881
25    -29.18743  -2.45597 -28.59387 -35.12452 -40.86571 -60.35290       -29.18743 -28.59387  -2.45597 -35.12452 -60.35290 -40.86571      9.39314
26    -29.11734  -2.83176 -28.30123 -35.04136 -41.12179 -60.09681       -29.11734 -28.30123  -2.83176 -35.04136 -60.09681 -41.12179      9.16021
27    -29.04725  -3.20755 -28.00860 -34.95820 -41.37788 -59.84072       -29.04725 -28.00860  -3.20755 -34.95820 -59.84072 -41.37788      8.96255
28    -28.97716  -3.58334 -27.71596 -34.87505 -41.63397 -59.58463       -28.97716 -27.71596  -3.58334 -34.87505 -59.58463 -41.63397      8.80255
29    -28.90708  -3.95914 -27.42333 -34.79189 -41.89006 -59.32854       -28.90708 -27.42333  -3.95914 -34.79189 -59.32854 -41.89006      8.6823
30    -28.83699  -4.33493 -27.13069 -34.70873 -42.14615 -59.07245       -28.83699 -27.13069  -4.33493 -34.70873 -59.07245 -42.14615      8.60345
31    -28.76690  -4.71072 -26.83806 -34.62558 -42.40224 -58.81637       -28.76690 -26.83806  -4.71072 -34.62558 -58.81637 -42.40224      8.56715
32    -28.69681  -5.08651 -26.54542 -34.54242 -42.65833 -58.56028       -28.69681 -26.54542  -5.08651 -34.54242 -58.56028 -42.65833      8.57394
33    -28.62672  -5.46230 -26.25278 -34.45926 -42.91442 -58.30419       -28.62672 -26.25278  -5.46230 -34.45926 -58.30419 -42.91442      8.62372
34    -28.55663  -5.83810 -25.96015 -34.37611 -43.17050 -58.04810       -28.55663 -25.96015  -5.83810 -34.37611 -58.04810 -43.17050      8.71575
35    -28.48654  -6.21389 -25.66751 -34.29295 -43.42659 -57.79201       -28.48654 -25.66751  -6.21389 -34.29295 -57.79201 -43.42659      8.84871
36    -28.41645  -6.58968 -25.37488 -34.20979 -43.68268 -57.53592       -28.41645 -25.37488  -6.58968 -34.20979 -57.53592 -43.68268      9.0208
37    -28.34636  -6.96547 -25.08224 -34.12664 -43.93877 -57.27983       -28.34636 -25.08224  -6.96547 -34.12664 -57.27983 -43.93877      9.22983
38    -28.27627  -7.34127 -24.78961 -34.04348 -44.19486 -57.02374       -28.27627 -24.78961  -7.34127 -34.04348 -57.02374 -44.19486      9.47335
39    -28.20618  -7.71706 -24.49697 -33.96032 -44.45095 -56.76766       -28.20618 -24.49697  -7.71706 -33.96032 -56.76766 -44.45095      9.74877
40    -28.13609  -8.09285 -24.20434 -33.87717 -44.70704 -56.51157       -28.13609 -24.20434  -8.09285 -33.87717 -56.51157 -44.70704      10.0535
41    -28.06600  -8.46864 -23.91170 -33.79401 -44.96313 -56.25548       -28.06600 -23.91170  -8.46864 -33.79401 -56.25548 -44.96313      10.3849
42    -27.99591  -8.84444 -23.61907 -33.71085 -45.21922 -55.99939       -27.99591 -23.61907  -8.84444 -33.71085 -55.99939 -45.21922      10.7405
43    -27.92582  -9.22023 -23.32643 -33.62770 -45.47530 -55.74330       -27.92582 -23.32643  -9.22023 -33.62770 -55.74330 -45.47530      11.1181
44    -27.85574  -9.59602 -23.03379 -33.54454 -45.73139 -55.48721       -27.85574 -23.03379  -9.59602 -33.54454 -55.48721 -45.73139      11.5154
45    -27.78565  -9.97181 -22.74116 -33.46138 -45.98748 -55.23112       -27.78565 -22.74116  -9.97181 -33.46138 -55.23112 -45.98748      11.9305
46    -27.71556 -10.34760 -22.44852 -33.37822 -46.24357 -54.97503       -27.71556 -22.44852 -10.34760 -33.37822 -54.97503 -46.24357      12.3616
47    -27.64547 -10.72340 -22.15589 -33.29507 -46.49966 -54.71894       -27.64547 -22.15589 -10.72340 -33.29507 -54.71894 -46.49966      12.8071
48    -27.57538 -11.09919 -21.86325 -33.21191 -46.75575 -54.46286       -27.57538 -21.86325 -11.09919 -33.21191 -54.46286 -46.75575      13.2655
49    -27.50529 -11.47498 -21.57062 -33.12875 -47.01184 -54.20677       -27.50529 -21.57062 -11.47498 -33.12875 -54.20677 -47.01184      13.7355
50    -27.43520 -11.85077 -21.27798 -33.04560 -47.26793 -53.95068       -27.43520 -21.27798 -11.85077 -33.04560 -53.95068 -47.26793      14.216
51    -27.36511 -12.22657 -20.98535 -32.96244 -47.52401 -53.69459       -27.36511 -20.98535 -12.22657 -32.96244 -53.69459 -47.52401      14.706
52    -27.29502 -12.60236 -20.69271 -32.87928 -47.78010 -53.43850       -27.29502 -20.69271 -12.60236 -32.87928 -53.43850 -47.78010      15.2045
53    -27.22493 -12.97815 -20.40007 -32.79613 -48.03619 -53.18241       -27.22493 -20.40007 -12.97815 -32.79613 -53.18241 -48.03619      15.7107
54    -27.15484 -13.35394 -20.10744 -32.71297 -48.29228 -52.92632       -27.15484 -20.10744 -13.35394 -32.71297 -52.92632 -48.29228      16.2239
55    -27.08475 -13.72973 -19.81480 -32.62981 -48.54837 -52.67023       -27.08475 -19.81480 -13.72973 -32.62981 -52.67023 -48.54837      16.7435
56    -27.01466 -14.10553 -19.52217 -32.54666 -48.80446 -52.41415       -27.01466 -19.52217 -14.10553 -32.54666 -52.41415 -48.80446      17.2689
57    -26.94457 -14.48132 -19.22953 -32.46350 -49.06055 -52.15806       -26.94457 -19.22953 -14.48132 -32.46350 -52.15806 -49.06055      17.7995
58    -26.87449 -14.85711 -18.93690 -32.38034 -49.31664 -51.90197       -26.87449 -18.93690 -14.85711 -32.38034 -51.90197 -49.31664      18.335
59    -26.80440 -15.23290 -18.64426 -32.29719 -49.57273 -51.64588       -26.80440 -18.64426 -15.23290 -32.29719 -51.64588 -49.57273      18.8748
60    -26.73431 -15.60870 -18.35163 -32.21403 -49.82881 -51.38979       -26.73431 -18.35163 -15.60870 -32.21403 -51.38979 -49.82881      19.4187
61    -26.66422 -15.98449 -18.05899 -32.13087 -50.08490 -51.13370       -26.66422 -18.05899 -15.98449 -32.13087 -51.13370 -50.08490      19.9663
62    -26.59413 -16.36028 -17.76635 -32.04772 -50.34099 -50.87761       -26.59413 -17.76635 -16.36028 -32.04772 -50.87761 -50.34099      20.5173
63    -26.52404 -16.73607 -17.47372 -31.96456 -50.59708 -50.62152       -26.52404 -17.47372 -16.73607 -31.96456 -50.62152 -50.59708      21.0715
64    -26.45395 -17.11187 -17.18108 -31.88140 -50.85317 -50.36543       -26.45395 -17.18108 -17.11187 -31.88140 -50.36543 -50.85317      21.2852
65    -26.38386 -17.48766 -16.88845 -31.79825 -51.10926 -50.10935       -26.38386 -16.88845 -17.48766 -31.79825 -50.10935 -51.10926      20.6771
66    -26.31377 -17.86345 -16.59581 -31.71509 -51.36535 -49.85326       -26.31377 -16.59581 -17.86345 -31.71509 -49.85326 -51.36535      20.0689
67    -26.24368 -18.23924 -16.30318 -31.63193 -51.62144 -49.59717       -26.24368 -16.30318 -18.23924 -31.63193 -49.59717 -51.62144      19.4608
68    -26.17359 -18.61503 -16.01054 -31.54878 -51.87752 -49.34108       -26.17359 -18.61503 -16.01054 -31.54878 -51.87752 -49.34108      18.8526
69    -26.10350 -18.99083 -15.71791 -31.46562 -52.13361 -49.08499       -26.10350 -18.99083 -15.71791 -31.46562 -52.13361 -49.08499      18.2445
70    -26.03341 -19.36662 -15.42527 -31.38246 -52.38970 -48.82890       -26.03341 -19.36662 -15.42527 -31.38246 -52.38970 -48.82890      17.6363
71    -25.96332 -19.74241 -15.13264 -31.29931 -52.64579 -48.57281       -25.96332 -19.74241 -15.13264 -31.29931 -52.64579 -48.57281      17.0282
72    -25.89324 -20.11820 -14.84000 -31.21615 -52.90188 -48.31672       -25.89324 -20.11820 -14.84000 -31.21615 -52.90188 -48.31672      16.42
73    -25.82315 -20.49400 -14.54736 -31.13299 -53.15797 -48.06064       -25.82315 -20.49400 -14.54736 -31.13299 -53.15797 -48.06064      15.8119
74    -25.75306 -20.86979 -14.25473 -31.04984 -53.41406 -47.80455       -25.75306 -20.86979 -14.25473 -31.04984 -53.41406 -47.80455      15.2037
75    -25.68297 -21.24558 -13.96209 -30.96668 -53.67015 -47.54846       -25.68297 -21.24558 -13.96209 -30.96668 -53.67015 -47.54846      14.5956
76    -25.61288 -21.62137 -13.66946 -30.88352 -53.92624 -47.29237       -25.61288 -21.62137 -13.66946 -30.88352 -53.92624 -47.29237      13.9874
77    -25.54279 -21.99717 -13.37682 -30.80036 -54.18232 -47.03628       -25.54279 -21.99717 -13.37682 -30.80036 -54.18232 -47.03628      13.3793
78    -25.47270 -22.37296 -13.08419 -30.71721 -54.43841 -46.78019       -25.47270 -22.37296 -13.08419 -30.71721 -54.43841 -46.78019      12.7711
79    -25.40261 -22.74875 -12.79155 -30.63405 -54.69450 -46.52410       -25.40261 -22.74875 -12.79155 -30.63405 -54.69450 -46.52410      12.163
80    -25.33252 -23.12454 -12.49892 -30.55089 -54.95059 -46.26801       -25.33252 -23.12454 -12.49892 -30.55089 -54.95059 -46.26801      11.5548
81    -25.26243 -23.50033 -12.20628 -30.46774 -55.20668 -46.01192       -25.26243 -23.50033 -12.20628 -30.46774 -55.20668 -46.01192      10.9467
82    -25.19234 -23.87613 -11.91364 -30.38458 -55.46277 -45.75584       -25.19234 -23.87613 -11.91364 -30.38458 -55.46277 -45.75584      10.3385
83    -25.12225 -24.25192 -11.62101 -30.30142 -55.71886 -45.49975       -25.12225 -24.25192 -11.62101 -30.30142 -55.71886 -45.49975      9.73039
84    -25.05216 -24.62771 -11.32837 -30.21827 -55.97495 -45.24366       -25.05216 -24.62771 -11.32837 -30.21827 -55.97495 -45.24366      9.12224
85    -24.98207 -25.00350 -11.03574 -30.13511 -56.23103 -44.98757       -24.98207 -25.00350 -11.03574 -30.13511 -56.23103 -44.98757      8.51409
86    -24.91198 -25.37930 -10.74310 -30.05195 -56.48712 -44.73148       -24.91198 -25.37930 -10.74310 -30.05195 -56.48712 -44.73148      7.90594
87    -24.84190 -25.75509 -10.45047 -29.96880 -56.74321 -44.47539       -24.84190 -25.75509 -10.45047 -29.96880 -56.74321 -44.47539      7.2978
88    -24.77181 -26.13088 -10.15783 -29.88564 -56.99930 -44.21930       -24.77181 -26.13088 -10.15783 -29.88564 -56.99930 -44.21930      6.68965
89    -24.70172 -26.50667  -9.86520 -29.80248 -57.25539 -43.96321       -24.70172 -26.50667  -9.86520 -29.80248 -57.25539 -43.96321      6.0815
90    -24.63163 -26.88246  -9.57256 -29.71933 -57.51148 -43.70712       -24.63163 -26.88246  -9.57256 -29.71933 -57.51148 -43.70712      5.47335
91    -24.56154 -27.25826  -9.27993 -29.63617 -57.76757 -43.45104       -24.56154 -27.25826  -9.27993 -29.63617 -57.76757 -43.45104      4.8652
92    -24.49145 -27.63405  -8.98729 -29.55301 -58.02366 -43.19495       -24.49145 -27.63405  -8.98729 -29.55301 -58.02366 -43.19495      4.25705
93    -24.42136 -28.00984  -8.69465 -29.46986 -58.27975 -42.93886       -24.42136 -28.00984  -8.69465 -29.46986 -58.27975 -42.93886      3.6489
94    -24.35127 -28.38563  -8.40202 -29.38670 -58.53583 -42.68277       -24.35127 -28.38563  -8.40202 -29.38670 -58.53583 -42.68277      3.04075
95    -24.28118 -28.76143  -8.10938 -29.30354 -58.79192 -42.42668       -24.28118 -28.76143  -8.10938 -29.30354 -58.79192 -42.42668      2.4326
96    -24.21109 -29.13722  -7.81675 -29.22039 -59.04801 -42.17059       -24.21109 -29.13722  -7.81675 -29.22039 -59.04801 -42.17059      1.82445
97    -24.14100 -29.51301  -7.52411 -29.13723 -59.30410 -41.91450       -24.14100 -29.51301  -7.52411 -29.13723 -59.30410 -41.91450      1.2163
98    -24.07091 -29.88880  -7.23148 -29.05407 -59.56019 -41.65841       -24.07091 -29.88880  -7.23148 -29.05407 -59.56019 -41.65841      0.60815
99    -24.00082 -30.26460  -6.93884 -28.97092 -59.81628 -41.40233       -24.00082 -30.26460  -6.93884 -28.97092 -59.81628 -41.40233      0
