Fol_2018-02-13.10_42_12.66_.txt     Output is probe cell, reduced cell, NCDist distance between
0    2331.07354 -1190.91323  81.15480 -3365.51878 -8913.47263 -5505.25393       -81.15480 -2331.07354 -1190.91323 -843.10685 -3203.20919 -4089.01595      4.26591e-12
1    2320.37651 -1158.33815  92.36448 -3408.19058 -8893.52097 -5545.70872       -92.36448 -2320.37651 -1158.33815 -904.95569 -3223.46163 -4068.03898      77.3091
2    2309.67949 -1125.76306 103.57416 -3450.86238 -8873.56931 -5586.16352       -103.57416 -2309.67949 -1125.76306 -966.80454 -3243.71407 -4047.06201      154.618
3    2298.98246 -1093.18798 114.78384 -3493.53418 -8853.61765 -5626.61832       -114.78384 -2298.98246 -1093.18798 -1028.65339 -3263.96650 -4026.08504      231.927
4    2288.28544 -1060.61290 125.99352 -3536.20598 -8833.66599 -5667.07312       -125.99352 -2288.28544 -1060.61290 -1090.50224 -3284.21894 -4005.10807      309.236
5    2277.58841 -1028.03781 137.20320 -3578.87778 -8813.71434 -5707.52792       -137.20320 -2277.58841 -1028.03781 -1152.35109 -3304.47138 -3984.13110      386.545
6    2266.89139 -995.46273 148.41288 -3621.54958 -8793.76268 -5747.98271       -2266.89139 -148.41288 -995.46273 -3324.72381 -1214.19994 -3963.15413      463.854
7    2256.19436 -962.88764 159.62256 -3664.22138 -8773.81102 -5788.43751       -2256.19436 -159.62256 -962.88764 -3344.97625 -1276.04879 -3942.17716      541.164
8    2245.49734 -930.31256 170.83225 -3706.89318 -8753.85936 -5828.89231       -2245.49734 -170.83225 -930.31256 -3365.22869 -1337.89764 -3921.20019      618.473
9    2234.80031 -897.73748 182.04193 -3749.56498 -8733.90770 -5869.34711       -2234.80031 -182.04193 -897.73748 -3385.48112 -1399.74648 -3900.22322      695.782
10    2224.10329 -865.16239 193.25161 -3792.23678 -8713.95604 -5909.80191       -2224.10329 -193.25161 -865.16239 -3405.73356 -1461.59533 -3879.24626      773.091
11    2213.40626 -832.58731 204.46129 -3834.90858 -8694.00439 -5950.25670       -2213.40626 -204.46129 -832.58731 -3425.98600 -1523.44418 -3858.26929      850.4
12    2202.70924 -800.01222 215.67097 -3877.58038 -8674.05273 -5990.71150       -2202.70924 -215.67097 -800.01222 -3446.23844 -1585.29303 -3837.29232      927.709
13    2192.01221 -767.43714 226.88065 -3920.25218 -8654.10107 -6031.16630       -2192.01221 -226.88065 -767.43714 -3466.49087 -1647.14188 -3816.31535      1005.02
14    2181.31518 -734.86206 238.09033 -3962.92398 -8634.14941 -6071.62110       -2181.31518 -238.09033 -734.86206 -3486.74331 -1708.99073 -3795.33838      1082.33
15    2170.61816 -702.28697 249.30001 -4005.59578 -8614.19775 -6112.07590       -2170.61816 -249.30001 -702.28697 -3506.99575 -1770.83958 -3774.36141      1159.64
16    2159.92113 -669.71189 260.50970 -4048.26758 -8594.24610 -6152.53069       -2159.92113 -260.50970 -669.71189 -3527.24818 -1832.68843 -3753.38444      1236.95
17    2149.22411 -637.13680 271.71938 -4090.93937 -8574.29444 -6192.98549       -2149.22411 -271.71938 -637.13680 -3547.50062 -1894.53727 -3732.40747      1314.25
18    2138.52708 -604.56172 282.92906 -4133.61117 -8554.34278 -6233.44029       -2138.52708 -282.92906 -604.56172 -3567.75306 -1956.38612 -3711.43050      1391.56
19    2127.83006 -571.98664 294.13874 -4176.28297 -8534.39112 -6273.89509       -2127.83006 -294.13874 -571.98664 -3588.00550 -2018.23497 -3690.45353      1468.87
20    2117.13303 -539.41155 305.34842 -4218.95477 -8514.43946 -6314.34989       -2117.13303 -305.34842 -539.41155 -3608.25793 -2080.08382 -3669.47656      1546.18
21    2106.43601 -506.83647 316.55810 -4261.62657 -8494.48781 -6354.80468       -2106.43601 -316.55810 -506.83647 -3628.51037 -2141.93267 -3648.49959      1623.49
22    2095.73898 -474.26138 327.76778 -4304.29837 -8474.53615 -6395.25948       -2095.73898 -327.76778 -474.26138 -3648.76281 -2203.78152 -3627.52262      1700.8
23    2085.04196 -441.68630 338.97746 -4346.97017 -8454.58449 -6435.71428       -2085.04196 -338.97746 -441.68630 -3669.01524 -2265.63037 -3606.54565      1778.11
24    2074.34493 -409.11122 350.18714 -4389.64197 -8434.63283 -6476.16908       -2074.34493 -350.18714 -409.11122 -3689.26768 -2327.47922 -3585.56868      1855.42
25    2063.64791 -376.53613 361.39683 -4432.31377 -8414.68117 -6516.62388       -2063.64791 -361.39683 -376.53613 -3709.52012 -2389.32806 -3564.59171      1932.73
26    2052.95088 -343.96105 372.60651 -4474.98557 -8394.72952 -6557.07867       -2052.95088 -372.60651 -343.96105 -3729.77256 -2451.17691 -3543.61474      2010.04
27    2042.25385 -311.38597 383.81619 -4517.65737 -8374.77786 -6597.53347       -2042.25385 -383.81619 -311.38597 -3750.02499 -2513.02576 -3522.63777      2087.35
28    2031.55683 -278.81088 395.02587 -4560.32917 -8354.82620 -6637.98827       -2031.55683 -395.02587 -278.81088 -3770.27743 -2574.87461 -3501.66080      2096.9
29    2020.85980 -246.23580 406.23555 -4603.00097 -8334.87454 -6678.44307       -2020.85980 -406.23555 -246.23580 -3790.52987 -2636.72346 -3480.68383      2089.64
30    2010.16278 -213.66071 417.44523 -4645.67277 -8314.92288 -6718.89787       -2010.16278 -417.44523 -213.66071 -3810.78230 -2698.57231 -3459.70686      2085.23
31    1999.46575 -181.08563 428.65491 -4688.34457 -8294.97123 -6759.35266       -1999.46575 -428.65491 -181.08563 -3831.03474 -2760.42116 -3438.72989      2083.67
32    1988.76873 -148.51055 439.86459 -4731.01637 -8275.01957 -6799.80746       -1988.76873 -439.86459 -148.51055 -3851.28718 -2822.27001 -3417.75292      2084.98
33    1978.07170 -115.93546 451.07427 -4773.68816 -8255.06791 -6840.26226       -1978.07170 -451.07427 -115.93546 -3871.53961 -2884.11885 -3396.77595      2089.15
34    1967.37468 -83.36038 462.28396 -4816.35996 -8235.11625 -6880.71706       -1967.37468 -462.28396 -83.36038 -3891.79205 -2945.96770 -3375.79898      2096.17
35    1956.67765 -50.78529 473.49364 -4859.03176 -8215.16459 -6921.17186       -1956.67765 -473.49364 -50.78529 -3912.04449 -3007.81655 -3354.82202      2106
36    1945.98063 -18.21021 484.70332 -4901.70356 -8195.21294 -6961.62665       -1945.98063 -484.70332 -18.21021 -3932.29693 -3069.66540 -3333.84505      2118.62
37    1935.28360  14.36487 495.91300 -4944.37536 -8175.26128 -7002.08145       -3117.14938 -481.54813 -14.36487 -3938.18449 -1920.91873 -3327.23295      2108.24
38    1924.58658  46.93996 507.12268 -4987.04716 -8155.30962 -7042.53625       -3146.42314 -460.18272 -46.93996 -3925.86184 -1877.64662 -3338.83106      2066.98
39    1913.88955  79.51504 518.33236 -5029.71896 -8135.35796 -7082.99105       -3175.69691 -438.81732 -79.51504 -3913.53920 -1834.37451 -3350.42918      2027.12
40    1903.19253 112.09013 529.54204 -5072.39076 -8115.40630 -7123.44585       -3204.97067 -417.45192 -112.09013 -3901.21655 -1791.10240 -3362.02729      1988.74
41    1892.49550 144.66521 540.75172 -5115.06256 -8095.45464 -7163.90064       -3234.24444 -396.08651 -144.66521 -3888.89390 -1747.83029 -3373.62541      1951.92
42    1881.79847 177.24029 551.96141 -5157.73436 -8075.50299 -7204.35544       -3263.51820 -374.72111 -177.24029 -3876.57126 -1704.55818 -3385.22352      1916.77
43    1871.10145 209.81538 563.17109 -5200.40616 -8055.55133 -7244.81024       -3292.79197 -353.35571 -209.81538 -3864.24861 -1661.28607 -3396.82164      1883.37
44    1860.40442 242.39046 574.38077 -5243.07796 -8035.59967 -7285.26504       -3322.06573 -331.99031 -242.39046 -3851.92596 -1618.01396 -3408.41975      1851.81
45    1849.70740 274.96555 585.59045 -5285.74976 -8015.64801 -7325.71984       -3351.33949 -310.62490 -274.96555 -3839.60331 -1574.74185 -3420.01786      1822.2
46    1839.01037 307.54063 596.80013 -5328.42156 -7995.69635 -7366.17463       -3380.61326 -289.25950 -307.54063 -3827.28067 -1531.46974 -3431.61598      1794.62
47    1828.31335 340.11571 608.00981 -5371.09336 -7975.74470 -7406.62943       -3409.88702 -267.89410 -340.11571 -3814.95802 -1488.19763 -3443.21409      1769.18
48    1817.61632 372.69080 619.21949 -5413.76516 -7955.79304 -7447.08423       -3439.16079 -246.52870 -372.69080 -3802.63537 -1444.92553 -3454.81221      1745.97
49    1806.91930 405.26588 630.42917 -5456.43695 -7935.84138 -7487.53903       -3468.43455 -225.16329 -405.26588 -3790.31273 -1401.65342 -3466.41032      1725.07
50    1796.22227 437.84096 641.63885 -5499.10875 -7915.88972 -7527.99383       -3497.70832 -203.79789 -437.84096 -3777.99008 -1358.38131 -3478.00844      1705.67
51    1785.52525 470.41605 652.84854 -5541.78055 -7895.93806 -7568.44862       -3526.98208 -182.43249 -470.41605 -3765.66743 -1315.10920 -3489.60655      1669.08
52    1774.82822 502.99113 664.05822 -5584.45235 -7875.98641 -7608.90342       -3556.25585 -161.06708 -502.99113 -3753.34479 -1271.83709 -3501.20466      1634.44
53    1764.13120 535.56622 675.26790 -5627.12415 -7856.03475 -7649.35822       -3585.52961 -139.70168 -535.56622 -3741.02214 -1228.56498 -3512.80278      1601.89
54    1753.43417 568.14130 686.47758 -5669.79595 -7836.08309 -7689.81302       -3614.80338 -118.33628 -568.14130 -3728.69949 -1185.29287 -3524.40089      1571.55
55    1742.73714 600.71638 697.68726 -5712.46775 -7816.13143 -7730.26782       -3644.07714 -96.97088 -600.71638 -3716.37685 -1142.02076 -3535.99901      1543.56
56    1732.04012 633.29147 708.89694 -5755.13955 -7796.17977 -7770.72261       -3673.35091 -75.60547 -633.29147 -3704.05420 -1098.74865 -3547.59712      1518.03
57    1721.34309 665.86655 720.10662 -5797.81135 -7776.22812 -7811.17741       -3702.62467 -54.24007 -665.86655 -3691.73155 -1055.47654 -3559.19524      1495.11
58    1710.64607 698.44164 731.31630 -5840.48315 -7756.27646 -7851.63221       -3731.89844 -32.87467 -698.44164 -3679.40891 -1012.20443 -3570.79335      1474.9
59    1699.94904 731.01672 742.52598 -5883.15495 -7736.32480 -7892.08701       -3761.17220 -11.50926 -731.01672 -3667.08626 -968.93232 -3582.39146      1457.53
60    1689.25202 763.59180 753.73567 -5925.82675 -7716.37314 -7932.54181       -3584.13344  -9.85614 -753.73567 -3644.90747 -935.51635 -3780.58983      1437.06
61    1678.55499 796.16689 764.94535 -5968.49855 -7696.42148 -7972.99660       -3574.36615 -31.22154 -764.94535 -3611.21942 -913.60965 -3788.49819      1411.2
62    1667.85797 828.74197 776.15503 -6011.17035 -7676.46983 -8013.45140       -3564.59886 -52.58694 -776.15503 -3577.53138 -891.70294 -3796.40655      1386.55
63    1657.16094 861.31706 787.36471 -6053.84215 -7656.51817 -8053.90620       -3554.83158 -73.95235 -787.36471 -3543.84333 -869.79623 -3804.31492      1363.19
64    1646.46392 893.89214 798.57439 -6096.51395 -7636.56651 -8094.36100       -3545.06429 -95.31775 -798.57439 -3510.15528 -847.88953 -3812.22328      1341.18
65    1635.76689 926.46722 809.78407 -6139.18574 -7616.61485 -8134.81580       -3535.29700 -116.68315 -809.78407 -3476.46723 -825.98282 -3820.13164      1320.58
66    1625.06987 959.04231 820.99375 -6181.85754 -7596.66319 -8175.27059       -3525.52971 -138.04855 -820.99375 -3442.77918 -804.07611 -3828.04000      1301.47
67    1614.37284 991.61739 832.20343 -6224.52934 -7576.71154 -8215.72539       -3515.76242 -159.41396 -832.20343 -3409.09113 -782.16941 -3835.94836      1283.91
68    1603.67581 1024.19248 843.41312 -6267.20114 -7556.75988 -8256.18019       -3505.99513 -180.77936 -843.41312 -3375.40308 -760.26270 -3843.85673      1267.97
69    1592.97879 1056.76756 854.62280 -6309.87294 -7536.80822 -8296.63499       -3496.22784 -202.14476 -854.62280 -3341.71503 -738.35599 -3851.76509      1253.7
70    1582.28176 1089.34264 865.83248 -6352.54474 -7516.85656 -8337.08979       -3486.46056 -223.51017 -865.83248 -3308.02698 -716.44929 -3859.67345      1241.16
71    1571.58474 1121.91773 877.04216 -6395.21654 -7496.90490 -8377.54458       -3476.69327 -244.87557 -877.04216 -3274.33893 -694.54258 -3867.58181      1230.42
72    1560.88771 1154.49281 888.25184 -6437.88834 -7476.95324 -8417.99938       -3466.92598 -266.24097 -888.25184 -3240.65088 -672.63587 -3875.49017      1221.51
73    1550.19069 1187.06789 899.46152 -6480.56014 -7457.00159 -8458.45418       -3457.15869 -287.60637 -899.46152 -3206.96283 -650.72917 -3883.39854      1214.47
74    1539.49366 1219.64298 910.67120 -6523.23194 -7437.04993 -8498.90898       -3447.39140 -308.97178 -910.67120 -3173.27478 -628.82246 -3891.30690      1209.34
75    1528.79664 1252.21806 921.88088 -6565.90374 -7417.09827 -8539.36378       -606.91575 -3139.58673 -921.88088 -330.33718 -3437.62411 -3899.21526      1164.65
76    1518.09961 1284.79315 933.09056 -6608.57554 -7397.14661 -8579.81857       -585.00905 -3105.89868 -933.09056 -351.70258 -3427.85683 -3907.12362      1116.12
77    1507.40259 1317.36823 944.30025 -6651.24734 -7377.19495 -8620.27337       -563.10234 -3072.21063 -944.30025 -373.06798 -3418.08954 -3915.03199      1067.59
78    1496.70556 1349.94331 955.50993 -6693.91914 -7357.24330 -8660.72817       -541.19563 -3038.52258 -955.50993 -394.43339 -3408.32225 -3922.94035      1019.07
79    1486.00854 1382.51840 966.71961 -6736.59094 -7337.29164 -8701.18297       -519.28893 -3004.83453 -966.71961 -415.79879 -3398.55496 -3930.84871      970.54
80    1475.31151 1415.09348 977.92929 -6779.26274 -7317.33998 -8741.63777       -497.38222 -2971.14648 -977.92929 -437.16419 -3388.78767 -3938.75707      922.013
81    1464.61448 1447.66857 989.13897 -6821.93453 -7297.38832 -8782.09256       -475.47551 -2937.45843 -989.13897 -458.52960 -3379.02038 -3946.66543      873.486
82    1453.91746 1480.24365 1000.34865 -6864.60633 -7277.43666 -8822.54736       -453.56881 -2903.77038 -1000.34865 -479.89500 -3369.25309 -3954.57380      824.959
83    1443.22043 1512.81873 1011.55833 -6907.27813 -7257.48501 -8863.00216       -431.66210 -2870.08233 -1011.55833 -501.26040 -3359.48581 -3962.48216      776.432
84    1432.52341 1545.39382 1022.76801 -6949.94993 -7237.53335 -8903.45696       -409.75539 -2836.39428 -1022.76801 -522.62580 -3349.71852 -3970.39052      727.905
85    1421.82638 1577.96890 1033.97769 -6992.62173 -7217.58169 -8943.91176       -387.84869 -2802.70623 -1033.97769 -543.99121 -3339.95123 -3978.29888      679.378
86    1411.12936 1610.54399 1045.18738 -7035.29353 -7197.63003 -8984.36655       -365.94198 -2769.01818 -1045.18738 -565.35661 -3330.18394 -3986.20724      630.851
87    1400.43233 1643.11907 1056.39706 -7077.96533 -7177.67837 -9024.82135       -344.03528 -2735.33014 -1056.39706 -586.72201 -3320.41665 -3994.11561      582.324
88    1389.73531 1675.69415 1067.60674 -7120.63713 -7157.72672 -9065.27615       -322.12857 -2701.64209 -1067.60674 -608.08742 -3310.64936 -4002.02397      533.797
89    1379.03828 1708.26924 1078.81642 -7163.30893 -7137.77506 -9105.73095       -300.22186 -2667.95404 -1078.81642 -629.45282 -3300.88208 -4009.93233      485.27
90    1368.34126 1740.84432 1090.02610 -7205.98073 -7117.82340 -9146.18575       -278.31516 -2634.26599 -1090.02610 -650.81822 -3291.11479 -4017.84069      436.743
91    1357.64423 1773.41941 1101.23578 -7248.65253 -7097.87174 -9186.64054       -256.40845 -2600.57794 -1101.23578 -672.18362 -3281.34750 -4025.74905      388.216
92    1346.94721 1805.99449 1112.44546 -7291.32433 -7077.92008 -9227.09534       -234.50174 -2566.88989 -1112.44546 -693.54903 -3271.58021 -4033.65742      339.689
93    1336.25018 1838.56957 1123.65514 -7333.99613 -7057.96843 -9267.55014       -212.59504 -2533.20184 -1123.65514 -714.91443 -3261.81292 -4041.56578      291.162
94    1325.55315 1871.14466 1134.86482 -7376.66793 -7038.01677 -9308.00494       -190.68833 -2499.51379 -1134.86482 -736.27983 -3252.04563 -4049.47414      242.635
95    1314.85613 1903.71974 1146.07451 -7419.33973 -7018.06511 -9348.45974       -168.78162 -2465.82574 -1146.07451 -757.64523 -3242.27835 -4057.38250      194.108
96    1304.15910 1936.29482 1157.28419 -7462.01153 -6998.11345 -9388.91453       -146.87492 -2432.13769 -1157.28419 -779.01064 -3232.51106 -4065.29086      145.581
97    1293.46208 1968.86991 1168.49387 -7504.68333 -6978.16179 -9429.36933       -124.96821 -2398.44964 -1168.49387 -800.37604 -3222.74377 -4073.19923      97.054
98    1282.76505 2001.44499 1179.70355 -7547.35512 -6958.21014 -9469.82413       -103.06150 -2364.76159 -1179.70355 -821.74144 -3212.97648 -4081.10759      48.527
99    1272.06803 2034.02008 1190.91323 -7590.02692 -6938.25848 -9510.27893       -81.15480 -2331.07354 -1190.91323 -843.10685 -3203.20919 -4089.01595      2.18089e-12
