Fol_2018-02-06.15_52_43.68_.txt     Output is probe cell, reduced cell, NCDist distance between
0     -3.25053 -12.17746 -85.13656 -84.04452 -23.60466 -61.50555       -23.60466 -61.50555  -3.25053 -12.17746 -85.13656 -84.04452      4.60484e-14
1     -2.94643 -11.89862 -84.24376 -84.16137 -24.80155 -62.55459       -24.80155 -62.55459  -2.94643 -11.89862 -84.24376 -84.16137      1.87457
2     -2.64233 -11.61977 -83.35096 -84.27821 -25.99845 -63.60363       -25.99845 -63.60363  -2.64233 -11.61977 -83.35096 -84.27821      3.74914
3     -2.33824 -11.34093 -82.45817 -84.39505 -27.19535 -64.65267       -27.19535 -64.65267  -2.33824 -11.34093 -82.45817 -84.39505      5.62371
4     -2.03414 -11.06209 -81.56537 -84.51190 -28.39224 -65.70170       -81.56537 -11.06209  -2.03414 -65.70170 -28.39224 -84.51190      7.49828
5     -1.73004 -10.78324 -80.67257 -84.62874 -29.58914 -66.75074       -80.67257 -10.78324  -1.73004 -66.75074 -29.58914 -84.62874      9.37285
6     -1.42594 -10.50440 -79.77977 -84.74559 -30.78604 -67.79978       -79.77977 -10.50440  -1.42594 -67.79978 -30.78604 -84.74559      11.2474
7     -1.12184 -10.22556 -78.88697 -84.86243 -31.98293 -68.84882       -78.88697 -10.22556  -1.12184 -68.84882 -31.98293 -84.86243      13.122
8     -0.81774  -9.94671 -77.99417 -84.97927 -33.17983 -69.89786       -77.99417  -9.94671  -0.81774 -69.89786 -33.17983 -84.97927      14.9966
9     -0.51365  -9.66787 -77.10137 -85.09612 -34.37673 -70.94690       -77.10137  -9.66787  -0.51365 -70.94690 -34.37673 -85.09612      16.8711
10     -0.20955  -9.38903 -76.20857 -85.21296 -35.57363 -71.99593       -76.20857  -9.38903  -0.20955 -71.99593 -35.57363 -85.21296      18.7457
11      0.09455  -9.11019 -75.31577 -85.32980 -36.77052 -73.04497       -36.67597  -9.01564  -0.09455 -72.95042 -75.22122 -85.42435      20.573
12      0.39865  -8.83134 -74.42298 -85.44665 -37.96742 -74.09401       -37.56877  -8.43270  -0.39865 -73.69536 -74.02433 -85.84530      22.3081
13      0.70275  -8.55250 -73.53018 -85.56349 -39.16432 -75.14305       -38.46157  -7.84975  -0.70275 -74.44030 -72.82743 -86.26624      24.0592
14      1.00684  -8.27366 -72.63738 -85.68034 -40.36121 -76.19209       -39.35437  -7.26681  -1.00684 -75.18524 -71.63053 -86.68718      25.8229
15      1.31094  -7.99481 -71.74458 -85.79718 -41.55811 -77.24113       -40.24717  -6.68387  -1.31094 -75.93018 -70.43364 -87.10812      27.5969
16      1.61504  -7.71597 -70.85178 -85.91402 -42.75501 -78.29016       -41.13997  -6.10093  -1.61504 -76.67512 -69.23674 -87.52906      29.3794
17      1.91914  -7.43713 -69.95898 -86.03087 -43.95190 -79.33920       -42.03277  -5.51799  -1.91914 -77.42006 -68.03984 -87.95001      31.1688
18      2.22324  -7.15829 -69.06618 -86.14771 -45.14880 -80.38824       -42.92557  -4.93505  -2.22324 -78.16500 -66.84295 -88.37095      32.964
19      2.52733  -6.87944 -68.17338 -86.26456 -46.34570 -81.43728       -43.81836  -4.35211  -2.52733 -78.90994 -65.64605 -88.79189      34.7641
20      2.83143  -6.60060 -67.28058 -86.38140 -47.54260 -82.48632       -44.71116  -3.76917  -2.83143 -79.65488 -64.44915 -89.21283      36.2229
21      3.13553  -6.32176 -66.38779 -86.49824 -48.73949 -83.53535       -45.60396  -3.18623  -3.13553 -80.39982 -63.25225 -89.63377      37.639
22      3.43963  -6.04291 -65.49499 -86.61509 -49.93639 -84.58439       -46.49676  -2.60329  -3.43963 -81.14476 -62.05536 -90.05472      39.0906
23      3.74373  -5.76407 -64.60219 -86.73193 -51.13329 -85.63343       -47.38956  -2.02034  -3.74373 -81.88970 -60.85846 -90.47566      40.5739
24      4.04783  -5.48523 -63.70939 -86.84877 -52.33018 -86.68247       -48.28236  -1.43740  -4.04783 -82.63464 -59.66156 -90.89660      42.0857
25      4.35192  -5.20639 -62.81659 -86.96562 -53.52708 -87.73151       -49.17516  -0.85446  -4.35192 -83.37958 -58.46467 -91.31754      43.6228
26      4.65602  -4.92754 -61.92379 -87.08246 -54.72398 -88.78055       -50.06796  -0.27152  -4.65602 -84.12452 -57.26777 -91.73848      45.1828
27      4.96012  -4.64870 -61.03099 -87.19931 -55.92088 -89.82958       -91.84801  -4.64870  -0.31142 -84.55804 -50.64934 -56.38229      46.2428
28      5.26422  -4.36986 -60.13819 -87.31615 -57.11777 -90.87862       -91.68601  -4.36986  -0.89436 -84.72004 -50.95919 -55.76834      46.8629
29      5.56832  -4.09101 -59.24539 -87.43299 -58.31467 -91.92766       -91.52401  -4.09101  -1.47730 -84.88204 -51.26905 -55.15438      47.4948
30      5.87241  -3.81217 -58.35260 -87.54984 -59.51157 -92.97670       -91.36201  -3.81217  -2.06024 -85.04404 -51.57891 -54.54042      48.138
31      6.17651  -3.53333 -57.45980 -87.66668 -60.70846 -94.02574       -91.20001  -3.53333  -2.64318 -85.20604 -51.88877 -53.92647      48.792
32      6.48061  -3.25449 -56.56700 -87.78352 -61.90536 -95.07478       -91.03801  -3.25449  -3.22612 -85.36804 -52.19863 -53.31251      49.3882
33      6.78471  -2.97564 -55.67420 -87.90037 -63.10226 -96.12381       -90.87601  -3.80907  -2.97564 -85.53004 -52.69856 -52.50848      49.5762
34      7.08881  -2.69680 -54.78140 -88.01721 -64.29915 -97.17285       -90.71401  -4.39201  -2.69680 -85.69204 -52.08460 -52.81834      49.6306
35      7.39290  -2.41796 -53.88860 -88.13406 -65.49605 -98.22189       -90.55201  -4.97495  -2.41796 -85.85404 -51.47064 -53.12820      49.062
36      7.69700  -2.13911 -52.99580 -88.25090 -66.69295 -99.27093       -90.39001  -5.55789  -2.13911 -86.01604 -50.85669 -53.43806      48.5061
37      8.00110  -1.86027 -52.10300 -88.36774 -67.88985 -100.31997       -90.22801  -6.14083  -1.86027 -86.17804 -50.24273 -53.74791      47.9635
38      8.30520  -1.58143 -51.21020 -88.48459 -69.08674 -101.36900       -90.06601  -6.72377  -1.58143 -86.34004 -49.62878 -54.05777      47.4346
39      8.60930  -1.30259 -50.31740 -88.60143 -70.28364 -102.41804       -89.90402  -7.30671  -1.30259 -86.50203 -49.01482 -54.36763      46.9198
40      8.91340  -1.02374 -49.42461 -88.71827 -71.48054 -103.46708       -89.74202  -7.88965  -1.02374 -86.66403 -48.40086 -54.67749      46.4196
41      9.21749  -0.74490 -48.53181 -88.83512 -72.67743 -104.51612       -89.58002  -8.47259  -0.74490 -86.82603 -47.78691 -54.98735      45.9345
42      9.52159  -0.46606 -47.63901 -88.95196 -73.87433 -105.56516       -89.41802  -9.05553  -0.46606 -86.98803 -47.17295 -55.29720      45.4649
43      9.82569  -0.18721 -46.74621 -89.06881 -75.07123 -106.61420       -89.25602  -9.63848  -0.18721 -87.15003 -46.55900 -55.60706      45.0114
44     10.12979   0.09163 -45.85341 -89.18565 -76.26812 -107.66323       -45.85341  -0.09163 -10.12979 -87.22040 -56.00855 -89.00239      43.876
45     10.43389   0.37047 -44.96061 -89.30249 -77.46502 -108.71227       -44.96061  -0.37047 -10.43389 -87.10356 -56.59725 -88.56155      43.0138
46     10.73798   0.64931 -44.06781 -89.41934 -78.66192 -109.76131       -44.06781  -0.64931 -10.73798 -86.98671 -57.18595 -88.12071      42.1701
47     11.04208   0.92816 -43.17501 -89.53618 -79.85882 -110.81035       -43.17501  -0.92816 -11.04208 -86.86987 -57.77465 -87.67987      41.346
48     11.34618   1.20700 -42.28221 -89.65302 -81.05571 -111.85939       -42.28221  -1.20700 -11.34618 -86.75303 -58.36335 -87.23902      40.5426
49     11.65028   1.48584 -41.38942 -89.76987 -82.25261 -112.90843       -41.38942  -1.48584 -11.65028 -86.63618 -58.95205 -86.79818      39.7614
50     11.95438   1.76469 -40.49662 -89.88671 -83.44951 -113.95746       -40.49662  -1.76469 -11.95438 -86.51934 -59.54075 -86.35734      39.0035
51     12.25847   2.04353 -39.60382 -90.00356 -84.64640 -115.00650       -39.60382  -2.04353 -12.25847 -86.40249 -60.12945 -85.91650      38.2703
52     12.56257   2.32237 -38.71102 -90.12040 -85.84330 -116.05554       -38.71102  -2.32237 -12.56257 -86.28565 -60.71816 -85.47566      37.5634
53     12.86667   2.60121 -37.81822 -90.23724 -87.04020 -117.10458       -37.81822  -2.60121 -12.86667 -86.16881 -61.30686 -85.03481      36.8842
54     13.17077   2.88006 -36.92542 -90.35409 -88.23710 -118.15362       -36.92542  -2.88006 -13.17077 -86.05196 -61.89556 -84.59397      36.1858
55     13.47487   3.15890 -36.03262 -90.47093 -89.43399 -119.20266       -36.03262  -3.15890 -13.47487 -85.93512 -62.48426 -84.15313      35.4941
56     13.77897   3.43774 -35.13982 -90.58777 -90.63089 -120.25169       -35.13982  -3.43774 -13.77897 -85.81828 -63.07296 -83.71229      34.8325
57     14.08306   3.71659 -34.24702 -90.70462 -91.82779 -121.30073       -34.24702  -3.71659 -14.08306 -85.70143 -63.66166 -83.27145      34.2025
58     14.38716   3.99543 -33.35423 -90.82146 -93.02468 -122.34977       -33.35423  -3.99543 -14.38716 -85.58459 -64.25036 -82.83060      33.6061
59     14.69126   4.27427 -32.46143 -90.93831 -94.22158 -123.39881       -32.46143  -4.27427 -14.69126 -85.46774 -64.83906 -82.38976      33.0449
60     14.99536   4.55312 -31.56863 -91.05515 -95.41848 -124.44785       -31.56863  -4.55312 -14.99536 -85.35090 -65.42776 -81.94892      32.5209
61     15.29946   4.83196 -30.67583 -91.17199 -96.61537 -125.49688       -30.67583  -4.83196 -15.29946 -85.23406 -66.01646 -81.50808      32.0358
62     15.60355   5.11080 -29.78303 -91.28884 -97.81227 -126.54592       -29.78303  -5.11080 -15.60355 -85.11721 -66.60516 -81.06724      31.5915
63     15.90765   5.38964 -28.89023 -91.40568 -99.00917 -127.59496       -28.89023  -5.38964 -15.90765 -85.00037 -67.19386 -80.62639      31.1897
64     16.21175   5.66849 -27.99743 -91.52252 -100.20607 -128.64400       -27.99743  -5.66849 -16.21175 -84.88353 -67.78256 -80.18555      30.832
65     16.51585   5.94733 -27.10463 -91.63937 -101.40296 -129.69304       -27.10463  -5.94733 -16.51585 -84.76668 -68.37127 -79.74471      30.5201
66     16.81995   6.22617 -26.21183 -91.75621 -102.59986 -130.74208       -26.21183 -16.81995  -6.22617 -84.64984 -79.30387 -68.95997      29.6203
67     17.12404   6.50502 -25.31904 -91.87306 -103.79676 -131.79111       -25.31904 -17.12404  -6.50502 -84.53299 -78.86303 -69.54867      28.6644
68     17.42814   6.78386 -24.42624 -91.98990 -104.99365 -132.84015       -24.42624 -17.42814  -6.78386 -84.41615 -78.42218 -70.13737      27.7303
69     17.73224   7.06270 -23.53344 -92.10674 -106.19055 -133.88919       -17.73224 -23.53344  -7.06270 -77.98134 -84.29931 -70.72607      26.8205
70     18.03634   7.34154 -22.64064 -92.22359 -107.38745 -134.93823       -18.03634 -22.64064  -7.34154 -77.54050 -84.18246 -71.31477      25.9375
71     18.34044   7.62039 -21.74784 -92.34043 -108.58434 -135.98727       -18.34044 -21.74784  -7.62039 -77.09966 -84.06562 -71.90347      25.084
72     18.64454   7.89923 -20.85504 -92.45727 -109.78124 -137.03631       -18.64454 -20.85504  -7.89923 -76.65882 -83.94878 -72.49217      24.2633
73     18.94863   8.17807 -19.96224 -92.57412 -110.97814 -138.08534       -18.94863 -19.96224  -8.17807 -76.21797 -83.83193 -73.08087      23.4788
74     19.25273   8.45692 -19.06944 -92.69096 -112.17504 -139.13438       -19.25273 -19.06944  -8.45692 -75.77713 -83.71509 -73.66957      22.7341
75     19.55683   8.73576 -18.17664 -92.80781 -113.37193 -140.18342       -19.55683 -18.17664  -8.73576 -75.33629 -83.59824 -74.25827      22.0334
76     19.86093   9.01460 -17.28385 -92.92465 -114.56883 -141.23246       -19.86093  -9.01460 -17.28385 -74.89545 -74.84697 -83.48140      21.381
77     20.16503   9.29344 -16.39105 -93.04149 -115.76573 -142.28150       -20.16503  -9.29344 -16.39105 -74.45460 -75.43567 -83.36456      20.7814
78     20.46912   9.57229 -15.49825 -93.15834 -116.96262 -143.33054       -20.46912  -9.57229 -15.49825 -74.01376 -76.02438 -83.24771      20.2393
79     20.77322   9.85113 -14.60545 -93.27518 -118.15952 -144.37957       -20.77322  -9.85113 -14.60545 -73.57292 -76.61308 -83.13087      19.7595
80     21.07732  10.12997 -13.71265 -93.39202 -119.35642 -145.42861       -21.07732 -10.12997 -13.71265 -73.13208 -77.20178 -83.01403      19.3465
81     21.38142  10.40882 -12.81985 -93.50887 -120.55332 -146.47765       -21.38142 -10.40882 -12.81985 -72.69124 -77.79048 -82.89718      19.0048
82     21.68552  10.68766 -11.92705 -93.62571 -121.75021 -147.52669       -21.68552 -10.68766 -11.92705 -72.25039 -78.37918 -82.78034      18.7382
83     21.98961  10.96650 -11.03425 -93.74256 -122.94711 -148.57573       -21.98961 -10.96650 -11.03425 -71.80955 -78.96788 -82.66349      18.5499
84     22.29371  11.24534 -10.14145 -93.85940 -124.14401 -149.62476       -22.29371 -11.24534 -10.14145 -71.36871 -79.55658 -82.54665      17.6803    *****
85     22.59781  11.52419  -9.24866 -93.97624 -125.34090 -150.67380       -22.59781 -11.52419  -9.24866 -70.92787 -80.14528 -82.42981      16.5521
86     22.90191  11.80303  -8.35586 -94.09309 -126.53780 -151.72284       -22.90191 -11.80303  -8.35586 -70.48703 -80.73398 -82.31296      15.4399
87     23.20601  12.08187  -7.46306 -94.20993 -127.73470 -152.77188       -23.20601 -12.08187  -7.46306 -70.04618 -81.32268 -82.19612      14.3476
88     23.51011  12.36072  -6.57026 -94.32677 -128.93159 -153.82092       -23.51011 -12.36072  -6.57026 -69.60534 -81.91138 -82.07928      13.2801
89     23.81420  12.63956  -5.67746 -94.44362 -130.12849 -154.86996       -23.81420 -12.63956  -5.67746 -69.16450 -82.50008 -81.96243      12.2439
90     24.11830  12.91840  -4.78466 -94.56046 -131.32539 -155.91899       -24.11830 -12.91840  -4.78466 -68.72366 -83.08879 -81.84559      11.2475
91     24.42240  13.19724  -3.89186 -94.67731 -132.52229 -156.96803       -24.42240 -13.19724  -3.89186 -68.28282 -83.67749 -81.72874      10.3027
92     24.72650  13.47609  -2.99906 -94.79415 -133.71918 -158.01707       -24.72650 -13.47609  -2.99906 -67.84197 -84.26619 -81.61190      9.42485
93     25.03060  13.75493  -2.10626 -94.91099 -134.91608 -159.06611       -25.03060 -13.75493  -2.10626 -67.40113 -84.85489 -81.49506      8.63446
94     25.33469  14.03377  -1.21346 -95.02784 -136.11298 -160.11515       -25.33469 -14.03377  -1.21346 -66.96029 -85.44359 -81.37821      7.95763
95     25.63879  14.31262  -0.32067 -95.14468 -137.30987 -161.16419       -25.63879 -14.31262  -0.32067 -66.51945 -86.03229 -81.26137      7.42546
96     25.94289  14.59146   0.57213 -95.26152 -138.50677 -162.21322       -25.37076 -65.50647  -0.57213 -14.01933 -86.04886 -81.71666      5.99533    *****
97     26.24699  14.87030   1.46493 -95.37837 -139.70367 -163.26226       -24.78206 -64.17283  -1.46493 -13.40537 -85.74476 -82.49261      3.99689
98     26.55109  15.14914   2.35773 -95.49521 -140.90056 -164.31130       -24.19336 -62.83919  -2.35773 -12.79141 -85.44066 -83.26857      1.99844
99     26.85518  15.42799   3.25053 -95.61206 -142.09746 -165.36034       -23.60466 -61.50555  -3.25053 -12.17746 -85.13656 -84.04452      4.92278e-14
