Fol_2018-02-12.11_44_04.14_.txt     Output is probe cell, reduced cell, NCDist distance between
0    3986.52598 2480.83254 3793.27524 -15664.15344 -12502.75261 -10006.63576       -380.36543 -155.73607 -131.10457  -2.33601 -2395.51890 -2981.22907      1.33339e-11
1    3951.42441 2457.12151 3756.28362 -15511.52282 -12412.31635 -9947.37627       -869.94263 -63.19734 -72.00419 -205.38833 -2112.28528 -3421.11866      748.888
2    3916.32283 2433.41048 3719.29200 -15358.89219 -12321.88010 -9888.11677       -1189.72006 -109.87231 -14.06370 -268.06706 -1970.72403 -3719.33587      1193.97
3    3881.22126 2409.69945 3682.30037 -15206.26157 -12231.44385 -9828.85728       -1379.84539 -57.64790 -343.28469 -42.48369 -1814.80649 -4031.90939      1575.66
4    3846.11968 2385.98842 3645.30875 -15053.63095 -12141.00759 -9769.59778       -1499.06705 -269.66137 -186.19948 -38.96863 -1729.79263 -4195.64196      1785.17    *****
5    3811.01810 2362.27739 3608.31713 -14901.00033 -12050.57134 -9710.33828       -1602.29508 -120.42095 -272.26737 -153.55437 -1660.77239 -4316.89084      1963.4
6    3775.91653 2338.56636 3571.32550 -14748.36970 -11960.13508 -9651.07879       -1474.79753 -201.87327 -358.33526 -37.44736 -1822.47773 -4438.13972      1922.6
7    3740.81495 2314.85533 3534.33388 -14595.73908 -11869.69883 -9591.81929       -1425.95962 -365.74351 -204.66595 -78.65964 -1905.52344 -4480.72897      1907.15
8    3705.71338 2291.14430 3497.34226 -14443.10846 -11779.26258 -9532.55980       -1414.56908 -335.70440 -170.01126 -194.76664 -1951.12178 -4485.87085      1897.88
9    3670.61180 2267.43327 3460.35064 -14290.47784 -11688.82632 -9473.30030       -1403.17853 -305.66528 -135.35658 -310.87365 -1996.72012 -4491.01273      1897.98
10    3635.51023 2243.72224 3423.35901 -14137.84721 -11598.39007 -9414.04081       -1391.78799 -275.62617 -100.70189 -426.98065 -2042.31846 -4496.15461      1907.45
11    3600.40865 2220.01121 3386.36739 -13985.21659 -11507.95382 -9354.78131       -1380.39744 -245.58706 -66.04721 -543.08765 -2087.91680 -4501.29649      1911.38
12    3565.30708 2196.30018 3349.37577 -13832.58597 -11417.51756 -9295.52181       -1369.00689 -215.54794 -31.39252 -659.19466 -2133.51514 -4506.43837      1922.93
13    3530.20550 2172.58915 3312.38414 -13679.95535 -11327.08131 -9236.26232       -1354.35418 -772.03950  -3.26216 -182.24667 -2175.85132 -4514.84241      1943.56
14    3495.10393 2148.87812 3275.39252 -13527.32472 -11236.64505 -9177.00282       -1308.30895 -853.49182 -37.91685 -117.55287 -2186.79497 -4554.63898      1972.08
15    3460.00235 2125.16709 3238.40090 -13374.69410 -11146.20880 -9117.74333       -1262.26372 -934.94413 -72.57153 -52.85907 -2197.73863 -4594.43554      2008.09
16    3424.90077 2101.45606 3201.40928 -13222.06348 -11055.77255 -9058.48383       -1228.05322 -95.39149 -1004.56172 -11.83473 -2196.84755 -4622.39738      2042.9
17    3389.79920 2077.74503 3164.41765 -13069.43286 -10965.33629 -8999.22434       -1246.70179 -65.35238 -1021.32024 -76.52853 -2143.09741 -4597.50014      2046.06
18    3354.69762 2054.03400 3127.42603 -12916.80224 -10874.90004 -8939.96484       -1265.35036 -35.31326 -1038.07876 -141.22233 -2089.34727 -4572.60291      2053.71
19    3319.59605 2030.32297 3090.43441 -12764.17161 -10784.46379 -8880.70534       -1283.99892  -5.27415 -1054.83728 -205.91612 -2035.59712 -4547.70568      2065.8
20    3284.49447 2006.61194 3053.44278 -12611.54099 -10694.02753 -8821.44585       -1277.88253 -24.76496 -245.84496 -1046.83084 -2006.61194 -4498.04348      2046.45
21    3249.39290 1982.90091 3016.45116 -12458.91037 -10603.59128 -8762.18635       -1266.49198 -54.80408 -280.49964 -1033.55025 -1982.90091 -4443.10713      2007.16
22    3214.29132 1959.18988 2979.45954 -12306.27975 -10513.15502 -8702.92686       -1255.10144 -84.84319 -315.15433 -1020.26965 -1959.18988 -4388.17079      1970.12
23    3179.18975 1935.47885 2942.46792 -12153.64912 -10422.71877 -8643.66736       -1243.71089 -114.88230 -349.80902 -1006.98906 -1935.47885 -4333.23444      1935.48
24    3144.08817 1911.76782 2905.47629 -12001.01850 -10332.28252 -8584.40787       -1232.32035 -144.92142 -384.46370 -993.70847 -1911.76782 -4278.29809      1903.35
25    3108.98660 1888.05679 2868.48467 -11848.38788 -10241.84626 -8525.14837       -1220.92980 -174.96053 -419.11839 -980.42787 -1888.05679 -4223.36175      1873.87
26    3073.88502 1864.34576 2831.49305 -11695.75726 -10151.41001 -8465.88887       -1209.53925 -204.99964 -453.77307 -967.14728 -1864.34576 -4168.42540      1847.16
27    3038.78344 1840.63474 2794.50142 -11543.12663 -10060.97376 -8406.62938       -1198.14871 -235.03876 -488.42776 -953.86669 -1840.63474 -4113.48905      1815.07
28    3003.68187 1816.92371 2757.50980 -11390.49601 -9970.53750 -8347.36988       -1186.75816 -265.07787 -523.08244 -940.58610 -1816.92371 -4058.55270      1785.4
29    2968.58029 1793.21268 2720.51818 -11237.86539 -9880.10125 -8288.11039       -1175.36762 -295.11698 -557.73713 -927.30550 -1793.21268 -4003.61636      1758.64
30    2933.47872 1769.50165 2683.52655 -11085.23477 -9789.66500 -8228.85089       -1163.97707 -325.15610 -592.39181 -914.02491 -1769.50165 -3948.68001      1734.92
31    2898.37714 1745.79062 2646.53493 -10932.60414 -9699.22874 -8169.59140       -1152.58653 -355.19521 -627.04650 -900.74432 -1745.79062 -3893.74366      1714.37
32    2863.27557 1722.07959 2609.54331 -10779.97352 -9608.79249 -8110.33190       -1141.19598 -385.23432 -661.70118 -887.46372 -1722.07959 -3838.80732      1697.1
33    2828.17399 1698.36856 2572.55169 -10627.34290 -9518.35623 -8051.07240       -1129.80543 -415.27344 -696.35587 -874.18313 -1698.36856 -3783.87097      1683.22
34    2793.07242 1674.65753 2535.56006 -10474.71228 -9427.91998 -7991.81291       -1118.41489 -445.31255 -731.01055 -860.90254 -1674.65753 -3728.93462      1672.8
35    2757.97084 1650.94650 2498.56844 -10322.08165 -9337.48373 -7932.55341       -1107.02434 -475.35166 -765.66524 -847.62194 -1650.94650 -3673.99828      1665.92
36    2722.86926 1627.23547 2461.57682 -10169.45103 -9247.04747 -7873.29392       -1095.63380 -505.39078 -800.31992 -834.34135 -1627.23547 -3619.06193      1662.62
37    2687.76769 1603.52444 2424.58519 -10016.82041 -9156.61122 -7814.03442       -1084.24325 -535.42989 -834.97461 -821.06076 -1603.52444 -3564.12558      1662.92
38    2652.66611 1579.81341 2387.59357 -9864.18979 -9066.17497 -7754.77493       -1072.85271 -565.46900 -869.62929 -807.78016 -1579.81341 -3509.18924      1666.81
39    2617.56454 1556.10238 2350.60195 -9711.55916 -8975.73871 -7695.51543       -1061.46216 -595.50812 -904.28398 -794.49957 -1556.10238 -3454.25289      1674.28
40    2582.46296 1532.39135 2313.61033 -9558.92854 -8885.30246 -7636.25593       -1050.07162 -625.54723 -938.93866 -781.21898 -1532.39135 -3399.31654      1685.27
41    2547.36139 1508.68032 2276.61870 -9406.29792 -8794.86620 -7576.99644       -1038.68107 -655.58634 -973.59335 -767.93839 -1508.68032 -3344.38020      1699.72
42    2512.25981 1484.96929 2239.62708 -9253.66730 -8704.42995 -7517.73694       -1027.29052 -685.62546 -1008.24803 -754.65779 -1484.96929 -3289.44385      1717.53
43    2477.15824 1461.25826 2202.63546 -9101.03668 -8613.99370 -7458.47745       -1015.89998 -715.66457 -1042.90272 -741.37720 -1461.25826 -3234.50750      1738.61
44    2442.05666 1437.54723 2165.64383 -8948.40605 -8523.55744 -7399.21795       -1004.50943 -745.70368 -1077.55740 -728.09661 -1437.54723 -3179.57116      1762.85
45    2406.95509 1413.83620 2128.65221 -8795.77543 -8433.12119 -7339.95846       -993.11889 -775.74279 -1112.21209 -714.81601 -1413.83620 -3124.63481      1790.1
46    2371.85351 1390.12517 2091.66059 -8643.14481 -8342.68494 -7280.69896       -981.72834 -805.78191 -1146.86677 -701.53542 -1390.12517 -3069.69846      1820.23
47    2336.75193 1366.41414 2054.66897 -8490.51419 -8252.24868 -7221.43946       -970.33780 -835.82102 -1181.52146 -688.25483 -1366.41414 -3014.76212      1853.11
48    2301.65036 1342.70311 2017.67734 -8337.88356 -8161.81243 -7162.17997       -958.94725 -865.86013 -1216.17614 -674.97423 -1342.70311 -2959.82577      1888.59
49    2266.54878 1318.99208 1980.68572 -8185.25294 -8071.37617 -7102.92047       -947.55670 -895.89925 -1250.83083 -661.69364 -1318.99208 -2904.88942      1926.53
50    2231.44721 1295.28105 1943.69410 -8032.62232 -7980.93992 -7043.66098       -936.16616 -925.93836 -1285.48551 -648.41305 -1295.28105 -2849.95308      1966.78
51    2196.34563 1271.57002 1906.70247 -7879.99170 -7890.50367 -6984.40148       -924.77561 -955.97747 -1320.14020 -635.13245 -1271.57002 -2795.01673      2009.21
52    2161.24406 1247.85899 1869.71085 -7727.36107 -7800.06741 -6925.14199       -1247.85899 -621.85186 -1354.79488 -986.01659 -913.38507 -2740.08038      2053.68
53    2126.14248 1224.14796 1832.71923 -7574.73045 -7709.63116 -6865.88249       -1224.14796 -608.57127 -1389.44957 -1016.05570 -901.99452 -2685.14404      2100.06
54    2091.04091 1200.43693 1795.72761 -7422.09983 -7619.19491 -6806.62299       -1200.43693 -595.29068 -1424.10425 -1046.09481 -890.60398 -2630.20769      2148.23
55    2055.93933 1176.72590 1758.73598 -7269.46921 -7528.75865 -6747.36350       -1176.72590 -582.01008 -1458.75894 -1076.13393 -879.21343 -2575.27134      2161.69
56    2020.83775 1153.01487 1721.74436 -7116.83858 -7438.32240 -6688.10400       -1153.01487 -568.72949 -1493.41362 -1106.17304 -867.82288 -2520.33500      2149.74
57    1985.73618 1129.30384 1684.75274 -6964.20796 -7347.88615 -6628.84451       -1129.30384 -555.44890 -1528.06831 -1136.21215 -856.43234 -2465.39865      2140.53
58    1950.63460 1105.59281 1647.76111 -6811.57734 -7257.44989 -6569.58501       -1105.59281 -542.16830 -1562.72299 -1166.25127 -845.04179 -2410.46230      2134.08
59    1915.53303 1081.88178 1610.76949 -6658.94672 -7167.01364 -6510.32552       -1081.88178 -528.88771 -1597.37768 -1196.29038 -833.65125 -2355.52595      2130.43
60    1880.43145 1058.17075 1573.77787 -6506.31609 -7076.57738 -6451.06602       -1058.17075 -515.60712 -1632.03236 -1226.32949 -822.26070 -2300.58961      2129.58
61    1845.32988 1034.45972 1536.78624 -6353.68547 -6986.14113 -6391.80652       -1034.45972 -502.32652 -1666.68705 -1256.36861 -810.87016 -2245.65326      2131.55
62    1810.22830 1010.74869 1499.79462 -6201.05485 -6895.70488 -6332.54703       -1010.74869 -489.04593 -1701.34173 -1286.40772 -799.47961 -2190.71691      2136.32
63    1775.12673 987.03766 1462.80300 -6048.42423 -6805.26862 -6273.28753       -475.76534 -987.03766 -1735.99642 -788.08906 -1316.44683 -2135.78057      2143.88
64    1740.02515 963.32663 1425.81138 -5895.79360 -6714.83237 -6214.02804       -1770.65110 -462.48474 -963.32663 -2080.84422 -776.69852 -1346.48595      2154.19
65    1704.92358 939.61560 1388.81975 -5743.16298 -6624.39612 -6154.76854       -1805.30579 -449.20415 -939.61560 -2025.90787 -765.30797 -1376.52506      2167.22
66    1669.82200 915.90457 1351.82813 -5590.53236 -6533.95986 -6095.50905       -1839.96047 -435.92356 -915.90457 -1970.97153 -753.91743 -1406.56417      2182.92
67    1634.72042 892.19354 1314.83651 -5437.90174 -6443.52361 -6036.24955       -1874.61516 -422.64296 -892.19354 -1916.03518 -742.52688 -1436.60329      2201.22
68    1599.61885 868.48251 1277.84488 -5285.27112 -6353.08735 -5976.99005       -1909.26984 -409.36237 -868.48251 -1861.09883 -731.13634 -1466.64240      2202.66
69    1564.51727 844.77148 1240.85326 -5132.64049 -6262.65110 -5917.73056       -1943.92453 -396.08178 -844.77148 -1806.16249 -719.74579 -1496.68151      2201.9
70    1529.41570 821.06045 1203.86164 -4980.00987 -6172.21485 -5858.47106       -1978.57921 -382.80119 -821.06045 -1751.22614 -708.35525 -1526.72063      2203.85
71    1494.31412 797.34942 1166.87002 -4827.37925 -6081.77859 -5799.21157       -2013.23390 -369.52059 -797.34942 -1696.28979 -696.96470 -1556.75974      2167.08
72    1459.21255 773.63839 1129.87839 -4674.74863 -5991.34234 -5739.95207       -685.57415 -1641.35345 -773.63839 -356.24000 -2047.88858 -1586.79885      2089.69
73    1424.11097 749.92736 1092.88677 -4522.11800 -5900.90609 -5680.69258       -674.18361 -1586.41710 -749.92736 -342.95941 -2082.54327 -1616.83797      2012.29
74    1389.00940 726.21633 1055.89515 -4369.48738 -5810.46983 -5621.43308       -662.79306 -1531.48075 -726.21633 -329.67881 -2117.19795 -1646.87708      1934.9
75    1353.90782 702.50530 1018.90352 -4216.85676 -5720.03358 -5562.17358       -651.40252 -1476.54441 -702.50530 -316.39822 -2151.85264 -1676.91619      1857.51
76    1318.80625 678.79427 981.91190 -4064.22614 -5629.59732 -5502.91409       -640.01197 -1421.60806 -678.79427 -303.11763 -2186.50732 -1706.95531      1780.12
77    1283.70467 655.08324 944.92028 -3911.59551 -5539.16107 -5443.65459       -628.62143 -1366.67171 -655.08324 -289.83703 -2221.16201 -1736.99442      1702.72
78    1248.60309 631.37221 907.92866 -3758.96489 -5448.72482 -5384.39510       -617.23088 -1311.73537 -631.37221 -276.55644 -2255.81669 -1767.03353      1625.33
79    1213.50152 607.66118 870.93703 -3606.33427 -5358.28856 -5325.13560       -605.84033 -1256.79902 -607.66118 -263.27585 -2290.47138 -1797.07265      1547.94
80    1178.39994 583.95015 833.94541 -3453.70365 -5267.85231 -5265.87611       -594.44979 -1201.86267 -583.95015 -249.99525 -2325.12606 -1827.11176      1470.55
81    1143.29837 560.23912 796.95379 -3301.07302 -5177.41606 -5206.61661       -583.05924 -1146.92633 -560.23912 -236.71466 -2359.78075 -1857.15087      1393.16
82    1108.19679 536.52810 759.96216 -3148.44240 -5086.97980 -5147.35711       -571.66870 -1091.98998 -536.52810 -223.43407 -2394.43543 -1887.18999      1315.76
83    1073.09522 512.81707 722.97054 -2995.81178 -4996.54355 -5088.09762       -560.27815 -1037.05363 -512.81707 -210.15348 -2429.09012 -1917.22910      1238.37
84    1037.99364 489.10604 685.97892 -2843.18116 -4906.10730 -5028.83812       -548.88761 -489.10604 -982.11729 -196.87288 -1947.26821 -2463.74480      1160.98
85    1002.89207 465.39501 648.98730 -2690.55053 -4815.67104 -4969.57863       -537.49706 -465.39501 -927.18094 -183.59229 -1977.30733 -2498.39949      1083.59
86    967.79049 441.68398 611.99567 -2537.91991 -4725.23479 -4910.31913       -526.10651 -441.68398 -872.24459 -170.31170 -2007.34644 -2533.05417      1006.2
87    932.68891 417.97295 575.00405 -2385.28929 -4634.79853 -4851.05963       -514.71597 -417.97295 -817.30824 -157.03110 -2037.38555 -2567.70886      928.804
88    897.58734 394.26192 538.01243 -2232.65867 -4544.36228 -4791.80014       -503.32542 -394.26192 -762.37190 -143.75051 -2067.42467 -2602.36354      851.413
89    862.48576 370.55089 501.02080 -2080.02804 -4453.92603 -4732.54064       -491.93488 -370.55089 -707.43555 -130.46992 -2097.46378 -2637.01823      774.022
90    827.38419 346.83986 464.02918 -1927.39742 -4363.48977 -4673.28115       -480.54433 -346.83986 -652.49920 -117.18932 -2127.50289 -2671.67291      696.631
91    792.28261 323.12883 427.03756 -1774.76680 -4273.05352 -4614.02165       -469.15379 -323.12883 -597.56286 -103.90873 -2157.54201 -2706.32760      619.241
92    757.18104 299.41780 390.04593 -1622.13618 -4182.61727 -4554.76216       -457.76324 -299.41780 -542.62651 -90.62814 -2187.58112 -2740.98228      541.851
93    722.07946 275.70677 353.05431 -1469.50555 -4092.18101 -4495.50266       -446.37269 -275.70677 -487.69016 -77.34754 -2217.62023 -2775.63697      464.463
94    686.97789 251.99574 316.06269 -1316.87493 -4001.74476 -4436.24316       -434.98215 -251.99574 -432.75382 -64.06695 -2247.65935 -2810.29165      387.076
95    651.87631 228.28471 279.07107 -1164.24431 -3911.30850 -4376.98367       -423.59160 -228.28471 -377.81747 -50.78636 -2277.69846 -2844.94634      309.692
96    616.77474 204.57368 242.07944 -1011.61369 -3820.87225 -4317.72417       -412.20106 -204.57368 -322.88112 -37.50577 -2307.73757 -2879.60102      232.314
97    581.67316 180.86265 205.08782 -858.98307 -3730.43600 -4258.46468       -400.81051 -180.86265 -267.94478 -24.22517 -2337.77668 -2914.25571      154.951
98    546.57158 157.15162 168.09620 -706.35244 -3639.99974 -4199.20518       -389.41997 -157.15162 -213.00843 -10.94458 -2367.81580 -2948.91040      77.6459
99    511.47001 133.44059 131.10457 -553.72182 -3549.56349 -4139.94569       -380.36543 -155.73607 -131.10457  -2.33601 -2395.51890 -2981.22907      1.60777e-12
