Fol_2018-02-12.11_39_53.6_.txt     Output is probe cell, reduced cell, NCDist distance between
0    4198.51075  43.49702 -315.09453 -199.45266 -9048.62530 -12496.86601       -651.60380 -315.09453 -112.45861 -43.49702 -4012.85045 -4198.51075      2.4063e-12
1    4163.81936  44.63297 -310.77581 -204.90732 -9014.33044 -12430.49452       -686.69173 -310.77581 -115.64138 -44.63297 -4013.58987 -4163.81936      49.6515
2    4129.12796  45.76891 -306.45709 -210.36198 -8980.03558 -12364.12302       -721.77966 -306.45709 -118.82415 -45.76891 -4014.32928 -4129.12796      99.3031
3    4094.43656  46.90486 -302.13837 -215.81665 -8945.74071 -12297.75153       -756.86759 -302.13837 -122.00693 -46.90486 -4015.06869 -4094.43656      148.955
4    4059.74516  48.04081 -297.81966 -221.27131 -8911.44585 -12231.38004       -791.95552 -297.81966 -125.18970 -48.04081 -4015.80810 -4059.74516      198.606
5    4025.05377  49.17675 -293.50094 -226.72598 -8877.15099 -12165.00854       -827.04346 -293.50094 -128.37247 -49.17675 -4016.54751 -4025.05377      248.258
6    3990.36237  50.31270 -289.18222 -232.18064 -8842.85613 -12098.63705       -862.13139 -289.18222 -131.55525 -50.31270 -4017.28692 -3990.36237      295.814
7    3955.67097  51.44864 -284.86350 -237.63530 -8808.56126 -12032.26556       -897.21932 -284.86350 -134.73802 -51.44864 -4018.02633 -3955.67097      326.491
8    3920.97957  52.58459 -280.54478 -243.08997 -8774.26640 -11965.89407       -932.30725 -280.54478 -137.92079 -52.58459 -4018.76574 -3920.97957      361.409
9    3886.28818  53.72053 -276.22606 -248.54463 -8739.97154 -11899.52257       -967.39518 -276.22606 -141.10357 -53.72053 -4019.50515 -3886.28818      399.459
10    3851.59678  54.85648 -271.90734 -253.99930 -8705.67667 -11833.15108       -1002.48312 -144.28634 -271.90734 -54.85648 -3851.59678 -4020.24456      439.829
11    3816.90538  55.99242 -267.58863 -259.45396 -8671.38181 -11766.77959       -1037.57105 -147.46911 -267.58863 -55.99242 -3816.90538 -4020.98398      481.935
12    3782.21398  57.12837 -263.26991 -264.90862 -8637.08695 -11700.40810       -1072.65898 -150.65188 -263.26991 -57.12837 -3782.21398 -4021.72339      525.361
13    3747.52259  58.26432 -258.95119 -270.36329 -8602.79209 -11634.03660       -1107.74691 -153.83466 -258.95119 -58.26432 -3747.52259 -4022.46280      569.805
14    3712.83119  59.40026 -254.63247 -275.81795 -8568.49722 -11567.66511       -1142.83484 -157.01743 -254.63247 -59.40026 -3712.83119 -4023.20221      615.046
15    3678.13979  60.53621 -250.31375 -281.27262 -8534.20236 -11501.29362       -1177.92278 -160.20020 -250.31375 -60.53621 -3678.13979 -4023.94162      660.921
16    3643.44839  61.67215 -245.99503 -286.72728 -8499.90750 -11434.92212       -1213.01071 -163.38298 -245.99503 -61.67215 -3643.44839 -4024.68103      707.305
17    3608.75700  62.80810 -241.67631 -292.18195 -8465.61263 -11368.55063       -1248.09864 -166.56575 -241.67631 -62.80810 -3608.75700 -4025.42044      754.106
18    3574.06560  63.94404 -237.35760 -297.63661 -8431.31777 -11302.17914       -1283.18657 -169.74852 -237.35760 -63.94404 -3574.06560 -4026.15985      801.251
19    3539.37420  65.07999 -233.03888 -303.09127 -8397.02291 -11235.80765       -1318.27450 -172.93130 -233.03888 -65.07999 -3539.37420 -4026.89926      848.681
20    3504.68280  66.21593 -228.72016 -308.54594 -8362.72804 -11169.43615       -1353.36244 -176.11407 -228.72016 -66.21593 -3504.68280 -4027.63867      896.352
21    3469.99141  67.35188 -224.40144 -314.00060 -8328.43318 -11103.06466       -1388.45037 -179.29684 -224.40144 -67.35188 -3469.99141 -4028.37809      944.227
22    3435.30001  68.48783 -220.08272 -319.45527 -8294.13832 -11036.69317       -1423.53830 -182.47961 -220.08272 -68.48783 -3435.30001 -4029.11750      992.276
23    3400.60861  69.62377 -215.76400 -324.90993 -8259.84346 -10970.32167       -1458.62623 -185.66239 -215.76400 -69.62377 -3400.60861 -4029.85691      1040.48
24    3365.91721  70.75972 -211.44528 -330.36459 -8225.54859 -10903.95018       -1493.71416 -188.84516 -211.44528 -70.75972 -3365.91721 -4030.59632      1087.36
25    3331.22582  71.89566 -207.12657 -335.81926 -8191.25373 -10837.57869       -1528.80210 -192.02793 -207.12657 -71.89566 -3331.22582 -4031.33573      1134.44
26    3296.53442  73.03161 -202.80785 -341.27392 -8156.95887 -10771.20720       -1563.89003 -195.21071 -202.80785 -73.03161 -3296.53442 -4032.07514      1181.73
27    3261.84302  74.16755 -198.48913 -346.72859 -8122.66400 -10704.83570       -1598.97796 -198.39348 -198.48913 -74.16755 -3261.84302 -4032.81455      1229.21
28    3227.15162  75.30350 -194.17041 -352.18325 -8088.36914 -10638.46421       -1634.06589 -201.57625 -194.17041 -75.30350 -3227.15162 -4033.55396      1276.85
29    3192.46023  76.43944 -189.85169 -357.63791 -8054.07428 -10572.09272       -1669.15382 -204.75903 -189.85169 -76.43944 -3192.46023 -4034.29337      1324.64
30    3157.76883  77.57539 -185.53297 -363.09258 -8019.77942 -10505.72122       -1704.24176 -207.94180 -185.53297 -77.57539 -3157.76883 -4035.03279      1372.56
31    3123.07743  78.71134 -181.21425 -368.54724 -7985.48455 -10439.34973       -1739.32969 -211.12457 -181.21425 -78.71134 -3123.07743 -4035.77220      1420.6
32    3088.38603  79.84728 -176.89554 -374.00191 -7951.18969 -10372.97824       -1774.41762 -214.30734 -176.89554 -79.84728 -3088.38603 -4036.51161      1468.75
33    3053.69464  80.98323 -172.57682 -379.45657 -7916.89483 -10306.60675       -1809.50555 -217.49012 -172.57682 -80.98323 -3053.69464 -4037.25102      1516.99
34    3019.00324  82.11917 -168.25810 -384.91123 -7882.59996 -10240.23525       -1844.59348 -220.67289 -168.25810 -82.11917 -3019.00324 -4037.99043      1565.33
35    2984.31184  83.25512 -163.93938 -390.36590 -7848.30510 -10173.86376       -1879.68142 -223.85566 -163.93938 -83.25512 -2984.31184 -4038.72984      1613.74
36    2949.62044  84.39106 -159.62066 -395.82056 -7814.01024 -10107.49227       -1914.76935 -227.03844 -159.62066 -84.39106 -2949.62044 -4039.46925      1662.22
37    2914.92905  85.52701 -155.30194 -401.27523 -7779.71537 -10041.12077       -1949.85728 -230.22121 -155.30194 -85.52701 -2914.92905 -4040.20866      1710.78
38    2880.23765  86.66295 -150.98322 -406.72989 -7745.42051 -9974.74928       -1984.94521 -233.40398 -150.98322 -86.66295 -2880.23765 -4040.94807      1759.39
39    2845.54625  87.79890 -146.66451 -412.18456 -7711.12565 -9908.37779       -2020.03314 -236.58676 -146.66451 -87.79890 -2845.54625 -4041.68748      1808.06
40    2810.85486  88.93485 -142.34579 -417.63922 -7676.83079 -9842.00630       -2055.12108 -239.76953 -142.34579 -88.93485 -2810.85486 -4042.42690      1856.78
41    2776.16346  90.07079 -138.02707 -423.09388 -7642.53592 -9775.63480       -2090.20901 -242.95230 -138.02707 -90.07079 -2776.16346 -4043.16631      1905.55
42    2741.47206  91.20674 -133.70835 -428.54855 -7608.24106 -9709.26331       -2125.29694 -246.13508 -133.70835 -91.20674 -2741.47206 -4043.90572      1954.37
43    2706.78066  92.34268 -129.38963 -434.00321 -7573.94620 -9642.89182       -2160.38487 -249.31785 -129.38963 -92.34268 -2706.78066 -4044.64513      2003.23
44    2672.08927  93.47863 -125.07091 -439.45788 -7539.65133 -9576.52032       -2195.47280 -252.50062 -125.07091 -93.47863 -2672.08927 -4045.38454      2052.12
45    2637.39787  94.61457 -120.75219 -444.91254 -7505.35647 -9510.14883       -2230.56074 -255.68339 -120.75219 -94.61457 -2637.39787 -4046.12395      2101.05
46    2602.70647  95.75052 -116.43348 -450.36720 -7471.06161 -9443.77734       -2265.64867 -258.86617 -116.43348 -95.75052 -2602.70647 -4046.86336      2150.01
47    2568.01507  96.88646 -112.11476 -455.82187 -7436.76675 -9377.40585       -2300.73660 -262.04894 -112.11476 -96.88646 -2568.01507 -4047.60277      2199.01
48    2533.32368  98.02241 -107.79604 -461.27653 -7402.47188 -9311.03435       -2335.82453 -265.23171 -107.79604 -98.02241 -2533.32368 -4048.34218      2248.03
49    2498.63228  99.15836 -103.47732 -466.73120 -7368.17702 -9244.66286       -2498.63228 -99.15836 -103.47732 -268.41449 -2370.91246 -4049.08159      2297.08
50    2463.94088 100.29430 -99.15860 -472.18586 -7333.88216 -9178.29137       -2463.94088 -100.29430 -99.15860 -271.59726 -2406.00040 -4049.82101      2346.15
51    2429.24948 101.43025 -94.83988 -477.64052 -7299.58729 -9111.91987       -2429.24948 -101.43025 -94.83988 -274.78003 -2441.08833 -4050.56042      2387.53
52    2394.55809 102.56619 -90.52116 -483.09519 -7265.29243 -9045.54838       -2394.55809 -102.56619 -90.52116 -277.96281 -2476.17626 -4051.29983      2338.16
53    2359.86669 103.70214 -86.20245 -488.54985 -7230.99757 -8979.17689       -2359.86669 -103.70214 -86.20245 -281.14558 -2511.26419 -4052.03924      2288.8
54    2325.17529 104.83808 -81.88373 -494.00452 -7196.70270 -8912.80540       -2325.17529 -104.83808 -81.88373 -284.32835 -2546.35212 -4052.77865      2239.46
55    2290.48389 105.97403 -77.56501 -499.45918 -7162.40784 -8846.43390       -2290.48389 -105.97403 -77.56501 -287.51112 -2581.44006 -4053.51806      2190.13
56    2255.79250 107.10997 -73.24629 -504.91384 -7128.11298 -8780.06241       -2255.79250 -107.10997 -73.24629 -290.69390 -2616.52799 -4054.25747      2140.81
57    2221.10110 108.24592 -68.92757 -510.36851 -7093.81812 -8713.69092       -2221.10110 -108.24592 -68.92757 -293.87667 -2651.61592 -4054.99688      2091.51
58    2186.40970 109.38186 -64.60885 -515.82317 -7059.52325 -8647.31942       -2186.40970 -109.38186 -64.60885 -297.05944 -2686.70385 -4055.73629      2042.23
59    2151.71830 110.51781 -60.29013 -521.27784 -7025.22839 -8580.94793       -2151.71830 -110.51781 -60.29013 -300.24222 -2721.79178 -4056.47570      1992.96
60    2117.02691 111.65376 -55.97142 -526.73250 -6990.93353 -8514.57644       -2117.02691 -111.65376 -55.97142 -303.42499 -2756.87972 -4057.21512      1943.72
61    2082.33551 112.78970 -51.65270 -532.18717 -6956.63866 -8448.20495       -2082.33551 -112.78970 -51.65270 -306.60776 -2791.96765 -4057.95453      1894.49
62    2047.64411 113.92565 -47.33398 -537.64183 -6922.34380 -8381.83345       -2047.64411 -113.92565 -47.33398 -309.79054 -2827.05558 -4058.69394      1845.29
63    2012.95271 115.06159 -43.01526 -543.09649 -6888.04894 -8315.46196       -2012.95271 -115.06159 -43.01526 -312.97331 -2862.14351 -4059.43335      1796.12
64    1978.26132 116.19754 -38.69654 -548.55116 -6853.75408 -8249.09047       -1978.26132 -116.19754 -38.69654 -316.15608 -2897.23144 -4060.17276      1746.97
65    1943.56992 117.33348 -34.37782 -554.00582 -6819.45921 -8182.71897       -1943.56992 -117.33348 -34.37782 -319.33885 -2932.31938 -4060.91217      1697.85
66    1908.87852 118.46943 -30.05910 -559.46049 -6785.16435 -8116.34748       -1908.87852 -118.46943 -30.05910 -322.52163 -2967.40731 -4061.65158      1648.76
67    1874.18712 119.60537 -25.74039 -564.91515 -6750.86949 -8049.97599       -1874.18712 -119.60537 -25.74039 -325.70440 -3002.49524 -4062.39099      1599.71
68    1839.49573 120.74132 -21.42167 -570.36981 -6716.57462 -7983.60450       -1839.49573 -120.74132 -21.42167 -328.88717 -3037.58317 -4063.13040      1550.69
69    1804.80433 121.87727 -17.10295 -575.82448 -6682.27976 -7917.23300       -1804.80433 -121.87727 -17.10295 -332.06995 -3072.67110 -4063.86981      1501.72
70    1770.11293 123.01321 -12.78423 -581.27914 -6647.98490 -7850.86151       -1770.11293 -123.01321 -12.78423 -335.25272 -3107.75904 -4064.60923      1452.79
71    1735.42153 124.14916  -8.46551 -586.73381 -6613.69003 -7784.49002       -1735.42153 -124.14916  -8.46551 -338.43549 -3142.84697 -4065.34864      1403.91
72    1700.73014 125.28510  -4.14679 -592.18847 -6579.39517 -7718.11853       -1700.73014 -125.28510  -4.14679 -341.61827 -3177.93490 -4066.08805      1355.09
73    1666.03874 126.42105   0.17193 -597.64313 -6545.10031 -7651.74703       -1665.86681 -344.62911  -0.17193 -126.24912 -3212.85091 -4066.99938      1306.27
74    1631.34734 127.55699   4.49064 -603.09780 -6510.80545 -7585.37554       -1626.85670 -343.49317  -4.49064 -123.06635 -3243.62012 -4072.05751      1256.03
75    1596.65594 128.69294   8.80936 -608.55246 -6476.51058 -7519.00405       -1587.84658 -342.35722  -8.80936 -119.88358 -3274.38933 -4077.11564      1205.79
76    1561.96455 129.82888  13.12808 -614.00713 -6442.21572 -7452.63255       -1548.83647 -341.22128 -13.12808 -116.70080 -3305.15855 -4082.17377      1155.55
77    1527.27315 130.96483  17.44680 -619.46179 -6407.92086 -7386.26106       -1509.82635 -340.08533 -17.44680 -113.51803 -3335.92776 -4087.23190      1105.31
78    1492.58175 132.10078  21.76552 -624.91646 -6373.62599 -7319.88957       -1470.81623 -338.94939 -21.76552 -110.33526 -3366.69697 -4092.29003      1055.07
79    1457.89035 133.23672  26.08424 -630.37112 -6339.33113 -7253.51808       -1431.80612 -337.81344 -26.08424 -107.15248 -3397.46619 -4097.34816      1004.83
80    1423.19896 134.37267  30.40296 -635.82578 -6305.03627 -7187.14658       -1392.79600 -336.67749 -30.40296 -103.96971 -3428.23540 -4102.40629      954.585
81    1388.50756 135.50861  34.72167 -641.28045 -6270.74141 -7120.77509       -1353.78589 -335.54155 -34.72167 -100.78694 -3459.00461 -4107.46442      904.344
82    1353.81616 136.64456  39.04039 -646.73511 -6236.44654 -7054.40360       -1314.77577 -334.40560 -39.04039 -97.60417 -3489.77383 -4112.52255      854.102
83    1319.12476 137.78050  43.35911 -652.18978 -6202.15168 -6988.03210       -1275.76565 -333.26966 -43.35911 -94.42139 -3520.54304 -4117.58068      803.861
84    1284.43337 138.91645  47.67783 -657.64444 -6167.85682 -6921.66061       -1236.75554 -332.13371 -47.67783 -91.23862 -3551.31225 -4122.63881      753.62
85    1249.74197 140.05239  51.99655 -663.09910 -6133.56195 -6855.28912       -1197.74542 -330.99777 -51.99655 -88.05585 -3582.08147 -4127.69694      703.378
86    1215.05057 141.18834  56.31527 -668.55377 -6099.26709 -6788.91763       -1158.73531 -329.86182 -56.31527 -84.87307 -3612.85068 -4132.75507      653.137
87    1180.35917 142.32429  60.63399 -674.00843 -6064.97223 -6722.54613       -1119.72519 -328.72588 -60.63399 -81.69030 -3643.61989 -4137.81320      602.896
88    1145.66778 143.46023  64.95270 -679.46310 -6030.67736 -6656.17464       -1080.71507 -327.58993 -64.95270 -78.50753 -3674.38911 -4142.87133      552.655
89    1110.97638 144.59618  69.27142 -684.91776 -5996.38250 -6589.80315       -1041.70496 -326.45398 -69.27142 -75.32475 -3705.15832 -4147.92946      502.413
90    1076.28498 145.73212  73.59014 -690.37242 -5962.08764 -6523.43165       -1002.69484 -325.31804 -73.59014 -72.14198 -3735.92753 -4152.98759      452.172
91    1041.59358 146.86807  77.90886 -695.82709 -5927.79278 -6457.06016       -963.68472 -324.18209 -77.90886 -68.95921 -3766.69675 -4158.04572      401.931
92    1006.90219 148.00401  82.22758 -701.28175 -5893.49791 -6390.68867       -924.67461 -323.04615 -82.22758 -65.77643 -3797.46596 -4163.10385      351.689
93    972.21079 149.13996  86.54630 -706.73642 -5859.20305 -6324.31718       -885.66449 -321.91020 -86.54630 -62.59366 -3828.23517 -4168.16198      301.448
94    937.51939 150.27590  90.86502 -712.19108 -5824.90819 -6257.94568       -846.65438 -320.77426 -90.86502 -59.41089 -3859.00439 -4173.22011      251.207
95    902.82799 151.41185  95.18373 -717.64574 -5790.61332 -6191.57419       -807.64426 -319.63831 -95.18373 -56.22812 -3889.77360 -4178.27824      200.965
96    868.13660 152.54780  99.50245 -723.10041 -5756.31846 -6125.20270       -768.63414 -318.50237 -99.50245 -53.04534 -3920.54281 -4183.33636      150.724
97    833.44520 153.68374 103.82117 -728.55507 -5722.02360 -6058.83120       -729.62403 -317.36642 -103.82117 -49.86257 -3951.31203 -4188.39449      100.483
98    798.75380 154.81969 108.13989 -734.00974 -5687.72874 -5992.45971       -690.61391 -316.23048 -108.13989 -46.67980 -3982.08124 -4193.45262      50.2413
99    764.06240 155.95563 112.45861 -739.46440 -5653.43387 -5926.08822       -651.60380 -315.09453 -112.45861 -43.49702 -4012.85045 -4198.51075      3.38015e-12
