Fol_2018-02-06.14_35_42.67_.txt     Output is probe cell, reduced cell, NCDist distance between
0    -167.40030  12.40002 -229.83987 -283.54723 148.58124 -77.00509       -63.38985 -71.57614  -9.68249 -64.60508 -90.39521 -77.00509      8.03887e-14
1    -166.34969  11.55177 -227.61606 -281.33570 146.16733 -77.00509       -66.00612 -69.16224 -12.28649 -65.45332 -89.34460 -77.00509      4.61258
2    -165.29908  10.70353 -225.39225 -279.12416 143.75343 -77.00509       -68.62239 -66.74834 -14.89048 -66.30156 -88.29399 -77.00509      9.22516
3    -164.24847   9.85528 -223.16844 -276.91262 141.33953 -77.00509       -71.23866 -64.33443 -17.49448 -67.14981 -87.24338 -77.00509      13.8377
4    -163.19786   9.00704 -220.94462 -274.70108 138.92562 -77.00509       -73.85493 -61.92053 -20.09847 -67.99805 -86.19277 -77.00509      18.4503    *****
5    -162.14725   8.15880 -218.72081 -272.48955 136.51172 -77.00509       -76.47120 -59.50663 -22.70247 -68.84630 -85.14215 -77.00509      23.0629
6    -161.09664   7.31055 -216.49700 -270.27801 134.09782 -77.00509       -79.08747 -57.09272 -25.30646 -69.69454 -84.09154 -77.00509      27.6755
7    -160.04602   6.46231 -214.27319 -268.06647 131.68391 -77.00509       -81.70374 -54.67882 -27.91046 -70.54278 -83.04093 -77.00509      29.8925
8    -158.99541   5.61406 -212.04938 -265.85494 129.27001 -77.00509       -84.32001 -52.26492 -30.51445 -71.39103 -81.99032 -77.00509      31.1315
9    -157.94480   4.76582 -209.82556 -263.64340 126.85610 -77.00509       -86.93628 -49.85101 -33.11845 -72.23927 -80.93971 -77.00509      32.9747
10    -156.89419   3.91758 -207.60175 -261.43186 124.44220 -77.00509       -89.55255 -47.43711 -35.72244 -73.08752 -79.88910 -77.00509      35.3276
11    -155.84358   3.06933 -205.37794 -259.22033 122.02830 -77.00509       -92.16882 -45.02321 -38.32644 -73.93576 -78.83849 -77.00509      38.0959
12    -154.79297   2.22109 -203.15413 -257.00879 119.61439 -77.00509       -94.78509 -42.60930 -40.93043 -74.78400 -77.78788 -77.00509      41.196
13    -153.74236   1.37284 -200.93032 -254.79725 117.20049 -77.00509       -97.40136 -43.53443 -40.19540 -75.63225 -77.00509 -76.73727      40.3236
14    -152.69175   0.52460 -198.70651 -252.58572 114.78659 -77.00509       -100.01763 -46.13842 -37.78150 -76.48049 -77.00509 -75.68666      37.8725    *****
15    -151.64114  -0.32364 -196.48269 -250.37418 112.37268 -77.00509       -102.63390 -48.74242 -35.36759 -77.32874 -77.00509 -74.63605      35.8499
16    -150.59053  -1.17189 -194.25888 -248.16264 109.95878 -77.00509       -77.00509 -78.17698 -32.95369 -51.34641 -105.25017 -73.58544      34.3315
17    -149.53992  -2.02013 -192.03507 -245.95110 107.54488 -77.00509       -77.00509 -79.02522 -30.53979 -53.95041 -107.86644 -72.53483      33.3862
18    -148.48931  -2.86838 -189.81126 -243.73957 105.13097 -77.00509       -77.00509 -79.87347 -28.12588 -56.55440 -110.48271 -71.48422      33.0633
19    -147.43870  -3.71662 -187.58745 -241.52803 102.71707 -77.00509       -77.00509 -80.72171 -25.71198 -59.15840 -113.09898 -70.43361      33.3807
20    -146.38809  -4.56487 -185.36363 -239.31649 100.30317 -77.00509       -77.00509 -81.56996 -23.29808 -61.76239 -115.71525 -69.38300      34.3208
21    -145.33748  -5.41311 -183.13982 -237.10496  97.88926 -77.00509       -77.00509 -82.41820 -20.88417 -64.36639 -118.33152 -68.33239      35.8345    *****
22    -144.28687  -6.26135 -180.91601 -234.89342  95.47536 -77.00509       -77.00509 -83.26644 -18.47027 -66.97038 -120.94779 -67.28177      37.8531
23    -143.23626  -7.10960 -178.69220 -232.68188  93.06146 -77.00509       -77.00509 -84.11469 -16.05636 -69.57438 -123.56406 -66.23116      40.3009
24    -142.18564  -7.95784 -176.46839 -230.47035  90.64755 -77.00509       -77.00509 -84.96293 -13.64246 -72.17837 -126.18033 -65.18055      43.1047
25    -141.13503  -8.80609 -174.24457 -228.25881  88.23365 -77.00509       -77.00509 -85.81118 -11.22856 -74.78237 -128.79660 -64.12994      46.1997
26    -140.08442  -9.65433 -172.02076 -226.04727  85.81975 -77.00509       -77.00509 -86.65942  -8.81465 -77.38636 -131.41287 -63.07933      49.5315
27    -139.03381 -10.50257 -169.79695 -223.83573  83.40584 -77.00509       -77.00509 -87.50766  -6.40075 -79.99036 -134.02914 -62.02872      53.0554
28    -137.98320 -11.35082 -167.57314 -221.62420  80.99194 -77.00509       -77.00509 -88.35591  -3.98685 -82.59435 -136.64541 -60.97811      56.7357
29    -136.93259 -12.19906 -165.34933 -219.41266  78.57804 -77.00509       -77.00509 -89.20415  -1.57294 -85.19835 -139.26168 -59.92750      60.5437
30    -135.88198 -13.04731 -163.12551 -217.20112  76.16413 -77.00509       -76.16413 -86.96138  -0.84096 -89.21144 -141.03699 -59.71785      62.8249
31    -134.83137 -13.89555 -160.90170 -214.98959  73.75023 -77.00509       -73.75023 -87.15147  -3.25486 -87.64578 -141.23936 -61.08114      61.3255
32    -133.78076 -14.74379 -158.67789 -212.77805  71.33633 -77.00509       -71.33633 -87.34157  -5.66877 -86.08012 -141.44173 -62.44444      60.0562
33    -132.73015 -15.59204 -156.45408 -210.56651  68.92242 -77.00509       -68.92242 -87.53166  -8.08267 -84.51446 -141.64409 -63.80773      59.0318
34    -131.67954 -16.44028 -154.23027 -208.35498  66.50852 -77.00509       -66.50852 -87.72175 -10.49657 -82.94880 -141.84646 -65.17102      58.2652
35    -130.62893 -17.28853 -152.00645 -206.14344  64.09461 -77.00509       -64.09461 -12.91048 -87.91184 -81.38314 -66.53431 -142.04882      57.7668
36    -129.57832 -18.13677 -149.78264 -203.93190  61.68071 -77.00509       -61.68071 -15.32438 -88.10193 -79.81748 -67.89761 -142.25119      57.5436
37    -128.52771 -18.98501 -147.55883 -201.72037  59.26681 -77.00509       -59.26681 -17.73828 -88.29202 -78.25182 -69.26090 -142.45356      57.5986
38    -127.47710 -19.83326 -145.33502 -199.50883  56.85290 -77.00509       -56.85290 -20.15219 -88.48211 -76.68616 -70.62419 -142.65592      57.9311
39    -126.42649 -20.68150 -143.11121 -197.29729  54.43900 -77.00509       -54.43900 -22.56609 -88.67221 -75.12050 -71.98749 -142.85829      58.5364
40    -125.37588 -21.52975 -140.88739 -195.08575  52.02510 -77.00509       -52.02510 -24.97999 -88.86230 -73.55484 -73.35078 -143.06066      59.4061
41    -124.32527 -22.37799 -138.66358 -192.87422  49.61119 -77.00509       -49.61119 -27.39390 -89.05239 -71.98918 -74.71407 -143.26302      60.5289
42    -123.27465 -23.22623 -136.43977 -190.66268  47.19729 -77.00509       -47.19729 -29.80780 -89.24248 -70.42352 -76.07736 -143.46539      61.8909
43    -122.22404 -24.07448 -134.21596 -188.45114  44.78339 -77.00509       -44.78339 -32.22170 -89.43257 -68.85787 -77.44066 -143.66776      63.4768
44    -121.17343 -24.92272 -131.99215 -186.23961  42.36948 -77.00509       -42.36948 -34.63561 -89.62266 -67.29221 -78.80395 -143.87012      65.2703
45    -120.12282 -25.77097 -129.76834 -184.02807  39.95558 -77.00509       -39.95558 -37.04951 -89.81276 -65.72655 -80.16724 -144.07249      67.2547
46    -119.07221 -26.61921 -127.54452 -181.81653  37.54168 -77.00509       -37.54168 -39.46342 -90.00285 -64.16089 -81.53054 -144.27486      69.4137
47    -118.02160 -27.46745 -125.32071 -179.60500  35.12777 -77.00509       -35.12777 -41.87732 -90.19294 -62.59523 -82.89383 -144.47722      70.17
48    -116.97099 -28.31570 -123.09690 -177.39346  32.71387 -77.00509       -32.71387 -44.29122 -90.38303 -61.02957 -84.25712 -144.67959      69.5494
49    -115.92038 -29.16394 -120.87309 -175.18192  30.29997 -77.00509       -30.29997 -46.70513 -90.57312 -59.46391 -85.62041 -144.88196      69.1555
50    -114.86977 -30.01219 -118.64928 -172.97039  27.88606 -77.00509       -27.88606 -49.11903 -90.76321 -57.89825 -86.98371 -145.08432      68.9923
51    -113.81916 -30.86043 -116.42546 -170.75885  25.47216 -77.00509       -25.47216 -51.53293 -90.95330 -56.33259 -88.34700 -145.28669      69.0614
52    -112.76855 -31.70867 -114.20165 -168.54731  23.05826 -77.00509       -23.05826 -53.94684 -91.14340 -54.76693 -89.71029 -145.48906      69.3621
53    -111.71794 -32.55692 -111.97784 -166.33577  20.64435 -77.00509       -20.64435 -56.36074 -91.33349 -53.20127 -91.07359 -145.69142      69.8913
54    -110.66733 -33.40516 -109.75403 -164.12424  18.23045 -77.00509       -18.23045 -58.77464 -91.52358 -51.63561 -92.43688 -145.89379      70.644
55    -109.61672 -34.25341 -107.53022 -161.91270  15.81655 -77.00509       -61.18855 -15.81655 -91.71367 -93.80017 -50.06995 -146.09616      71.6132
56    -108.56611 -35.10165 -105.30640 -159.70116  13.40264 -77.00509       -63.60245 -13.40264 -91.90376 -95.16346 -48.50429 -146.29852      72.79
57    -107.51550 -35.94989 -103.08259 -157.48963  10.98874 -77.00509       -66.01635 -10.98874 -92.09385 -96.52676 -46.93863 -146.50089      74.1648
58    -106.46489 -36.79814 -100.85878 -155.27809   8.57483 -77.00509       -68.43026  -8.57483 -92.28395 -97.89005 -45.37297 -146.70326      75.7266
59    -105.41427 -37.64638 -98.63497 -153.06655   6.16093 -77.00509       -70.84416  -6.16093 -92.47404 -99.25334 -43.80731 -146.90562      77.4643
60    -104.36366 -38.49463 -96.41116 -150.85502   3.74703 -77.00509       -73.25806  -3.74703 -92.66413 -100.61664 -42.24165 -147.10799      79.3661
61    -103.31305 -39.34287 -94.18734 -148.64348   1.33312 -77.00509       -75.67197  -1.33312 -92.85422 -101.97993 -40.67600 -147.31035      80.9551
62    -102.26244 -40.19111 -91.96353 -146.43194  -1.08078 -77.00509       -77.00509  -1.08078 -102.26244 -91.96353 -40.19111 -146.43194      80.28
63    -101.21183 -41.03936 -89.73972 -144.22041  -3.49468 -77.00509       -77.00509  -3.49468 -101.21183 -89.73972 -41.03936 -144.22041      76.97    *****
64    -100.16122 -41.88760 -87.51591 -142.00887  -5.90859 -77.00509       -77.00509  -5.90859 -100.16122 -87.51591 -41.88760 -142.00887      73.7485
65    -99.11061 -42.73585 -85.29210 -139.79733  -8.32249 -77.00509       -77.00509  -8.32249 -99.11061 -85.29210 -42.73585 -139.79733      70.6277
66    -98.06000 -43.58409 -83.06828 -137.58579 -10.73639 -77.00509       -77.00509 -10.73639 -98.06000 -83.06828 -43.58409 -137.58579      67.6216
67    -97.00939 -44.43234 -80.84447 -135.37426 -13.15030 -77.00509       -77.00509 -13.15030 -97.00939 -80.84447 -44.43234 -135.37426      64.7462
68    -95.95878 -45.28058 -78.62066 -133.16272 -15.56420 -77.00509       -77.00509 -15.56420 -95.95878 -78.62066 -45.28058 -133.16272      62.0195
69    -94.90817 -46.12882 -76.39685 -130.95118 -17.97810 -77.00509       -77.00509 -17.97810 -94.90817 -76.39685 -46.12882 -130.95118      59.4622
70    -93.85756 -46.97707 -74.17304 -128.73965 -20.39201 -77.00509       -77.00509 -20.39201 -93.85756 -74.17304 -46.97707 -128.73965      57.0969
71    -92.80695 -47.82531 -71.94923 -126.52811 -22.80591 -77.00509       -77.00509 -22.80591 -92.80695 -71.94923 -47.82531 -126.52811      54.9484
72    -91.75634 -48.67356 -69.72541 -124.31657 -25.21981 -77.00509       -77.00509 -25.21981 -91.75634 -69.72541 -48.67356 -124.31657      53.0432
73    -90.70573 -49.52180 -67.50160 -122.10504 -27.63372 -77.00509       -77.00509 -27.63372 -90.70573 -67.50160 -49.52180 -122.10504      51.4081
74    -89.65512 -50.37004 -65.27779 -119.89350 -30.04762 -77.00509       -77.00509 -30.04762 -89.65512 -65.27779 -50.37004 -119.89350      50.0699
75    -88.60451 -51.21829 -63.05398 -117.68196 -32.46152 -77.00509       -77.00509 -32.46152 -88.60451 -63.05398 -51.21829 -117.68196      49.0526
76    -87.55389 -52.06653 -60.83017 -115.47043 -34.87543 -77.00509       -77.00509 -34.87543 -87.55389 -60.83017 -52.06653 -115.47043      48.3766
77    -86.50328 -52.91478 -58.60635 -113.25889 -37.28933 -77.00509       -52.91478 -58.60635 -86.50328 -37.28933 -77.00509 -113.25889      48.0563
78    -85.45267 -53.76302 -56.38254 -111.04735 -39.70323 -77.00509       -53.76302 -56.38254 -85.45267 -39.70323 -77.00509 -111.04735      48.0988
79    -84.40206 -54.61126 -54.15873 -108.83581 -42.11714 -77.00509       -54.61126 -54.15873 -84.40206 -42.11714 -77.00509 -108.83581      48.5031
80    -83.35145 -55.45951 -51.93492 -106.62428 -44.53104 -77.00509       -55.45951 -83.35145 -51.93492 -44.53104 -106.62428 -77.00509      49.2603
81    -82.30084 -56.30775 -49.71111 -104.41274 -46.94494 -77.00509       -56.30775 -82.30084 -49.71111 -46.94494 -104.41274 -77.00509      47.7057    *****
82    -81.25023 -57.15600 -47.48729 -102.20120 -49.35885 -77.00509       -57.15600 -81.25023 -47.48729 -49.35885 -102.20120 -77.00509      43.9714
83    -80.19962 -58.00424 -45.26348 -99.98967 -51.77275 -77.00509       -58.00424 -80.19962 -45.26348 -51.77275 -99.98967 -77.00509      40.3249
84    -79.14901 -58.85248 -43.03967 -97.77813 -54.18666 -77.00509       -58.85248 -79.14901 -43.03967 -54.18666 -97.77813 -77.00509      36.7925
85    -78.09840 -59.70073 -40.81586 -95.56659 -56.60056 -77.00509       -59.70073 -78.09840 -40.81586 -56.60056 -95.56659 -77.00509      33.4104
86    -77.04779 -60.54897 -38.59205 -93.35506 -59.01446 -77.00509       -60.54897 -77.04779 -38.59205 -59.01446 -93.35506 -77.00509      30.2289
87    -75.99718 -61.39722 -36.36823 -91.14352 -61.42837 -77.00509       -61.39722 -75.99718 -36.36823 -61.42837 -91.14352 -77.00509      27.3184
88    -74.94657 -62.24546 -34.14442 -88.93198 -63.84227 -77.00509       -62.24546 -74.94657 -34.14442 -63.84227 -88.93198 -77.00509      24.7746
89    -73.89596 -63.09370 -31.92061 -86.72045 -66.25617 -77.00509       -63.09370 -73.89596 -31.92061 -66.25617 -86.72045 -77.00509      22.7208
90    -72.84535 -63.94195 -29.69680 -84.50891 -68.67008 -77.00509       -63.94195 -72.84535 -29.69680 -68.67008 -84.50891 -77.00509      21.2993
91    -71.79474 -64.79019 -27.47299 -82.29737 -71.08398 -77.00509       -64.79019 -71.79474 -27.47299 -71.08398 -82.29737 -77.00509      20.6413
92    -70.74413 -65.63844 -25.24917 -80.08583 -73.49788 -77.00509       -65.63844 -70.74413 -25.24917 -73.49788 -80.08583 -77.00509      20.8191
93    -69.69351 -66.48668 -23.02536 -77.87430 -75.91179 -77.00509       -69.69351 -66.48668 -23.02536 -77.87430 -75.91179 -77.00509      21.8124
94    -68.64290 -67.33492 -20.80155 -75.66276 -78.32569 -77.00509       -68.64290 -67.33492 -20.80155 -75.66276 -78.32569 -77.00509      20.9084
95    -67.59229 -68.18317 -18.57774 -73.45122 -80.73959 -77.00509       -67.59229 -68.18317 -18.57774 -73.45122 -80.73959 -77.00509      16.7267    *****
96    -66.54168 -69.03141 -16.35393 -71.23969 -83.15350 -77.00509       -66.54168 -69.03141 -16.35393 -71.23969 -83.15350 -77.00509      12.545
97    -65.49107 -69.87966 -14.13012 -69.02815 -85.56740 -77.00509       -65.49107 -69.87966 -14.13012 -69.02815 -85.56740 -77.00509      8.36336
98    -64.44046 -70.72790 -11.90630 -66.81661 -87.98130 -77.00509       -64.44046 -70.72790 -11.90630 -66.81661 -87.98130 -77.00509      4.18168
99    -63.38985 -71.57614  -9.68249 -64.60508 -90.39521 -77.00509       -63.38985 -71.57614  -9.68249 -64.60508 -90.39521 -77.00509      0
