Fol_2018-02-06.15_29_06.21_.txt     Output is probe cell, reduced cell, NCDist distance between
0    -125.15414 -111.51811  40.27876 -42.03809 -92.92717  38.14850       -71.23935  -2.13026  -1.75932 -84.87538 -40.27876 -52.64841      6.11232e-14
1    -123.46533 -110.37389  39.91119 -42.56713 -93.43038  36.17655       -70.46270  -3.73465  -2.65594 -83.55414 -39.91119 -53.51918      2.57297
2    -121.77652 -109.22967  39.54363 -43.09618 -93.93358  34.20459       -69.68605  -5.33903  -3.55256 -82.23290 -39.54363 -54.38995      5.14595
3    -120.08771 -108.08546  39.17606 -43.62523 -94.43678  32.23264       -68.90940  -6.94342  -4.44917 -80.91165 -39.17606 -55.26072      7.71892
4    -118.39890 -106.94124  38.80849 -44.15428 -94.93999  30.26069       -68.13275  -8.54781  -5.34579 -79.59041 -38.80849 -56.13150      10.2919
5    -116.71009 -105.79702  38.44092 -44.68333 -95.44319  28.28873       -67.35610 -10.15219  -6.24240 -78.26917 -38.44092 -57.00227      12.8649
6    -115.02128 -104.65281  38.07336 -45.21238 -95.94640  26.31678       -66.57945 -11.75658  -7.13902 -76.94792 -38.07336 -57.87304      15.4378
7    -113.33247 -103.50859  37.70579 -45.74142 -96.44960  24.34483       -65.80280 -13.36096  -8.03563 -75.62668 -37.70579 -58.74381      18.0108
8    -111.64366 -102.36438  37.33822 -46.27047 -96.95281  22.37288       -65.02615 -14.96535  -8.93225 -74.30544 -37.33822 -59.61459      20.5838
9    -109.95485 -101.22016  36.97066 -46.79952 -97.45601  20.40092       -64.24950 -16.56973  -9.82887 -72.98419 -36.97066 -60.48536      23.1568
10    -108.26604 -100.07594  36.60309 -47.32857 -97.95922  18.42897       -63.47285 -18.17412 -10.72548 -71.66295 -36.60309 -61.35613      25.7297
11    -106.57723 -98.93173  36.23552 -47.85762 -98.46242  16.45702       -62.69621 -19.77850 -11.62210 -70.34171 -36.23552 -62.22690      28.3027
12    -104.88842 -97.78751  35.86795 -48.38667 -98.96563  14.48506       -61.91956 -21.38289 -12.51871 -69.02047 -35.86795 -63.09767      30.8757
13    -103.19961 -96.64329  35.50039 -48.91572 -99.46883  12.51311       -61.14291 -22.98727 -13.41533 -67.69922 -35.50039 -63.96845      33.4486
14    -101.51080 -95.49908  35.13282 -49.44476 -99.97204  10.54116       -60.36626 -24.59166 -14.31195 -66.37798 -35.13282 -64.83922      36.0216
15    -99.82199 -94.35486  34.76525 -49.97381 -100.47524   8.56920       -59.58961 -26.19605 -15.20856 -65.05674 -34.76525 -65.70999      38.5382
16    -98.13318 -93.21064  34.39768 -50.50286 -100.97845   6.59725       -58.81296 -27.80043 -16.10518 -63.73549 -34.39768 -66.58076      40.5319
17    -96.44437 -92.06643  34.03012 -51.03191 -101.48165   4.62530       -58.03631 -29.40482 -17.00179 -62.41425 -34.03012 -67.45153      42.5878
18    -94.75556 -90.92221  33.66255 -51.56096 -101.98485   2.65335       -31.00920 -57.25966 -17.89841 -33.66255 -61.09301 -68.32231      44.6972
19    -93.06675 -89.77799  33.29498 -52.09001 -102.48806   0.68139       -32.61359 -56.48301 -18.79503 -33.29498 -59.77177 -69.19308      46.853
20    -91.37794 -88.63378  32.92741 -52.61905 -102.99126  -1.29056       -34.21797 -55.70636 -19.69164 -32.92741 -58.45052 -70.06385      49.0491
21    -89.68913 -87.48956  32.55985 -53.14810 -103.49447  -3.26251       -57.12928 -32.55985 -20.58826 -54.92972 -35.82236 -70.93462      49.947
22    -88.00032 -86.34534  32.19228 -53.67715 -103.99767  -5.23447       -55.80804 -32.19228 -21.48487 -54.15307 -37.42674 -71.80539      50.2935
23    -86.31150 -85.20113  31.82471 -54.20620 -104.50088  -7.20642       -54.48679 -31.82471 -22.38149 -53.37642 -39.03113 -72.67617      50.7681
24    -84.62269 -84.05691  31.45714 -54.73525 -105.00408  -9.17837       -53.16555 -31.45714 -23.27810 -52.59977 -40.63552 -73.54694      51.3674
25    -82.93388 -82.91270  31.08958 -55.26430 -105.50729 -11.15032       -51.84431 -31.08958 -24.17472 -51.82312 -42.23990 -74.41771      52.087
26    -81.24507 -81.76848  30.72201 -55.79335 -106.01049 -13.12228       -50.52306 -30.72201 -25.07134 -51.04647 -43.84429 -75.28848      52.922
27    -79.55626 -80.62426  30.35444 -56.32239 -106.51370 -15.09423       -49.20182 -30.35444 -25.96795 -50.26982 -45.44867 -76.15925      53.8672
28    -77.86745 -79.48005  29.98687 -56.85144 -107.01690 -17.06618       -47.88058 -29.98687 -26.86457 -49.49317 -47.05306 -77.03003      54.7187
29    -76.17864 -78.33583  29.61931 -57.38049 -107.52011 -19.03814       -46.55934 -29.61931 -27.76118 -48.71652 -48.65744 -77.90080      55.2157
30    -74.48983 -77.19161  29.25174 -57.90954 -108.02331 -21.01009       -45.23809 -29.25174 -28.65780 -47.93987 -50.26183 -78.77157      55.827
31    -72.80102 -76.04740  28.88417 -58.43859 -108.52651 -22.98204       -43.91685 -28.88417 -29.55442 -47.16322 -51.86621 -79.64234      56.5489
32    -71.11221 -74.90318  28.51660 -58.96764 -109.02972 -24.95399       -42.59561 -28.51660 -30.45103 -46.38658 -53.47060 -80.51312      55.9835
33    -69.42340 -73.75896  28.14904 -59.49668 -109.53292 -26.92595       -41.27436 -28.14904 -31.34765 -45.60993 -55.07498 -81.38389      54.1448    *****
34    -67.73459 -72.61475  27.78147 -60.02573 -110.03613 -28.89790       -39.95312 -27.78147 -32.24426 -44.83328 -56.67937 -82.25466      52.368
35    -66.04578 -71.47053  27.41390 -60.55478 -110.53933 -30.86985       -38.63188 -27.41390 -33.14088 -44.05663 -58.28376 -83.12543      50.6595
36    -64.35697 -70.32631  27.04633 -61.08383 -111.04254 -32.84181       -37.31063 -27.04633 -34.03749 -43.27998 -59.88814 -83.99620      49.0267
37    -62.66816 -69.18210  26.67877 -61.61288 -111.54574 -34.81376       -35.98939 -26.67877 -34.93411 -42.50333 -61.49253 -84.86698      47.4772
38    -60.97935 -68.03788  26.31120 -62.14193 -112.04895 -36.78571       -34.66815 -26.31120 -35.83073 -41.72668 -63.09691 -85.73775      46.0195
39    -59.29054 -66.89366  25.94363 -62.67097 -112.55215 -38.75767       -33.34691 -25.94363 -36.72734 -40.95003 -64.70130 -86.60852      44.6625
40    -57.60173 -65.74945  25.57607 -63.20002 -113.05536 -40.72962       -32.02566 -25.57607 -37.62396 -40.17338 -66.30568 -87.47929      43.4157
41    -55.91292 -64.60523  25.20850 -63.72907 -113.55856 -42.70157       -30.70442 -25.20850 -38.52057 -39.39673 -67.91007 -88.35006      42.2889
42    -54.22411 -63.46102  24.84093 -64.25812 -114.06177 -44.67352       -29.38318 -24.84093 -39.41719 -38.62008 -69.51445 -89.22084      41.2919
43    -52.53530 -62.31680  24.47336 -64.78717 -114.56497 -46.64548       -28.06193 -24.47336 -40.31381 -37.84344 -71.11884 -90.09161      40.1596
44    -50.84649 -61.17258  24.10580 -65.31622 -115.06818 -48.61743       -26.74069 -24.10580 -41.21042 -37.06679 -72.72323 -90.96238      38.9011
45    -49.15768 -60.02837  23.73823 -65.84527 -115.57138 -50.58938       -25.41945 -42.10704 -23.73823 -36.29014 -91.83315 -74.32761      37.7761
46    -47.46887 -58.88415  23.37066 -66.37431 -116.07458 -52.56134       -24.09820 -43.00365 -23.37066 -35.51349 -92.70392 -75.93200      36.797
47    -45.78005 -57.73993  23.00309 -66.90336 -116.57779 -54.53329       -22.77696 -43.90027 -23.00309 -34.73684 -93.57470 -77.53638      35.9756
48    -44.09124 -56.59572  22.63553 -67.43241 -117.08099 -56.50524       -21.45572 -44.79688 -22.63553 -33.96019 -94.44547 -79.14077      35.3229
49    -42.40243 -55.45150  22.26796 -67.96146 -117.58420 -58.47719       -20.13448 -45.69350 -22.26796 -33.18354 -95.31624 -80.74515      34.8483
50    -40.71362 -54.30728  21.90039 -68.49051 -118.08740 -60.44915       -18.81323 -46.59012 -21.90039 -32.40689 -96.18701 -82.34954      34.5594
51    -39.02481 -53.16307  21.53282 -69.01956 -118.59061 -62.42110       -17.49199 -47.48673 -21.53282 -31.63024 -97.05778 -83.95392      34.4606
52    -37.33600 -52.01885  21.16526 -69.54860 -119.09381 -64.39305       -16.17075 -48.38335 -21.16526 -30.85359 -97.92856 -85.55831      34.5537
53    -35.64719 -50.87463  20.79769 -70.07765 -119.59702 -66.36501       -14.84950 -49.27996 -20.79769 -30.07695 -98.79933 -87.16270      34.8371
54    -33.95838 -49.73042  20.43012 -70.60670 -120.10022 -68.33696       -13.52826 -50.17658 -20.43012 -29.30030 -99.67010 -88.76708      35.3062
55    -32.26957 -48.58620  20.06255 -71.13575 -120.60343 -70.30891       -12.20702 -51.07320 -20.06255 -28.52365 -100.54087 -90.37147      35.9538
56    -30.58076 -47.44198  19.69499 -71.66480 -121.10663 -72.28087       -10.88577 -51.96981 -19.69499 -27.74700 -101.41164 -91.97585      36.7704
57    -28.89195 -46.29777  19.32742 -72.19385 -121.60984 -74.25282        -9.56453 -52.86643 -19.32742 -26.97035 -102.28242 -93.58024      37.745
58    -27.20314 -45.15355  18.95985 -72.72289 -122.11304 -76.22477        -8.24329 -53.76304 -18.95985 -26.19370 -103.15319 -95.18462      38.8659
59    -25.51433 -44.00934  18.59228 -73.25194 -122.61625 -78.19672        -6.92205 -54.65966 -18.59228 -25.41705 -104.02396 -96.78901      40.1206
60    -23.82552 -42.86512  18.22472 -73.78099 -123.11945 -80.16868        -5.60080 -55.55627 -18.22472 -24.64040 -104.89473 -98.39339      41.4971
61    -22.13671 -41.72090  17.85715 -74.31004 -123.62265 -82.14063        -4.27956 -56.45289 -17.85715 -23.86375 -105.76551 -99.99778      42.9837
62    -20.44790 -40.57669  17.48958 -74.83909 -124.12586 -84.11258        -2.95832 -57.34951 -17.48958 -23.08710 -106.63628 -101.60216      44.5693
63    -18.75909 -39.43247  17.12201 -75.36814 -124.62906 -86.08454        -1.63707 -58.24612 -17.12201 -22.31045 -107.50705 -103.20655      46.2439
64    -17.07028 -38.28825  16.75445 -75.89719 -125.13227 -88.05649        -0.31583 -59.14274 -16.75445 -21.53381 -108.37782 -104.81094      47.9979
65    -15.38147 -37.14404  16.38688 -76.42623 -125.63547 -90.02844       -105.40991  -1.00541 -15.38147 -108.24318 -21.76257 -59.03394      47.7926
66    -13.69266 -35.99982  16.01931 -76.95528 -126.13868 -92.00039       -105.69305  -2.32665 -13.69266 -107.79271 -22.30716 -58.60932      47.0448
67    -12.00385 -34.85560  15.65174 -77.48433 -126.64188 -93.97235       -105.97619  -3.64790 -12.00385 -107.34224 -22.85176 -58.18469      46.4006
68    -10.31504 -33.71139  15.28418 -78.01338 -127.14509 -95.94430       -106.25934  -4.96914 -10.31504 -106.89177 -23.39635 -57.76006      45.8642
69     -8.62623 -32.56717  14.91661 -78.54243 -127.64829 -97.91625       -106.54248  -6.29038  -8.62623 -106.44130 -23.94094 -57.33543      45.4396
70     -6.93742 -31.42295  14.54904 -79.07148 -128.15150 -99.88821       -106.82562  -7.61163  -6.93742 -105.99083 -24.48554 -56.91081      45.1298
71     -5.24861 -30.27874  14.18148 -79.60052 -128.65470 -101.86016       -107.10876  -8.93287  -5.24861 -105.54036 -25.03013 -56.48618      44.9372
72     -3.55979 -29.13452  13.81391 -80.12957 -129.15791 -103.83211       -107.39191 -10.25411  -3.55979 -105.08989 -25.57473 -56.06155      44.8635
73     -1.87098 -27.99030  13.44634 -80.65862 -129.66111 -105.80407       -107.67505 -11.57536  -1.87098 -104.63941 -26.11932 -55.63693      44.909
74     -0.18217 -26.84609  13.07877 -81.18767 -130.16431 -107.77602       -107.95819 -12.89660  -0.18217 -104.18894 -26.66391 -55.21230      45.0736
75      1.50664 -25.70187  12.71121 -81.71672 -130.66752 -109.74797        -1.50664 -25.70187 -12.71121 -56.29431 -102.23184 -106.73470      43.6986    *****
76      3.19545 -24.55766  12.34364 -82.24577 -131.17072 -111.71992        -3.19545 -24.55766 -12.34364 -57.55849 -100.09255 -105.32903      42.3532
77      4.88426 -23.41344  11.97607 -82.77481 -131.67393 -113.69188        -4.88426 -23.41344 -11.97607 -58.82267 -97.95327 -103.92336      41.2664
78      6.57307 -22.26922  11.60850 -83.30386 -132.17713 -115.66383        -6.57307 -22.26922 -11.60850 -60.08686 -95.81399 -102.51769      40.459
79      8.26188 -21.12501  11.24094 -83.83291 -132.68034 -117.63578        -8.26188 -21.12501 -11.24094 -61.35104 -93.67471 -101.11203      39.9479
80      9.95069 -19.98079  10.87337 -84.36196 -133.18354 -119.60774        -9.95069 -19.98079 -10.87337 -62.61522 -91.53543 -99.70636      39.7447
81     11.63950 -18.83657  10.50580 -84.89101 -133.68675 -121.57969       -11.63950 -18.83657 -10.50580 -63.87941 -89.39615 -98.30069      39.8539
82     13.32831 -17.69236  10.13823 -85.42006 -134.18995 -123.55164       -13.32831 -17.69236 -10.13823 -65.14359 -87.25687 -96.89502      40.2731
83     15.01712 -16.54814   9.77067 -85.94911 -134.69316 -125.52359       -15.01712 -16.54814  -9.77067 -66.40777 -85.11759 -95.48936      40.9928
84     16.70593 -15.40392   9.40310 -86.47815 -135.19636 -127.49555       -16.70593 -15.40392  -9.40310 -67.67196 -82.97830 -94.08369      41.9975
85     18.39474 -14.25971   9.03553 -87.00720 -135.69957 -129.46750       -18.39474 -14.25971  -9.03553 -68.93614 -80.83902 -92.67802      43.2673
86     20.08355 -13.11549   8.66796 -87.53625 -136.20277 -131.43945       -20.08355 -13.11549  -8.66796 -70.20032 -78.69974 -91.27235      44.3531
87     21.77236 -11.97127   8.30040 -88.06530 -136.70598 -133.41141       -21.77236 -11.97127  -8.30040 -71.46451 -76.56046 -89.86668      40.8375    *****
88     23.46117 -10.82706   7.93283 -88.59435 -137.20918 -135.38336       -23.46117 -10.82706  -7.93283 -72.72869 -74.42118 -88.46102      37.3243
89     25.14998  -9.68284   7.56526 -89.12340 -137.71238 -137.35531       -25.14998  -9.68284  -7.56526 -73.99287 -72.28190 -87.05535      33.8141
90     26.83879  -8.53862   7.19769 -89.65244 -138.21559 -139.32726       -26.83879  -8.53862  -7.19769 -75.25706 -70.14262 -85.64968      30.308
91     28.52760  -7.39441   6.83013 -90.18149 -138.71879 -141.29922       -28.52760  -7.39441  -6.83013 -76.52124 -68.00334 -84.24401      26.8078
92     30.21641  -6.25019   6.46256 -90.71054 -139.22200 -143.27117       -30.21641  -6.25019  -6.46256 -77.78542 -65.86405 -82.83834      23.3159
93     31.90522  -5.10597   6.09499 -91.23959 -139.72520 -145.24312       -31.90522  -5.10597  -6.09499 -79.04961 -63.72477 -81.43268      19.8368
94     33.59403  -3.96176   5.72742 -91.76864 -140.22841 -147.21508       -33.59403  -3.96176  -5.72742 -80.31379 -61.58549 -80.02701      16.3786
95     35.28284  -2.81754   5.35986 -92.29769 -140.73161 -149.18703       -35.28284  -2.81754  -5.35986 -81.57797 -59.44621 -78.62134      12.9582
96     36.97165  -1.67333   4.99229 -92.82673 -141.23482 -151.15898       -36.97165  -1.67333  -4.99229 -82.84216 -57.30693 -77.21567      9.6158
97     38.66047  -0.52911   4.62472 -93.35578 -141.73802 -153.13094       -38.66047  -0.52911  -4.62472 -84.10634 -55.16765 -75.81000      6.47357
98     40.34928   0.61511   4.25715 -93.88483 -142.24123 -155.10289       -73.78923  -3.64205  -0.61511 -84.75542 -39.73417 -53.64347      3.37606
99     42.03809   1.75932   3.88959 -94.41388 -142.74443 -157.07484       -71.23935  -2.13026  -1.75932 -84.87538 -40.27876 -52.64841      0
