Fol_2018-02-06.16_06_09.95_.txt     Output is probe cell, reduced cell, NCDist distance between
0      6.05202 -181.24388 -97.65438  79.78414 -159.36018 -95.48823       -79.78414 -17.87024 -15.70409 -73.73212 -79.57604 -101.45974      7.51968e-14
1      5.18498 -179.59364 -96.82660  78.23347 -158.55428 -95.54855       -78.23347 -18.59313 -17.31508 -73.04849 -80.32081 -101.36017      2.56015
2      4.31795 -177.94340 -95.99882  76.68280 -157.74838 -95.60887       -76.68280 -19.31602 -18.92607 -72.36485 -81.06558 -101.26060      5.1203
3      3.45092 -176.29316 -95.17104  75.13213 -156.94248 -95.66919       -75.13213 -20.03891 -20.53706 -71.68121 -81.81035 -101.16103      7.68046
4      2.58389 -174.64292 -94.34326  73.58146 -156.13658 -95.72951       -73.58146 -20.76180 -22.14804 -70.99758 -82.55512 -101.06146      10.2406
5      1.71686 -172.99268 -93.51548  72.03079 -155.33068 -95.78983       -72.03079 -21.48469 -23.75903 -70.31394 -83.29989 -100.96189      12.8008
6      0.84982 -171.34245 -92.68770  70.48013 -154.52478 -95.85014       -70.48013 -22.20757 -25.37002 -69.63030 -84.04466 -100.86232      15.3609
7     -0.01721 -169.69221 -91.85992  68.92946 -153.71888 -95.91046       -68.92946 -22.93046 -26.98101 -68.94666 -84.78942 -100.76275      17.9211
8     -0.88424 -168.04197 -91.03214  67.37879 -152.91298 -95.97078       -67.37879 -23.65335 -28.59199 -68.26303 -85.53419 -100.66318      20.4812
9     -1.75127 -166.39173 -90.20436  65.82812 -152.10708 -96.03110       -65.82812 -24.37624 -30.20298 -67.57939 -86.27896 -100.56361      23.0414
10     -2.61830 -164.74149 -89.37658  64.27745 -151.30118 -96.09142       -64.27745 -25.09913 -31.81397 -66.89575 -87.02373 -100.46404      25.6015
11     -3.48533 -163.09125 -88.54880  62.72678 -150.49528 -96.15173       -62.72678 -25.82202 -33.42496 -66.21211 -87.76850 -100.36447      28.1617
12     -4.35237 -161.44101 -87.72101  61.17611 -149.68938 -96.21205       -61.17611 -26.54491 -35.03594 -65.52848 -88.51327 -100.26490      30.7218
13     -5.21940 -159.79077 -86.89323  59.62544 -148.88348 -96.27237       -59.62544 -27.26779 -36.64693 -64.84484 -89.25804 -100.16533      33.282
14     -6.08643 -158.14054 -86.06545  58.07477 -148.07758 -96.33269       -58.07477 -38.25792 -27.99068 -64.16120 -100.06577 -90.00281      35.8421
15     -6.95346 -156.49030 -85.23767  56.52410 -147.27168 -96.39301       -56.52410 -39.86891 -28.71357 -63.47756 -99.96620 -90.74758      38.4023
16     -7.82049 -154.84006 -84.40989  54.97343 -146.46578 -96.45333       -54.97343 -41.47989 -29.43646 -62.79393 -99.86663 -91.49235      40.9624
17     -8.68753 -153.18982 -83.58211  53.42276 -145.65988 -96.51364       -53.42276 -43.09088 -30.15935 -62.11029 -99.76706 -92.23711      43.5226
18     -9.55456 -151.53958 -82.75433  51.87209 -144.85398 -96.57396       -51.87209 -44.70187 -30.88224 -61.42665 -99.66749 -92.98188      46.0827
19    -10.42159 -149.88934 -81.92655  50.32142 -144.04808 -96.63428       -50.32142 -46.31286 -31.60513 -60.74301 -99.56792 -93.72665      48.6429
20    -11.28862 -148.23910 -81.09877  48.77075 -143.24218 -96.69460       -48.77075 -47.92384 -32.32802 -60.05938 -99.46835 -94.47142      51.203
21    -12.15565 -146.58886 -80.27099  47.22008 -142.43627 -96.75492       -47.22008 -49.53483 -33.05090 -59.37574 -99.36878 -95.21619      53.7632
22    -13.02269 -144.93863 -79.44321  45.66942 -141.63037 -96.81524       -45.66942 -51.14582 -33.77379 -58.69210 -99.26921 -95.96096      55.1179
23    -13.88972 -143.28839 -78.61543  44.11875 -140.82447 -96.87555       -44.11875 -52.75681 -34.49668 -58.00846 -99.16964 -96.70573      53.9208
24    -14.75675 -141.63815 -77.78765  42.56808 -140.01857 -96.93587       -42.56808 -54.36779 -35.21957 -57.32483 -99.07007 -97.45050      52.8207
25    -15.62378 -139.98791 -76.95987  41.01741 -139.21267 -96.99619       -41.01741 -55.97878 -35.94246 -56.64119 -98.97050 -98.19527      51.8239
26    -16.49081 -138.33767 -76.13208  39.46674 -138.40677 -97.05651       -39.46674 -57.58977 -36.66535 -55.95755 -98.87093 -98.94003      50.9364
27    -17.35784 -136.68743 -75.30430  37.91607 -137.60087 -97.11683       -37.91607 -59.20076 -37.38824 -55.27391 -98.77136 -99.68480      50.1639
28    -18.22488 -135.03719 -74.47652  36.36540 -136.79497 -97.17714       -36.36540 -60.81174 -38.11112 -54.59028 -98.67179 -100.42957      49.512
29    -19.09191 -133.38695 -73.64874  34.81473 -135.98907 -97.23746       -34.81473 -62.42273 -38.83401 -53.90664 -98.57222 -101.17434      48.9853
30    -19.95894 -131.73672 -72.82096  33.26406 -135.18317 -97.29778       -33.26406 -64.03372 -39.55690 -53.22300 -98.47265 -101.91911      48.588
31    -20.82597 -130.08648 -71.99318  31.71339 -134.37727 -97.35810       -31.71339 -65.64471 -40.27979 -52.53936 -98.37309 -102.66388      48.3232
32    -21.69300 -128.43624 -71.16540  30.16272 -133.57137 -97.41842       -30.16272 -67.25570 -41.00268 -51.85573 -98.27352 -103.40865      48.1931
33    -22.56004 -126.78600 -70.33762  28.61205 -132.76547 -97.47874       -28.61205 -68.86668 -41.72557 -51.17209 -98.17395 -104.15342      48.1989
34    -23.42707 -125.13576 -69.50984  27.06138 -131.95957 -97.53905       -27.06138 -70.47767 -42.44846 -50.48845 -98.07438 -104.89819      48.3405
35    -24.29410 -123.48552 -68.68206  25.51071 -131.15367 -97.59937       -25.51071 -72.08866 -43.17134 -49.80481 -97.97481 -105.64296      48.6167
36    -25.16113 -121.83528 -67.85428  23.96004 -130.34777 -97.65969       -73.69965 -23.96004 -43.89423 -97.87524 -49.12118 -106.38772      49.0251
37    -26.02816 -120.18504 -67.02650  22.40938 -129.54187 -97.72001       -75.31063 -22.40938 -44.61712 -97.77567 -48.43754 -107.13249      49.5627
38    -26.89520 -118.53481 -66.19872  20.85871 -128.73597 -97.78033       -76.92162 -20.85871 -45.34001 -97.67610 -47.75390 -107.87726      50.2251
39    -27.76223 -116.88457 -65.37094  19.30804 -127.93007 -97.84064       -78.53261 -19.30804 -46.06290 -97.57653 -47.07026 -108.62203      51.0076
40    -28.62926 -115.23433 -64.54316  17.75737 -127.12417 -97.90096       -80.14360 -17.75737 -46.78579 -97.47696 -46.38663 -109.36680      51.9046
41    -29.49629 -113.58409 -63.71537  16.20670 -126.31827 -97.96128       -81.75458 -16.20670 -47.50868 -97.37739 -45.70299 -110.11157      52.9105
42    -30.36332 -111.93385 -62.88759  14.65603 -125.51237 -98.02160       -83.36557 -14.65603 -48.23157 -97.27782 -45.01935 -110.85634      54.019
43    -31.23036 -110.28361 -62.05981  13.10536 -124.70647 -98.08192       -84.97656 -13.10536 -48.95445 -97.17825 -44.33571 -111.60111      55.2241
44    -32.09739 -108.63337 -61.23203  11.55469 -123.90057 -98.14224       -86.58755 -11.55469 -49.67734 -97.07868 -43.65208 -112.34588      56.5195
45    -32.96442 -106.98313 -60.40425  10.00402 -123.09466 -98.20255       -88.19853 -10.00402 -50.40023 -96.97911 -42.96844 -113.09064      57.8992
46    -33.83145 -105.33290 -59.57647   8.45335 -122.28876 -98.26287       -89.80952  -8.45335 -51.12312 -96.87954 -42.28480 -113.83541      59.3573
47    -34.69848 -103.68266 -58.74869   6.90268 -121.48286 -98.32319       -91.42051  -6.90268 -51.84601 -96.77998 -41.60116 -114.58018      60.8882
48    -35.56551 -102.03242 -57.92091   5.35201 -120.67696 -98.38351       -93.03150  -5.35201 -52.56890 -96.68041 -40.91753 -115.32495      62.4865
49    -36.43255 -100.38218 -57.09313   3.80134 -119.87106 -98.44383       -94.64248  -3.80134 -53.29179 -96.58084 -40.23389 -116.06972      64.1472
50    -37.29958 -98.73194 -56.26535   2.25067 -119.06516 -98.50414       -96.25347  -2.25067 -54.01467 -96.48127 -39.55025 -116.81449      65.8655
51    -38.16661 -97.08170 -55.43757   0.70000 -118.25926 -98.56446       -97.86446  -0.70000 -54.73756 -96.38170 -38.86661 -117.55926      67.6371
52    -39.03364 -95.43146 -54.60979  -0.85067 -117.45336 -98.62478       -117.45336  -0.85067 -54.60979 -95.43146 -39.03364 -98.62478      67.7454
53    -39.90067 -93.78122 -53.78201  -2.40133 -116.64746 -98.68510       -116.64746  -2.40133 -53.78201 -93.78122 -39.90067 -98.68510      66.5198
54    -40.76771 -92.13099 -52.95423  -3.95200 -115.84156 -98.74542       -115.84156  -3.95200 -52.95423 -92.13099 -40.76771 -98.74542      65.3816
55    -41.63474 -90.48075 -52.12644  -5.50267 -115.03566 -98.80574       -115.03566  -5.50267 -52.12644 -90.48075 -41.63474 -98.80574      64.3356
56    -42.50177 -88.83051 -51.29866  -7.05334 -114.22976 -98.86605       -114.22976  -7.05334 -51.29866 -88.83051 -42.50177 -98.86605      63.3862
57    -43.36880 -87.18027 -50.47088  -8.60401 -113.42386 -98.92637       -113.42386  -8.60401 -50.47088 -87.18027 -43.36880 -98.92637      62.538
58    -44.23583 -85.53003 -49.64310 -10.15468 -112.61796 -98.98669       -112.61796 -10.15468 -49.64310 -85.53003 -44.23583 -98.98669      60.6933
59    -45.10287 -83.87979 -48.81532 -11.70535 -111.81206 -99.04701       -111.81206 -11.70535 -48.81532 -83.87979 -45.10287 -99.04701      58.7992
60    -45.96990 -82.22955 -47.98754 -13.25602 -111.00616 -99.10733       -111.00616 -13.25602 -47.98754 -82.22955 -45.96990 -99.10733      56.9688
61    -46.83693 -80.57931 -47.15976 -14.80669 -110.20026 -99.16764       -110.20026 -14.80669 -47.15976 -80.57931 -46.83693 -99.16764      55.2084
62    -47.70396 -78.92908 -46.33198 -16.35736 -109.39436 -99.22796       -109.39436 -16.35736 -46.33198 -78.92908 -47.70396 -99.22796      53.5251
63    -48.57099 -77.27884 -45.50420 -17.90803 -108.58846 -99.28828       -48.57099 -77.27884 -45.50420 -17.90803 -108.58846 -99.28828      51.9263
64    -49.43802 -75.62860 -44.67642 -19.45870 -107.78256 -99.34860       -49.43802 -75.62860 -44.67642 -19.45870 -107.78256 -99.34860      50.4201
65    -50.30506 -73.97836 -43.84864 -21.00937 -106.97666 -99.40892       -50.30506 -73.97836 -43.84864 -21.00937 -106.97666 -99.40892      49.0149
66    -51.17209 -72.32812 -43.02086 -22.56004 -106.17076 -99.46924       -51.17209 -72.32812 -43.02086 -22.56004 -106.17076 -99.46924      47.7197
67    -52.03912 -70.67788 -42.19308 -24.11071 -105.36486 -99.52955       -52.03912 -70.67788 -42.19308 -24.11071 -105.36486 -99.52955      46.5437
68    -52.90615 -69.02764 -41.36530 -25.66137 -104.55896 -99.58987       -52.90615 -69.02764 -41.36530 -25.66137 -104.55896 -99.58987      45.4962
69    -53.77318 -67.37740 -40.53751 -27.21204 -103.75305 -99.65019       -53.77318 -67.37740 -40.53751 -27.21204 -103.75305 -99.65019      44.5861
70    -54.64022 -65.72717 -39.70973 -28.76271 -102.94715 -99.71051       -54.64022 -65.72717 -39.70973 -28.76271 -102.94715 -99.71051      43.8221
71    -55.50725 -64.07693 -38.88195 -30.31338 -102.14125 -99.77083       -55.50725 -64.07693 -38.88195 -30.31338 -102.14125 -99.77083      43.2119
72    -56.37428 -62.42669 -38.05417 -31.86405 -101.33535 -99.83115       -56.37428 -62.42669 -38.05417 -31.86405 -101.33535 -99.83115      42.7621
73    -57.24131 -60.77645 -37.22639 -33.41472 -100.52945 -99.89146       -57.24131 -60.77645 -37.22639 -33.41472 -100.52945 -99.89146      42.4777
74    -58.10834 -59.12621 -36.39861 -34.96539 -99.72355 -99.95178       -58.10834 -59.12621 -36.39861 -34.96539 -99.72355 -99.95178      42.3622
75    -58.97538 -57.47597 -35.57083 -36.51606 -98.91765 -100.01210       -58.97538 -57.47597 -35.57083 -36.51606 -98.91765 -100.01210      42.4169
76    -59.84241 -55.82573 -34.74305 -38.06673 -98.11175 -100.07242       -59.84241 -55.82573 -34.74305 -38.06673 -98.11175 -100.07242      42.6411
77    -60.70944 -54.17549 -33.91527 -39.61740 -97.30585 -100.13274       -60.70944 -54.17549 -33.91527 -39.61740 -97.30585 -100.13274      43.0322
78    -61.57647 -52.52526 -33.08749 -41.16807 -96.49995 -100.19305       -61.57647 -52.52526 -33.08749 -41.16807 -96.49995 -100.19305      43.5857
79    -62.44350 -50.87502 -32.25971 -42.71874 -95.69405 -100.25337       -62.44350 -50.87502 -32.25971 -42.71874 -95.69405 -100.25337      44.2955
80    -63.31054 -49.22478 -31.43193 -44.26941 -94.88815 -100.31369       -63.31054 -49.22478 -31.43193 -44.26941 -94.88815 -100.31369      45.1542
81    -64.17757 -47.57454 -30.60415 -45.82008 -94.08225 -100.37401       -64.17757 -47.57454 -30.60415 -45.82008 -94.08225 -100.37401      46.1536
82    -65.04460 -45.92430 -29.77637 -47.37075 -93.27635 -100.43433       -65.04460 -45.92430 -29.77637 -47.37075 -93.27635 -100.43433      45.6726
83    -65.91163 -44.27406 -28.94858 -48.92142 -92.47045 -100.49465       -65.91163 -44.27406 -28.94858 -48.92142 -92.47045 -100.49465      42.986
84    -66.77866 -42.62382 -28.12080 -50.47208 -91.66455 -100.55496       -66.77866 -42.62382 -28.12080 -50.47208 -91.66455 -100.55496      40.2993
85    -67.64569 -40.97358 -27.29302 -52.02275 -90.85865 -100.61528       -67.64569 -40.97358 -27.29302 -52.02275 -90.85865 -100.61528      37.6127
86    -68.51273 -39.32335 -26.46524 -53.57342 -90.05275 -100.67560       -68.51273 -39.32335 -26.46524 -53.57342 -90.05275 -100.67560      34.9261
87    -69.37976 -37.67311 -25.63746 -55.12409 -89.24685 -100.73592       -69.37976 -37.67311 -25.63746 -55.12409 -89.24685 -100.73592      32.2395
88    -70.24679 -36.02287 -24.80968 -56.67476 -88.44095 -100.79624       -70.24679 -36.02287 -24.80968 -56.67476 -88.44095 -100.79624      29.5529
89    -71.11382 -34.37263 -23.98190 -58.22543 -87.63505 -100.85655       -71.11382 -34.37263 -23.98190 -58.22543 -87.63505 -100.85655      26.8662
90    -71.98085 -32.72239 -23.15412 -59.77610 -86.82915 -100.91687       -71.98085 -32.72239 -23.15412 -59.77610 -86.82915 -100.91687      24.1796
91    -72.84789 -31.07215 -22.32634 -61.32677 -86.02325 -100.97719       -72.84789 -31.07215 -22.32634 -61.32677 -86.02325 -100.97719      21.493
92    -73.71492 -29.42191 -21.49856 -62.87744 -85.21735 -101.03751       -73.71492 -29.42191 -21.49856 -62.87744 -85.21735 -101.03751      18.8064
93    -74.58195 -27.77167 -20.67078 -64.42811 -84.41144 -101.09783       -74.58195 -27.77167 -20.67078 -64.42811 -84.41144 -101.09783      16.1197
94    -75.44898 -26.12144 -19.84300 -65.97878 -83.60554 -101.15815       -75.44898 -26.12144 -19.84300 -65.97878 -83.60554 -101.15815      13.4331
95    -76.31601 -24.47120 -19.01522 -67.52945 -82.79964 -101.21846       -76.31601 -24.47120 -19.01522 -67.52945 -82.79964 -101.21846      10.7465
96    -77.18305 -22.82096 -18.18744 -69.08012 -81.99374 -101.27878       -77.18305 -22.82096 -18.18744 -69.08012 -81.99374 -101.27878      8.05987
97    -78.05008 -21.17072 -17.35965 -70.63079 -81.18784 -101.33910       -78.05008 -21.17072 -17.35965 -70.63079 -81.18784 -101.33910      5.37325
98    -78.91711 -19.52048 -16.53187 -72.18146 -80.38194 -101.39942       -78.91711 -19.52048 -16.53187 -72.18146 -80.38194 -101.39942      2.68662
99    -79.78414 -17.87024 -15.70409 -73.73212 -79.57604 -101.45974       -79.78414 -17.87024 -15.70409 -73.73212 -79.57604 -101.45974      0
