Fol_2018-02-06.14_19_12.34_.txt     Output is probe cell, reduced cell, NCDist distance between
0     12.95852 -192.26137 -126.71715  87.99400 -169.98427 -126.73734       -87.99400 -38.72315 -38.74334 -75.03548 -81.99026 -104.26737      7.65278e-14
1     11.93880 -190.71048 -125.82852  86.34724 -169.09544 -126.51037       -86.34724 -39.48128 -40.16313 -74.40844 -82.74820 -104.36324      2.50584
2     10.91908 -189.15959 -124.93990  84.70048 -168.20661 -126.28340       -84.70048 -40.23942 -41.58292 -73.78140 -83.50613 -104.45911      5.01169
3      9.89935 -187.60870 -124.05127  83.05371 -167.31778 -126.05643       -83.05371 -40.99756 -43.00271 -73.15436 -84.26407 -104.55498      7.51753
4      8.87963 -186.05781 -123.16265  81.40695 -166.42895 -125.82946       -81.40695 -41.75570 -44.42251 -72.52732 -85.02200 -104.65085      10.0234
5      7.85991 -184.50691 -122.27403  79.76019 -165.54012 -125.60249       -79.76019 -42.51384 -45.84230 -71.90028 -85.77993 -104.74673      12.5292
6      6.84019 -182.95602 -121.38540  78.11343 -164.65130 -125.37552       -78.11343 -43.27197 -47.26209 -71.27324 -86.53787 -104.84260      15.0351
7      5.82046 -181.40513 -120.49678  76.46666 -163.76247 -125.14855       -76.46666 -44.03011 -48.68189 -70.64620 -87.29580 -104.93847      17.5409
8      4.80074 -179.85424 -119.60815  74.81990 -162.87364 -124.92158       -74.81990 -44.78825 -50.10168 -70.01916 -88.05374 -105.03434      20.0467
9      3.78102 -178.30335 -118.71953  73.17314 -161.98481 -124.69461       -73.17314 -45.54639 -51.52147 -69.39212 -88.81167 -105.13021      22.5526
10      2.76130 -176.75246 -117.83090  71.52638 -161.09598 -124.46764       -71.52638 -46.30453 -52.94127 -68.76508 -89.56961 -105.22608      25.0584
11      1.74157 -175.20157 -116.94228  69.87962 -160.20716 -124.24067       -69.87962 -47.06266 -54.36106 -68.13804 -90.32754 -105.32195      27.5643
12      0.72185 -173.65068 -116.05365  68.23285 -159.31833 -124.01371       -68.23285 -47.82080 -55.78085 -67.51100 -91.08547 -105.41782      30.0701
13     -0.29787 -172.09979 -115.16503  66.58609 -158.42950 -123.78674       -66.58609 -48.57894 -57.20065 -66.88396 -91.84341 -105.51370      32.576
14     -1.31759 -170.54889 -114.27641  64.93933 -157.54067 -123.55977       -64.93933 -49.33708 -58.62044 -66.25692 -92.60134 -105.60957      35.0818
15     -2.33732 -168.99800 -113.38778  63.29257 -156.65184 -123.33280       -63.29257 -50.09522 -60.04023 -65.62988 -93.35928 -105.70544      37.5876
16     -3.35704 -167.44711 -112.49916  61.64580 -155.76301 -123.10583       -61.64580 -50.85335 -61.46002 -65.00284 -94.11721 -105.80131      40.0935
17     -4.37676 -165.89622 -111.61053  59.99904 -154.87419 -122.87886       -59.99904 -62.87982 -51.61149 -64.37580 -105.89718 -94.87514      42.5993
18     -5.39648 -164.34533 -110.72191  58.35228 -153.98536 -122.65189       -58.35228 -64.29961 -52.36963 -63.74876 -105.99305 -95.63308      43.4107
19     -6.41621 -162.79444 -109.83328  56.70552 -153.09653 -122.42492       -56.70552 -65.71940 -53.12777 -63.12172 -106.08892 -96.39101      43.7924
20     -7.43593 -161.24355 -108.94466  55.05875 -152.20770 -122.19795       -55.05875 -67.13920 -53.88591 -62.49468 -106.18479 -97.14895      44.3127
21     -8.45565 -159.69266 -108.05604  53.41199 -151.31887 -121.97098       -53.41199 -68.55899 -54.64405 -61.86764 -106.28067 -97.90688      44.9669
22     -9.47537 -158.14177 -107.16741  51.76523 -150.43004 -121.74401       -51.76523 -69.97878 -55.40218 -61.24060 -106.37654 -98.66482      45.7491
23    -10.49510 -156.59087 -106.27879  50.11847 -149.54122 -121.51704       -50.11847 -71.39858 -56.16032 -60.61356 -106.47241 -99.42275      46.653
24    -11.51482 -155.03998 -105.39016  48.47170 -148.65239 -121.29007       -48.47170 -72.81837 -56.91846 -59.98652 -106.56828 -100.18068      46.3773
25    -12.53454 -153.48909 -104.50154  46.82494 -147.76356 -121.06310       -46.82494 -74.23816 -57.67660 -59.35948 -106.66415 -100.93862      46.227
26    -13.55426 -151.93820 -103.61291  45.17818 -146.87473 -120.83613       -45.17818 -75.65796 -58.43474 -58.73244 -106.76002 -101.69655      46.2123
27    -14.57398 -150.38731 -102.72429  43.53142 -145.98590 -120.60916       -43.53142 -77.07775 -59.19287 -58.10540 -106.85589 -102.45449      46.3334
28    -15.59371 -148.83642 -101.83567  41.88465 -145.09707 -120.38220       -41.88465 -78.49754 -59.95101 -57.47836 -106.95176 -103.21242      46.589
29    -16.61343 -147.28553 -100.94704  40.23789 -144.20825 -120.15523       -40.23789 -79.91733 -60.70915 -56.85132 -107.04764 -103.97035      46.9772
30    -17.63315 -145.73464 -100.05842  38.59113 -143.31942 -119.92826       -38.59113 -81.33713 -61.46729 -56.22428 -107.14351 -104.72829      47.4946
31    -18.65287 -144.18374 -99.16979  36.94437 -142.43059 -119.70129       -36.94437 -82.75692 -62.22543 -55.59724 -107.23938 -105.48622      48.137
32    -19.67260 -142.63285 -98.28117  35.29760 -141.54176 -119.47432       -35.29760 -84.17671 -62.98356 -54.97020 -107.33525 -106.24416      48.8995
33    -20.69232 -141.08196 -97.39254  33.65084 -140.65293 -119.24735       -33.65084 -85.59651 -63.74170 -54.34316 -107.43112 -107.00209      49.7766
34    -21.71204 -139.53107 -96.50392  32.00408 -139.76410 -119.02038       -87.01630 -32.00408 -64.49984 -107.52699 -53.71612 -107.76003      50.7624
35    -22.73176 -137.98018 -95.61529  30.35732 -138.87528 -118.79341       -88.43609 -30.35732 -65.25798 -107.62286 -53.08908 -108.51796      51.8507
36    -23.75149 -136.42929 -94.72667  28.71055 -137.98645 -118.56644       -89.85589 -28.71055 -66.01612 -107.71873 -52.46204 -109.27589      53.0351
37    -24.77121 -134.87840 -93.83805  27.06379 -137.09762 -118.33947       -91.27568 -27.06379 -66.77425 -107.81461 -51.83500 -110.03383      54.3093
38    -25.79093 -133.32751 -92.94942  25.41703 -136.20879 -118.11250       -92.69547 -25.41703 -67.53239 -107.91048 -51.20796 -110.79176      55.6673
39    -26.81065 -131.77662 -92.06080  23.77027 -135.31996 -117.88553       -94.11527 -23.77027 -68.29053 -108.00635 -50.58092 -111.54970      57.103
40    -27.83038 -130.22572 -91.17217  22.12350 -134.43113 -117.65856       -95.53506 -22.12350 -69.04867 -108.10222 -49.95388 -112.30763      58.6107
41    -28.85010 -128.67483 -90.28355  20.47674 -133.54231 -117.43159       -96.95485 -20.47674 -69.80681 -108.19809 -49.32684 -113.06556      60.185
42    -29.86982 -127.12394 -89.39492  18.82998 -132.65348 -117.20462       -98.37464 -18.82998 -70.56495 -108.29396 -48.69980 -113.82350      61.8208
43    -30.88954 -125.57305 -88.50630  17.18322 -131.76465 -116.97765       -99.79444 -17.18322 -71.32308 -108.38983 -48.07276 -114.58143      63.5134
44    -31.90927 -124.02216 -87.61768  15.53645 -130.87582 -116.75068       -101.21423 -15.53645 -72.08122 -108.48571 -47.44572 -115.33937      65.2583
45    -32.92899 -122.47127 -86.72905  13.88969 -129.98699 -116.52372       -102.63402 -13.88969 -72.83936 -108.58158 -46.81868 -116.09730      67.0515
46    -33.94871 -120.92038 -85.84043  12.24293 -129.09816 -116.29675       -104.05382 -12.24293 -73.59750 -108.67745 -46.19164 -116.85524      68.8891
47    -34.96843 -119.36949 -84.95180  10.59617 -128.20934 -116.06978       -105.47361 -10.59617 -74.35564 -108.77332 -45.56460 -117.61317      70.7678
48    -35.98816 -117.81859 -84.06318   8.94940 -127.32051 -115.84281       -106.89340  -8.94940 -75.11377 -108.86919 -44.93756 -118.37110      72.6843
49    -37.00788 -116.26770 -83.17455   7.30264 -126.43168 -115.61584       -108.31320  -7.30264 -75.87191 -108.96506 -44.31052 -119.12904      74.6358
50    -38.02760 -114.71681 -82.28593   5.65588 -125.54285 -115.38887       -109.73299  -5.65588 -76.63005 -109.06093 -43.68348 -119.88697      76.6195
51    -39.04732 -113.16592 -81.39730   4.00912 -124.65402 -115.16190       -111.15278  -4.00912 -77.38819 -109.15680 -43.05644 -120.64491      78.633
52    -40.06705 -111.61503 -80.50868   2.36235 -123.76519 -114.93493       -112.57258  -2.36235 -78.14633 -109.25268 -42.42940 -121.40284      80.6741
53    -41.08677 -110.06414 -79.62006   0.71559 -122.87637 -114.70796       -113.99237  -0.71559 -78.90446 -109.34855 -41.80236 -122.16077      82.7408
54    -42.10649 -108.51325 -78.73143  -0.93117 -121.98754 -114.48099       -121.98754 -78.73143  -0.93117 -108.51325 -114.48099 -42.10649      83.0575
55    -43.12621 -106.96236 -77.84281  -2.57793 -121.09871 -114.25402       -121.09871 -77.84281  -2.57793 -106.96236 -114.25402 -43.12621      80.9978
56    -44.14594 -105.41147 -76.95418  -4.22470 -120.20988 -114.02705       -120.20988 -76.95418  -4.22470 -105.41147 -114.02705 -44.14594      78.3468
57    -45.16566 -103.86057 -76.06556  -5.87146 -119.32105 -113.80008       -119.32105 -76.06556  -5.87146 -103.86057 -113.80008 -45.16566      75.7059
58    -46.18538 -102.30968 -75.17693  -7.51822 -118.43222 -113.57311       -118.43222 -75.17693  -7.51822 -102.30968 -113.57311 -46.18538      73.076
59    -47.20510 -100.75879 -74.28831  -9.16498 -117.54340 -113.34614       -117.54340  -9.16498 -74.28831 -100.75879 -47.20510 -113.34614      70.4586
60    -48.22483 -99.20790 -73.39969 -10.81174 -116.65457 -113.11917       -116.65457 -10.81174 -73.39969 -99.20790 -48.22483 -113.11917      67.855
61    -49.24455 -97.65701 -72.51106 -12.45851 -115.76574 -112.89221       -115.76574 -12.45851 -72.51106 -97.65701 -49.24455 -112.89221      65.2669
62    -50.26427 -96.10612 -71.62244 -14.10527 -114.87691 -112.66524       -114.87691 -14.10527 -71.62244 -96.10612 -50.26427 -112.66524      62.6961
63    -51.28399 -94.55523 -70.73381 -15.75203 -113.98808 -112.43827       -113.98808 -15.75203 -70.73381 -94.55523 -51.28399 -112.43827      60.1449
64    -52.30372 -93.00434 -69.84519 -17.39879 -113.09925 -112.21130       -113.09925 -17.39879 -69.84519 -93.00434 -52.30372 -112.21130      57.616
65    -53.32344 -91.45344 -68.95656 -19.04556 -112.21043 -111.98433       -112.21043 -19.04556 -68.95656 -91.45344 -53.32344 -111.98433      55.1123
66    -54.34316 -89.90255 -68.06794 -20.69232 -111.32160 -111.75736       -111.32160 -20.69232 -68.06794 -89.90255 -54.34316 -111.75736      52.6376
67    -55.36288 -88.35166 -67.17932 -22.33908 -110.43277 -111.53039       -110.43277 -22.33908 -67.17932 -88.35166 -55.36288 -111.53039      50.1959
68    -56.38261 -86.80077 -66.29069 -23.98584 -109.54394 -111.30342       -109.54394 -23.98584 -66.29069 -86.80077 -56.38261 -111.30342      47.7925
69    -57.40233 -85.24988 -65.40207 -25.63261 -108.65511 -111.07645       -108.65511 -25.63261 -65.40207 -85.24988 -57.40233 -111.07645      45.4334
70    -58.42205 -83.69899 -64.51344 -27.27937 -107.76629 -110.84948       -107.76629 -27.27937 -64.51344 -83.69899 -58.42205 -110.84948      43.1259
71    -59.44177 -82.14810 -63.62482 -28.92613 -106.87746 -110.62251       -106.87746 -28.92613 -63.62482 -82.14810 -59.44177 -110.62251      40.8787
72    -60.46150 -80.59721 -62.73619 -30.57289 -105.98863 -110.39554       -105.98863 -30.57289 -62.73619 -80.59721 -60.46150 -110.39554      38.7023
73    -61.48122 -79.04632 -61.84757 -32.21966 -105.09980 -110.16857       -105.09980 -32.21966 -61.84757 -79.04632 -61.48122 -110.16857      36.6093
74    -62.50094 -77.49542 -60.95894 -33.86642 -104.21097 -109.94160       -104.21097 -33.86642 -60.95894 -77.49542 -62.50094 -109.94160      34.6149
75    -63.52066 -75.94453 -60.07032 -35.51318 -103.32214 -109.71463       -103.32214 -35.51318 -60.07032 -75.94453 -63.52066 -109.71463      32.7372
76    -64.54039 -74.39364 -59.18170 -37.15994 -102.43332 -109.48766       -64.54039 -74.39364 -59.18170 -37.15994 -102.43332 -109.48766      30.9972
77    -65.56011 -72.84275 -58.29307 -38.80671 -101.54449 -109.26070       -65.56011 -72.84275 -58.29307 -38.80671 -101.54449 -109.26070      29.4195
78    -66.57983 -71.29186 -57.40445 -40.45347 -100.65566 -109.03373       -66.57983 -71.29186 -57.40445 -40.45347 -100.65566 -109.03373      28.0315
79    -67.59955 -69.74097 -56.51582 -42.10023 -99.76683 -108.80676       -67.59955 -69.74097 -56.51582 -42.10023 -99.76683 -108.80676      26.8625
80    -68.61928 -68.19008 -55.62720 -43.74699 -98.87800 -108.57979       -68.61928 -68.19008 -55.62720 -43.74699 -98.87800 -108.57979      25.9423
81    -69.63900 -66.63919 -54.73857 -45.39376 -97.98917 -108.35282       -69.63900 -66.63919 -54.73857 -45.39376 -97.98917 -108.35282      25.298
82    -70.65872 -65.08830 -53.84995 -47.04052 -97.10035 -108.12585       -70.65872 -65.08830 -53.84995 -47.04052 -97.10035 -108.12585      24.951
83    -71.67844 -63.53740 -52.96133 -48.68728 -96.21152 -107.89888       -71.67844 -63.53740 -52.96133 -48.68728 -96.21152 -107.89888      24.9137
84    -72.69817 -61.98651 -52.07270 -50.33404 -95.32269 -107.67191       -72.69817 -61.98651 -52.07270 -50.33404 -95.32269 -107.67191      25.1874
85    -73.71789 -60.43562 -51.18408 -51.98081 -94.43386 -107.44494       -73.71789 -60.43562 -51.18408 -51.98081 -94.43386 -107.44494      25.7623
86    -74.73761 -58.88473 -50.29545 -53.62757 -93.54503 -107.21797       -74.73761 -58.88473 -50.29545 -53.62757 -93.54503 -107.21797      26.6188
87    -75.75733 -57.33384 -49.40683 -55.27433 -92.65620 -106.99100       -75.75733 -57.33384 -49.40683 -55.27433 -92.65620 -106.99100      27.7309
88    -76.77706 -55.78295 -48.51820 -56.92109 -91.76738 -106.76403       -76.77706 -55.78295 -48.51820 -56.92109 -91.76738 -106.76403      29.0693
89    -77.79678 -54.23206 -47.62958 -58.56786 -90.87855 -106.53706       -77.79678 -54.23206 -47.62958 -58.56786 -90.87855 -106.53706      27.9072
90    -78.81650 -52.68117 -46.74095 -60.21462 -89.98972 -106.31009       -78.81650 -52.68117 -46.74095 -60.21462 -89.98972 -106.31009      25.1165
91    -79.83622 -51.13027 -45.85233 -61.86138 -89.10089 -106.08312       -79.83622 -51.13027 -45.85233 -61.86138 -89.10089 -106.08312      22.3257
92    -80.85594 -49.57938 -44.96371 -63.50814 -88.21206 -105.85615       -80.85594 -49.57938 -44.96371 -63.50814 -88.21206 -105.85615      19.535
93    -81.87567 -48.02849 -44.07508 -65.15491 -87.32323 -105.62919       -81.87567 -48.02849 -44.07508 -65.15491 -87.32323 -105.62919      16.7443
94    -82.89539 -46.47760 -43.18646 -66.80167 -86.43441 -105.40222       -82.89539 -46.47760 -43.18646 -66.80167 -86.43441 -105.40222      13.9536
95    -83.91511 -44.92671 -42.29783 -68.44843 -85.54558 -105.17525       -83.91511 -44.92671 -42.29783 -68.44843 -85.54558 -105.17525      11.1629
96    -84.93483 -43.37582 -41.40921 -70.09519 -84.65675 -104.94828       -84.93483 -43.37582 -41.40921 -70.09519 -84.65675 -104.94828      8.37215
97    -85.95456 -41.82493 -40.52058 -71.74196 -83.76792 -104.72131       -85.95456 -41.82493 -40.52058 -71.74196 -83.76792 -104.72131      5.58144
98    -86.97428 -40.27404 -39.63196 -73.38872 -82.87909 -104.49434       -86.97428 -40.27404 -39.63196 -73.38872 -82.87909 -104.49434      2.79072
99    -87.99400 -38.72315 -38.74334 -75.03548 -81.99026 -104.26737       -87.99400 -38.72315 -38.74334 -75.03548 -81.99026 -104.26737      0
