Fol_2018-02-06.15_32_39.28_.txt     Output is probe cell, reduced cell, NCDist distance between
0    -19.78438  98.18783 -295.88609 -351.43933 112.04217 -263.50075       -106.69386 -10.11686 -58.61907 -111.37052 -19.78438 -72.47341      7.91227e-14
1    -18.99243  97.98798 -292.20304 -351.00189 107.80476 -264.09287       -15.38612 -106.10175 -60.00313 -18.99243 -114.57838 -69.81991      6.92747
2    -18.20047  97.78814 -288.51999 -350.56446 103.56735 -264.68498       -20.65537 -61.38720 -105.50964 -18.20047 -67.16640 -117.78624      13.8549
3    -17.40852  97.58830 -284.83694 -350.12702  99.32994 -265.27709       -64.51290 -17.40852 -104.91752 -62.77126 -25.92462 -120.99410      17.7626
4    -16.61656  97.38846 -281.15389 -349.68958  95.09253 -265.86920       -61.85940 -16.61656 -104.32541 -64.15533 -31.19387 -124.20197      20.5516    *****
5    -15.82461  97.18862 -277.47084 -349.25215  90.85511 -266.46131       -59.20590 -15.82461 -103.73330 -65.53940 -36.46312 -127.40983      25.0042
6    -15.03266  96.98877 -273.78779 -348.81471  86.61770 -267.05342       -56.55239 -15.03266 -103.14119 -66.92346 -41.73238 -130.61769      30.3978
7    -14.24070  96.78893 -270.10474 -348.37727  82.38029 -267.64554       -53.89889 -102.54908 -14.24070 -68.30753 -133.82555 -47.00163      36.3157
8    -13.44875  96.58909 -266.42169 -347.93984  78.14288 -268.23765       -51.24539 -101.95697 -13.44875 -69.69159 -137.03341 -52.27088      42.5395
9    -12.65679  96.38925 -262.73864 -347.50240  73.90547 -268.82976       -48.59189 -101.36485 -12.65679 -71.07566 -140.24127 -57.54013      48.9527
10    -11.86484  96.18940 -259.05558 -347.06496  69.66806 -269.42187       -45.93838 -100.77274 -11.86484 -72.45973 -143.44914 -62.80939      55.4897
11    -11.07289  95.98956 -255.37253 -346.62753  65.43065 -270.01398       -43.28488 -100.18063 -11.07289 -73.84379 -146.65700 -68.07864      62.1114
12    -10.28093  95.78972 -251.68948 -346.19009  61.19324 -270.60610       -40.63138 -99.58852 -10.28093 -75.22786 -149.86486 -73.34789      68.7933
13     -9.48898  95.58988 -248.00643 -345.75265  56.95583 -271.19821       -37.97788 -98.99641  -9.48898 -76.61192 -153.07272 -78.61714      75.5195
14     -8.69702  95.39004 -244.32338 -345.31522  52.71842 -271.79032       -35.32438 -98.40429  -8.69702 -77.99599 -156.28058 -83.88639      82.2791
15     -7.90507  95.19019 -240.64033 -344.87778  48.48101 -272.38243       -32.67087 -97.81218  -7.90507 -79.38005 -159.48845 -89.15565      89.0646
16     -7.11312  94.99035 -236.95728 -344.44034  44.24360 -272.97454       -30.01737 -97.22007  -7.11312 -80.76412 -162.69631 -94.42490      95.8703
17     -6.32116  94.79051 -233.27423 -344.00291  40.00619 -273.56665       -27.36387 -96.62796  -6.32116 -82.14819 -165.90417 -99.69415      102.692
18     -5.52921  94.59067 -229.59118 -343.56547  35.76878 -274.15877       -24.71037 -96.03585  -5.52921 -83.53225 -169.11203 -104.96340      107.697
19     -4.73725  94.39082 -225.90813 -343.12803  31.53137 -274.75088       -22.05686 -95.44374  -4.73725 -84.91632 -172.31989 -110.23266      111.515
20     -3.94530  94.19098 -222.22508 -342.69060  27.29396 -275.34299       -19.40336 -94.85162  -3.94530 -86.30038 -175.52775 -115.50191      113.928
21     -3.15335  93.99114 -218.54203 -342.25316  23.05655 -275.93510       -16.74986 -94.25951  -3.15335 -87.68445 -178.73562 -120.77116      116.703
22     -2.36139  93.79130 -214.85898 -341.81572  18.81914 -276.52721       -14.09636 -93.66740  -2.36139 -89.06852 -181.94348 -126.04041      119.815
23     -1.56944  93.59146 -211.17593 -341.37829  14.58173 -277.11933       -11.44286 -93.07529  -1.56944 -90.45258 -185.15134 -131.30966      123.237
24     -0.77748  93.39161 -207.49287 -340.94085  10.34432 -277.71144        -8.78935 -92.48318  -0.77748 -91.83665 -188.35920 -136.57892      126.946
25      0.01447  93.19177 -203.80982 -340.50341   6.10691 -278.30355        -6.12138 -93.20624  -0.01447 -91.87659 -191.55259 -141.86264      130.351
26      0.80642  92.99193 -200.12677 -340.06598   1.86950 -278.89566        -2.67592 -93.79835  -0.80642 -90.49253 -193.96850 -147.92385      132.222
27      1.59838  92.79209 -196.44372 -339.62854  -2.36791 -279.48777       -153.21552  -0.76953  -0.82885 -195.61488 -89.87799 -93.62093      134.346
28      2.39033  92.59224 -192.76067 -339.19110  -6.60532 -280.07988        -1.82466 -90.11473  -2.39033 -92.59224 -192.76067 -154.00661      133.339
29      3.18229  92.39240 -189.07762 -338.75367 -10.84273 -280.67200        -4.47816 -89.52262  -3.18229 -92.39240 -189.07762 -153.96886      130.852
30      3.97424  92.19256 -185.39457 -338.31623 -15.08014 -281.26411        -7.13166 -88.93051  -3.97424 -92.19256 -185.39457 -153.93111      128.485
31      4.76619  91.99272 -181.71152 -337.87879 -19.31755 -281.85622        -9.78516 -88.33839  -4.76619 -91.99272 -181.71152 -153.89336      126.244
32      5.55815  91.79288 -178.02847 -337.44136 -23.55496 -282.44833       -12.43866 -87.74628  -5.55815 -91.79288 -178.02847 -153.85561      124.138
33      6.35010  91.59303 -174.34542 -337.00392 -27.79237 -283.04044       -15.09217 -87.15417  -6.35010 -91.59303 -174.34542 -153.81785      122.172
34      7.14206  91.39319 -170.66237 -336.56648 -32.02978 -283.63255       -17.74567 -86.56206  -7.14206 -91.39319 -170.66237 -153.78010      120.354
35      7.93401  91.19335 -166.97932 -336.12905 -36.26719 -284.22467       -20.39917 -85.96995  -7.93401 -91.19335 -166.97932 -153.74235      118.691
36      8.72596  90.99351 -163.29627 -335.69161 -40.50460 -284.81678       -23.05267 -85.37784  -8.72596 -90.99351 -163.29627 -153.70460      117.188
37      9.51792  90.79366 -159.61321 -335.25417 -44.74201 -285.40889       -25.70618 -84.78572  -9.51792 -90.79366 -159.61321 -153.66684      115.853
38     10.30987  90.59382 -155.93016 -334.81674 -48.97942 -286.00100       -28.35968 -84.19361 -10.30987 -90.59382 -155.93016 -153.62909      114.691
39     11.10183  90.39398 -152.24711 -334.37930 -53.21683 -286.59311       -31.01318 -83.60150 -11.10183 -90.39398 -152.24711 -153.59134      113.707
40     11.89378  90.19414 -148.56406 -333.94186 -57.45424 -287.18523       -33.66668 -83.00939 -11.89378 -90.19414 -148.56406 -153.55359      112.907
41     12.68573  89.99430 -144.88101 -333.50443 -61.69165 -287.77734       -36.32018 -82.41728 -12.68573 -89.99430 -144.88101 -153.51583      112.294
42     13.47769  89.79445 -141.19796 -333.06699 -65.92906 -288.36945       -38.97369 -81.82516 -13.47769 -89.79445 -141.19796 -153.47808      111.87
43     14.26964  89.59461 -137.51491 -332.62955 -70.16647 -288.96156       -41.62719 -81.23305 -14.26964 -89.59461 -137.51491 -153.44033      111.639
44     15.06160  89.39477 -133.83186 -332.19212 -74.40389 -289.55367       -44.28069 -80.64094 -15.06160 -89.39477 -133.83186 -153.40258      111.601
45     15.85355  89.19493 -130.14881 -331.75468 -78.64130 -290.14578       -46.93419 -80.04883 -15.85355 -89.19493 -130.14881 -153.36483      111.757
46     16.64551  88.99508 -126.46576 -331.31724 -82.87871 -290.73790       -49.58770 -79.45672 -16.64551 -88.99508 -126.46576 -153.32707      112.106
47     17.43746  88.79524 -122.78271 -330.87981 -87.11612 -291.33001       -52.24120 -78.86461 -17.43746 -88.79524 -122.78271 -153.28932      112.646
48     18.22941  88.59540 -119.09966 -330.44237 -91.35353 -291.92212       -54.89470 -78.27249 -18.22941 -88.59540 -119.09966 -153.25157      113.374
49     19.02137  88.39556 -115.41661 -330.00493 -95.59094 -292.51423       -57.54820 -77.68038 -19.02137 -88.39556 -115.41661 -153.21382      114.287
50     19.81332  88.19572 -111.73355 -329.56750 -99.82835 -293.10634       -60.20170 -77.08827 -19.81332 -88.19572 -111.73355 -153.17606      115.381
51     20.60528  87.99587 -108.05050 -329.13006 -104.06576 -293.69846       -62.85521 -76.49616 -20.60528 -87.99587 -108.05050 -153.13831      116.649
52     21.39723  87.79603 -104.36745 -328.69262 -108.30317 -294.29057       -65.50871 -75.90405 -21.39723 -87.79603 -104.36745 -153.10056      118.088
53     22.18918  87.59619 -100.68440 -328.25519 -112.54058 -294.88268       -68.16221 -75.31193 -22.18918 -87.59619 -100.68440 -153.06281      119.689
54     22.98114  87.39635 -97.00135 -327.81775 -116.77799 -295.47479       -70.81571 -74.71982 -22.98114 -87.39635 -97.00135 -153.02506      121.448
55     23.77309  87.19650 -93.31830 -327.38031 -121.01540 -296.06690       -73.46922 -74.12771 -23.77309 -87.19650 -93.31830 -152.98730      123.357
56     24.56505  86.99666 -89.63525 -326.94288 -125.25281 -296.65901       -76.12272 -73.53560 -24.56505 -86.99666 -89.63525 -152.94955      125.41
57     25.35700  86.79682 -85.95220 -326.50544 -129.49022 -297.25113       -78.77622 -72.94349 -25.35700 -86.79682 -85.95220 -152.91180      123.139
58     26.14895  86.59698 -82.26915 -326.06800 -133.72763 -297.84324       -81.42972 -72.35138 -26.14895 -86.59698 -82.26915 -152.87405      120.773
59     26.94091  86.39714 -78.58610 -325.63056 -137.96504 -298.43535       -84.08322 -71.75926 -26.94091 -86.39714 -78.58610 -152.83629      118.543
60     27.73286  86.19729 -74.90305 -325.19313 -142.20245 -299.02746       -86.73673 -71.16715 -27.73286 -86.19729 -74.90305 -152.79854      116.456
61     28.52482  85.99745 -71.22000 -324.75569 -146.43986 -299.61957       -71.22000 -85.99745 -28.52482 -70.57504 -89.39023 -152.76079      113.531
62     29.31677  85.79761 -67.53695 -324.31825 -150.67727 -300.21168       -67.53695 -85.79761 -29.31677 -69.98293 -92.04373 -152.72304      109.902
63     30.10872  85.59777 -63.85390 -323.88082 -154.91468 -300.80380       -63.85390 -85.59777 -30.10872 -69.39082 -94.69723 -152.68528      106.352
64     30.90068  85.39792 -60.17084 -323.44338 -159.15209 -301.39591       -60.17084 -85.39792 -30.90068 -68.79871 -97.35074 -152.64753      102.89
65     31.69263  85.19808 -56.48779 -323.00594 -163.38950 -301.98802       -56.48779 -85.19808 -31.69263 -68.20659 -100.00424 -152.60978      99.5254
66     32.48459  84.99824 -52.80474 -322.56851 -167.62691 -302.58013       -52.80474 -84.99824 -32.48459 -67.61448 -102.65774 -152.57203      96.2676
67     33.27654  84.79840 -49.12169 -322.13107 -171.86432 -303.17224       -49.12169 -84.79840 -33.27654 -67.02237 -105.31124 -152.53428      93.1281
68     34.06849  84.59856 -45.43864 -321.69363 -176.10173 -303.76436       -45.43864 -84.59856 -34.06849 -66.43026 -107.96474 -152.49652      90.1193
69     34.86045  84.39871 -41.75559 -321.25620 -180.33914 -304.35647       -41.75559 -84.39871 -34.86045 -65.83815 -110.61825 -152.45877      87.2547
70     35.65240  84.19887 -38.07254 -320.81876 -184.57655 -304.94858       -38.07254 -84.19887 -35.65240 -65.24603 -113.27175 -152.42102      84.5489
71     36.44436  83.99903 -34.38949 -320.38132 -188.81396 -305.54069       -34.38949 -83.99903 -36.44436 -64.65392 -115.92525 -152.38327      82.0178
72     37.23631  83.79919 -30.70644 -319.94389 -193.05137 -306.13280       -30.70644 -83.79919 -37.23631 -64.06181 -118.57875 -152.34551      79.6779
73     38.02826  83.59934 -27.02339 -319.50645 -197.28878 -306.72491       -27.02339 -83.59934 -38.02826 -63.46970 -121.23226 -152.30776      77.5465
74     38.82022  83.39950 -23.34034 -319.06901 -201.52619 -307.31703       -23.34034 -83.39950 -38.82022 -62.87759 -123.88576 -152.27001      75.6413
75     39.61217  83.19966 -19.65729 -318.63158 -205.76360 -307.90914       -19.65729 -83.19966 -39.61217 -62.28548 -126.53926 -152.23226      73.9797
76     40.40413  82.99982 -15.97424 -318.19414 -210.00101 -308.50125       -15.97424 -82.99982 -40.40413 -61.69336 -129.19276 -152.19451      72.5785
77     41.19608  82.79998 -12.29118 -317.75670 -214.23842 -309.09336       -12.29118 -82.79998 -41.19608 -61.10125 -131.84627 -152.15675      71.453
78     41.98803  82.60013  -8.60813 -317.31927 -218.47583 -309.68547       -82.60013  -8.60813 -41.98803 -134.49977 -60.50914 -152.11900      70.6164
79     42.77999  82.40029  -4.92508 -316.88183 -222.71324 -310.27759       -82.40029  -4.92508 -42.77999 -137.15327 -59.91703 -152.08125      70.0791
80     43.57194  82.20045  -1.24203 -316.44439 -226.95065 -310.86970       -82.20045  -1.24203 -43.57194 -139.80677 -59.32492 -152.04350      69.8478
81     44.36390  82.00061   2.44102 -316.00696 -231.18806 -311.46181       -149.56473 -41.92288  -2.44102 -140.01926 -79.55959 -61.17382      68.9902
82     45.15585  81.80076   6.12407 -315.56952 -235.42547 -312.05392       -145.84392 -39.03178  -6.12407 -138.98971 -75.67670 -64.26476      68.4391
83     45.94780  81.60092   9.80712 -315.13208 -239.66289 -312.64603       -142.12312 -36.14068  -9.80712 -137.96016 -71.79380 -67.35570      68.783
84     46.73976  81.40108  13.49017 -314.69465 -243.90030 -313.23814       -138.40232 -33.24959 -13.49017 -136.93061 -67.91091 -70.44664      70.0087
85     47.53171  81.20124  17.17322 -314.25721 -248.13771 -313.83026       -134.68151 -30.35849 -17.17322 -135.90106 -64.02802 -73.53758      72.0711
86     48.32367  81.00140  20.85627 -313.81977 -252.37512 -314.42237       -130.96071 -27.46739 -20.85627 -134.87151 -60.14512 -76.62852      67.19    *****
87     49.11562  80.80155  24.53932 -313.38234 -256.61253 -315.01448       -127.23991 -24.57630 -24.53932 -133.84196 -56.26223 -79.71946      60.6692
88     49.90757  80.60171  28.22237 -312.94490 -260.84994 -315.60659       -123.51910 -21.68520 -28.22237 -132.81242 -52.37934 -82.81040      54.4969
89     50.69953  80.40187  31.90542 -312.50746 -265.08735 -316.19870       -119.79830 -18.79410 -31.90542 -131.78287 -48.49645 -85.90133      48.8057
90     51.49148  80.20203  35.58847 -312.07003 -269.32476 -316.79082       -116.07750 -15.90301 -35.58847 -130.75332 -44.61355 -88.99227      43.7835
91     52.28344  80.00218  39.27153 -311.63259 -273.56217 -317.38293       -112.35670 -13.01191 -39.27153 -129.72377 -40.73066 -92.08321      39.6851
92     53.07539  79.80234  42.95458 -311.19515 -277.79958 -317.97504       -108.63589 -10.12081 -42.95458 -128.69422 -36.84777 -95.17415      36.8204
93     53.86734  79.60250  46.63763 -310.75772 -282.03699 -318.56715       -104.91509  -7.22972 -46.63763 -127.66467 -32.96487 -98.26509      35.4893
94     54.65930  79.40266  50.32068 -310.32028 -286.27440 -319.15926        -4.33862 -101.19429 -50.32068 -29.08198 -126.63513 -101.35603      35.863
95     55.45125  79.20282  54.00373 -309.88284 -290.51181 -319.75137        -1.44752 -97.47348 -54.00373 -25.19909 -125.60558 -104.44697      31.8911    *****
96     56.24321  79.00297  57.68678 -309.44541 -294.74922 -320.34349       -106.09433  -1.44357 -56.24321 -123.13245 -22.75977 -92.30911      24.9375
97     57.03516  78.80313  61.36983 -309.00797 -298.98663 -320.93560       -106.29418  -4.33467 -57.03516 -119.21181 -21.76797 -85.69721      16.625
98     57.82711  78.60329  65.05288 -308.57053 -303.22404 -321.52771       -106.49402  -7.22577 -57.82711 -115.29116 -20.77618 -79.08531      8.31252
99     58.61907  78.40345  68.73593 -308.13310 -307.46145 -322.11982       -106.69386 -10.11686 -58.61907 -111.37052 -19.78438 -72.47341      5.68434e-14
