Fol_2018-02-13.10_48_24.78_.txt     Output is probe cell, reduced cell, NCDist distance between
0    871.98374 -101.17054 851.19174 -8737.61151 -5135.11092 -1307.92278       -917.84109 -101.06488 -334.87416 -101.17054 -952.36229 -6934.05749      4.10691e-12
1    873.46781 -99.12776 844.63663 -8657.84180 -5116.50960 -1386.35724       -943.76439 -99.12776 -261.45061 -251.43883 -1058.27175 -6869.44078      209.856
2    874.95187 -97.08498 838.08151 -8578.07209 -5097.90828 -1464.79170       -935.16649 -97.08498 -188.02706 -401.81278 -1198.70242 -6804.82408      359.128
3    876.43593 -95.04220 831.52640 -8498.30237 -5079.30696 -1543.22616       -926.56860 -95.04220 -114.60350 -552.18673 -1339.13309 -6740.20738      522.598
4    877.91999 -92.99941 824.97129 -8418.53266 -5060.70564 -1621.66062       -917.97070 -92.99941 -41.17995 -702.56068 -1479.56376 -6675.59068      721.942
5    879.40406 -90.95663 818.41617 -8338.76295 -5042.10432 -1700.09508       -1587.75083 -58.71303 -32.24360 -820.69102 -877.12920 -6643.21757      869.644
6    880.88812 -88.91385 811.86106 -8258.99323 -5023.50300 -1778.52954       -811.86106 -88.91385 -880.88812 -16.75330 -1638.00464 -6635.27112      935.957
7    882.37218 -86.87107 805.30594 -8179.22352 -5004.90168 -1856.96400       -805.30594 -86.87107 -882.37218 -92.21964 -1629.54543 -6568.61164      951.224
8    883.85625 -84.82829 798.75083 -8099.45381 -4986.30035 -1935.39846       -798.75083 -84.82829 -883.85625 -167.68597 -1621.08621 -6501.95215      976.81
9    885.34031 -82.78550 792.19571 -8019.68409 -4967.69903 -2013.83292       -792.19571 -82.78550 -885.34031 -243.15230 -1612.62699 -6435.29267      1011.93
10    886.82437 -80.74272 785.64060 -7939.91438 -4949.09771 -2092.26738       -785.64060 -80.74272 -886.82437 -318.61864 -1604.16777 -6368.63318      1055.64
11    888.30843 -78.69994 779.08548 -7860.14467 -4930.49639 -2170.70184       -779.08548 -78.69994 -888.30843 -394.08497 -1595.70856 -6301.97370      1106.92
12    889.79250 -76.65716 772.53037 -7780.37495 -4911.89507 -2249.13630       -772.53037 -76.65716 -889.79250 -469.55131 -1587.24934 -6235.31421      1164.76
13    891.27656 -74.61438 765.97526 -7700.60524 -4893.29375 -2327.57076       -765.97526 -74.61438 -891.27656 -545.01764 -1578.79012 -6168.65473      1228.25
14    892.76062 -72.57159 759.42014 -7620.83553 -4874.69243 -2406.00522       -759.42014 -72.57159 -892.76062 -620.48397 -1570.33090 -6101.99524      1296.55
15    894.24469 -70.52881 752.86503 -7541.06581 -4856.09111 -2484.43968       -752.86503 -70.52881 -894.24469 -695.95031 -1561.87168 -6035.33576      1368.94
16    895.72875 -68.48603 746.30991 -7461.29610 -4837.48979 -2562.87414       -746.30991 -68.48603 -895.72875 -771.41664 -1553.41247 -5968.67627      1444.82
17    897.21281 -66.44325 739.75480 -7381.52639 -4818.88847 -2641.30860       -739.75480 -66.44325 -897.21281 -846.88298 -1544.95325 -5902.01679      1523.65
18    898.69687 -64.40047 733.19968 -7301.75667 -4800.28715 -2719.74306       -733.19968 -64.40047 -898.69687 -922.34931 -1536.49403 -5835.35730      1605
19    900.18094 -62.35768 726.64457 -7221.98696 -4781.68583 -2798.17752       -726.64457 -62.35768 -900.18094 -997.81564 -1528.03481 -5768.69782      1682.45
20    901.66500 -60.31490 720.08946 -7142.21725 -4763.08451 -2876.61198       -720.08946 -60.31490 -901.66500 -1073.28198 -1519.57560 -5702.03833      1758.06
21    903.14906 -58.27212 713.53434 -7062.44753 -4744.48319 -2955.04644       -713.53434 -58.27212 -903.14906 -1148.74831 -1511.11638 -5635.37885      1836.15
22    904.63313 -56.22934 706.97923 -6982.67782 -4725.88187 -3033.48090       -706.97923 -56.22934 -904.63313 -1224.21465 -1502.65716 -5568.71936      1916.42
23    906.11719 -54.18656 700.42411 -6902.90811 -4707.28055 -3111.91536       -700.42411 -54.18656 -906.11719 -1299.68098 -1494.19794 -5502.05988      1998.59
24    907.60125 -52.14377 693.86900 -6823.13839 -4688.67923 -3190.34982       -693.86900 -52.14377 -907.60125 -1375.14731 -1485.73873 -5435.40040      2082.45
25    909.08531 -50.10099 687.31388 -6743.36868 -4670.07791 -3268.78428       -687.31388 -50.10099 -909.08531 -1450.61365 -1477.27951 -5368.74091      2167.8
26    910.56938 -48.05821 680.75877 -6663.59897 -4651.47658 -3347.21874       -680.75877 -48.05821 -910.56938 -1526.07998 -1468.82029 -5302.08143      2254.47
27    912.05344 -46.01543 674.20366 -6583.82925 -4632.87526 -3425.65320       -674.20366 -46.01543 -912.05344 -1601.54632 -1460.36107 -5235.42194      2342.31
28    913.53750 -43.97265 667.64854 -6504.05954 -4614.27394 -3504.08766       -667.64854 -43.97265 -913.53750 -1677.01265 -1451.90186 -5168.76246      2431.2
29    915.02157 -41.92986 661.09343 -6424.28982 -4595.67262 -3582.52212       -661.09343 -41.92986 -915.02157 -1752.47898 -1443.44264 -5102.10297      2521.02
30    916.50563 -39.88708 654.53831 -6344.52011 -4577.07130 -3660.95658       -654.53831 -39.88708 -916.50563 -1827.94532 -1434.98342 -5035.44349      2611.68
31    917.98969 -37.84430 647.98320 -6264.75040 -4558.46998 -3739.39104       -647.98320 -37.84430 -917.98969 -1903.41165 -1426.52420 -4968.78400      2703.1
32    919.47375 -35.80152 641.42808 -6184.98068 -4539.86866 -3817.82549       -641.42808 -35.80152 -919.47375 -1978.87799 -1418.06499 -4902.12452      2795.2
33    920.95782 -33.75874 634.87297 -6105.21097 -4521.26734 -3896.25995       -33.75874 -634.87297 -920.95782 -1409.60577 -2054.34432 -4835.46503      2887.91
34    922.44188 -31.71595 628.31785 -6025.44126 -4502.66602 -3974.69441       -31.71595 -628.31785 -922.44188 -1401.14655 -2129.81065 -4768.80555      2981.18
35    923.92594 -29.67317 621.76274 -5945.67154 -4484.06470 -4053.12887       -29.67317 -621.76274 -923.92594 -1392.68733 -2205.27699 -4702.14606      3074.96
36    925.41001 -27.63039 615.20763 -5865.90183 -4465.46338 -4131.56333       -27.63039 -615.20763 -925.41001 -1384.22811 -2280.74332 -4635.48658      3169.21
37    926.89407 -25.58761 608.65251 -5786.13212 -4446.86206 -4209.99779       -25.58761 -608.65251 -926.89407 -1375.76890 -2356.20966 -4568.82709      3254.84
38    928.37813 -23.54482 602.09740 -5706.36240 -4428.26074 -4288.43225       -23.54482 -602.09740 -928.37813 -1367.30968 -2431.67599 -4502.16761      3332.96
39    929.86219 -21.50204 595.54228 -5626.59269 -4409.65942 -4366.86671       -21.50204 -595.54228 -929.86219 -1358.85046 -2507.14232 -4435.50812      3412.3
40    931.34626 -19.45926 588.98717 -5546.82298 -4391.05810 -4445.30117       -19.45926 -588.98717 -931.34626 -1350.39124 -2582.60866 -4368.84864      3492.78
41    932.83032 -17.41648 582.43205 -5467.05326 -4372.45678 -4523.73563       -17.41648 -582.43205 -932.83032 -1341.93203 -2658.07499 -4302.18915      3574.31
42    934.31438 -15.37370 575.87694 -5387.28355 -4353.85546 -4602.17009       -15.37370 -575.87694 -934.31438 -1333.47281 -2733.54133 -4235.52967      3656.84
43    935.79845 -13.33091 569.32183 -5307.51384 -4335.25414 -4680.60455       -13.33091 -569.32183 -935.79845 -1325.01359 -2809.00766 -4168.87019      3740.28
44    937.28251 -11.28813 562.76671 -5227.74412 -4316.65281 -4759.03901       -11.28813 -562.76671 -937.28251 -1316.55437 -2884.47399 -4102.21070      3824.59
45    938.76657  -9.24535 556.21160 -5147.97441 -4298.05149 -4837.47347        -9.24535 -556.21160 -938.76657 -1308.09516 -2959.94033 -4035.55122      3909.7
46    940.25063  -7.20257 549.65648 -5068.20470 -4279.45017 -4915.90793        -7.20257 -549.65648 -940.25063 -1299.63594 -3035.40666 -3968.89173      3995.57
47    941.73470  -5.15979 543.10137 -4988.43498 -4260.84885 -4994.34239        -5.15979 -543.10137 -941.73470 -1291.17672 -3110.87300 -3902.23225      4082.15
48    943.21876  -3.11700 536.54625 -4908.66527 -4242.24753 -5072.77685        -3.11700 -536.54625 -943.21876 -1282.71750 -3186.33933 -3835.57276      4169.38
49    944.70282  -1.07422 529.99114 -4828.89556 -4223.64621 -5151.21131        -1.07422 -529.99114 -944.70282 -1274.25829 -3261.80566 -3768.91328      4257.24
50    946.18689   0.96856 523.43603 -4749.12584 -4205.04489 -5229.64577       -3336.30344 -522.46747  -0.96856 -3701.28523 -945.21833 -1266.76763      4345.91
51    947.67095   3.01134 516.88091 -4669.35613 -4186.44357 -5308.08023       -3409.72699 -513.86957  -3.01134 -3632.58297 -944.65961 -1260.35119      4435.35
52    949.15501   5.05412 510.32580 -4589.58642 -4167.84225 -5386.51469       -3483.15054 -505.27167  -5.05412 -3563.88070 -944.10089 -1253.93476      4525.28
53    950.63907   7.09691 503.77068 -4509.81670 -4149.24093 -5464.94915       -3556.57410 -496.67378  -7.09691 -3495.17843 -943.54217 -1247.51832      4558.39
54    952.12314   9.13969 497.21557 -4430.04699 -4130.63961 -5543.38361       -3629.99765 -488.07588  -9.13969 -3426.47617 -942.98345 -1241.10189      4464.2
55    953.60720  11.18247 490.66045 -4350.27728 -4112.03829 -5621.81807       -3703.42120 -479.47798 -11.18247 -3357.77390 -942.42473 -1234.68545      4370.33
56    955.09126  13.22525 484.10534 -4270.50756 -4093.43697 -5700.25253       -941.86601 -3289.07163 -13.22525 -470.88009 -3776.84475 -1228.26901      4276.78
57    956.57533  15.26803 477.55023 -4190.73785 -4074.83565 -5778.68699       -941.30729 -3220.36936 -15.26803 -462.28219 -3850.26830 -1221.85258      4183.6
58    958.05939  17.31082 470.99511 -4110.96814 -4056.23433 -5857.12145       -940.74857 -3151.66710 -17.31082 -453.68429 -3923.69185 -1215.43614      4090.79
59    959.54345  19.35360 464.44000 -4031.19842 -4037.63301 -5935.55591       -940.18985 -3082.96483 -19.35360 -445.08640 -3997.11541 -1209.01971      3998.38
60    961.02751  21.39638 457.88488 -3951.42871 -4019.03169 -6013.99037       -939.63113 -3014.26256 -21.39638 -436.48850 -4070.53896 -1202.60327      3906.41
61    962.51158  23.43916 451.32977 -3871.65900 -4000.43036 -6092.42483       -939.07242 -23.43916 -2945.56030 -427.89061 -1196.18684 -4143.96251      3814.9
62    963.99564  25.48194 444.77465 -3791.88928 -3981.82904 -6170.85929       -938.51370 -25.48194 -2876.85803 -419.29271 -1189.77040 -4217.38606      3723.89
63    965.47970  27.52473 438.21954 -3712.11957 -3963.22772 -6249.29375       -937.95498 -27.52473 -2808.15576 -410.69481 -1183.35397 -4290.80961      3633.41
64    966.96377  29.56751 431.66442 -3632.34986 -3944.62640 -6327.72821       -937.39626 -29.56751 -2739.45350 -402.09692 -1176.93753 -4364.23317      3540.12
65    968.44783  31.61029 425.10931 -3552.58014 -3926.02508 -6406.16267       -936.83754 -31.61029 -2670.75123 -393.49902 -1170.52109 -4437.65672      3438.98
66    969.93189  33.65307 418.55420 -3472.81043 -3907.42376 -6484.59713       -936.27882 -33.65307 -2602.04896 -384.90112 -1164.10466 -4511.08027      3337.83
67    971.41595  35.69585 411.99908 -3393.04071 -3888.82244 -6563.03159       -935.72010 -35.69585 -2533.34670 -376.30323 -1157.68822 -4584.50382      3236.69
68    972.90002  37.73864 405.44397 -3313.27100 -3870.22112 -6641.46605       -935.16138 -37.73864 -2464.64443 -367.70533 -1151.27179 -4657.92737      3135.54
69    974.38408  39.78142 398.88885 -3233.50129 -3851.61980 -6719.90051       -934.60266 -39.78142 -2395.94216 -359.10743 -1144.85535 -4731.35093      3034.39
70    975.86814  41.82420 392.33374 -3153.73157 -3833.01848 -6798.33497       -934.04394 -41.82420 -2327.23990 -350.50954 -1138.43892 -4804.77448      2933.25
71    977.35221  43.86698 385.77862 -3073.96186 -3814.41716 -6876.76943       -933.48522 -43.86698 -2258.53763 -341.91164 -1132.02248 -4878.19803      2832.1
72    978.83627  45.90976 379.22351 -2994.19215 -3795.81584 -6955.20389       -932.92650 -45.90976 -2189.83536 -333.31375 -1125.60605 -4951.62158      2730.95
73    980.32033  47.95255 372.66840 -2914.42243 -3777.21452 -7033.63835       -932.36779 -47.95255 -2121.13310 -324.71585 -1119.18961 -5025.04513      2629.81
74    981.80439  49.99533 366.11328 -2834.65272 -3758.61320 -7112.07281       -931.80907 -49.99533 -2052.43083 -316.11795 -1112.77317 -5098.46869      2528.66
75    983.28846  52.03811 359.55817 -2754.88301 -3740.01188 -7190.50726       -931.25035 -52.03811 -1983.72856 -307.52006 -1106.35674 -5171.89224      2427.51
76    984.77252  54.08089 353.00305 -2675.11329 -3721.41056 -7268.94172       -930.69163 -54.08089 -1915.02630 -298.92216 -1099.94030 -5245.31579      2326.37
77    986.25658  56.12367 346.44794 -2595.34358 -3702.80924 -7347.37618       -930.13291 -56.12367 -1846.32403 -290.32426 -1093.52387 -5318.73934      2225.22
78    987.74065  58.16646 339.89282 -2515.57387 -3684.20792 -7425.81064       -929.57419 -58.16646 -1777.62176 -281.72637 -1087.10743 -5392.16289      2124.07
79    989.22471  60.20924 333.33771 -2435.80415 -3665.60659 -7504.24510       -929.01547 -60.20924 -1708.91950 -273.12847 -1080.69100 -5465.58645      2022.93
80    990.70877  62.25202 326.78260 -2356.03444 -3647.00527 -7582.67956       -928.45675 -62.25202 -1640.21723 -264.53057 -1074.27456 -5539.01000      1921.78
81    992.19283  64.29480 320.22748 -2276.26473 -3628.40395 -7661.11402       -927.89803 -64.29480 -1571.51496 -255.93268 -1067.85813 -5612.43355      1820.64
82    993.67690  66.33759 313.67237 -2196.49501 -3609.80263 -7739.54848       -927.33931 -66.33759 -1502.81270 -247.33478 -1061.44169 -5685.85710      1719.49
83    995.16096  68.38037 307.11725 -2116.72530 -3591.20131 -7817.98294       -926.78059 -68.38037 -1434.11043 -238.73688 -1055.02525 -5759.28065      1618.34
84    996.64502  70.42315 300.56214 -2036.95559 -3572.59999 -7896.41740       -926.22187 -70.42315 -1365.40816 -230.13899 -1048.60882 -5832.70421      1517.2
85    998.12909  72.46593 294.00702 -1957.18587 -3553.99867 -7974.85186       -925.66315 -72.46593 -1296.70589 -221.54109 -1042.19238 -5906.12776      1416.05
86    999.61315  74.50871 287.45191 -1877.41616 -3535.39735 -8053.28632       -925.10444 -74.50871 -1228.00363 -212.94320 -1035.77595 -5979.55131      1314.9
87    1001.09721  76.55150 280.89679 -1797.64645 -3516.79603 -8131.72078       -924.54572 -76.55150 -1159.30136 -204.34530 -1029.35951 -6052.97486      1213.76
88    1002.58127  78.59428 274.34168 -1717.87673 -3498.19471 -8210.15524       -923.98700 -78.59428 -1090.59909 -195.74740 -1022.94308 -6126.39841      1112.61
89    1004.06534  80.63706 267.78657 -1638.10702 -3479.59339 -8288.58970       -923.42828 -80.63706 -1021.89683 -187.14951 -1016.52664 -6199.82197      1011.46
90    1005.54940  82.67984 261.23145 -1558.33731 -3460.99207 -8367.02416       -922.86956 -82.67984 -953.19456 -178.55161 -1010.11021 -6273.24552      910.318
91    1007.03346  84.72262 254.67634 -1478.56759 -3442.39075 -8445.45862       -922.31084 -84.72262 -884.49229 -169.95371 -1003.69377 -6346.66907      809.171
92    1008.51753  86.76541 248.12122 -1398.79788 -3423.78943 -8523.89308       -921.75212 -86.76541 -815.79003 -161.35582 -997.27733 -6420.09262      708.025
93    1010.00159  88.80819 241.56611 -1319.02817 -3405.18811 -8602.32754       -921.19340 -88.80819 -747.08776 -152.75792 -990.86090 -6493.51617      606.879
94    1011.48565  90.85097 235.01099 -1239.25845 -3386.58679 -8680.76200       -920.63468 -90.85097 -678.38549 -144.16002 -984.44446 -6566.93973      505.732
95    1012.96972  92.89375 228.45588 -1159.48874 -3367.98547 -8759.19646       -920.07596 -92.89375 -609.68323 -135.56213 -978.02803 -6640.36328      404.586
96    1014.45378  94.93653 221.90077 -1079.71903 -3349.38415 -8837.63092       -919.51724 -94.93653 -540.98096 -126.96423 -971.61159 -6713.78683      303.439
97    1015.93784  96.97932 215.34565 -999.94931 -3330.78282 -8916.06538       -918.95852 -96.97932 -472.27869 -118.36634 -965.19516 -6787.21038      202.293
98    1017.42190  99.02210 208.79054 -920.17960 -3312.18150 -8994.49984       -918.39981 -99.02210 -403.57643 -109.76844 -958.77872 -6860.63393      101.146
99    1018.90597 101.06488 202.23542 -840.40989 -3293.58018 -9072.93430       -917.84109 -101.06488 -334.87416 -101.17054 -952.36229 -6934.05749      0
