Fol_2018-02-06.15_44_32.51_.txt     Output is probe cell, reduced cell, NCDist distance between
0    -116.07143  88.83595 -124.07880 -169.49534  89.34615 -164.37333       -34.73265 -26.72528  -0.51020 -80.14918 -75.02718 -89.34615      4.81914e-14
1    -115.24983  87.66867 -122.83063 -168.59285  87.68582 -163.61548       -35.14482 -27.56401  -0.01715 -80.90703 -75.92967 -87.68582      2.2939
2    -114.42823  86.50138 -121.58247 -167.69036  86.02548 -162.85763       -76.35625 -27.92684  -0.47590 -81.18898 -35.08108 -86.50138      3.67123
3    -113.60662  85.33410 -120.33430 -166.78788  84.36514 -162.09978       -76.76569 -28.27253  -0.96895 -81.45378 -35.00020 -85.33410      5.04722
4    -112.78502  84.16681 -119.08613 -165.88539  82.70481 -161.34193       -77.17512 -28.61821  -1.46200 -81.71858 -34.91932 -84.16681      6.43505
5    -111.96341  82.99953 -117.83796 -164.98291  81.04447 -160.58408       -77.58456 -28.96389  -1.95506 -81.98338 -34.83844 -82.99953      7.82842
6    -111.14181  81.83224 -116.58979 -164.08042  79.38413 -159.82623       -77.99399 -29.30957  -2.44811 -82.24818 -34.75755 -81.83224      9.22482
7    -110.32021  80.66496 -115.34163 -163.17793  77.72380 -159.06838       -78.40343 -29.65525  -2.94116 -82.51298 -34.67667 -80.66496      10.6231
8    -109.49860  79.49767 -114.09346 -162.27545  76.06346 -158.31053       -78.81286 -30.00093  -3.43421 -82.77778 -34.59579 -79.49767      12.0225
9    -108.67700  78.33039 -112.84529 -161.37296  74.40312 -157.55268       -79.22230 -30.34661  -3.92726 -83.04257 -34.51491 -78.33039      13.4228
10    -107.85539  77.16310 -111.59712 -160.47047  72.74279 -156.79483       -79.63173 -30.69229  -4.42031 -83.30737 -34.43402 -77.16310      14.8236
11    -107.03379  75.99582 -110.34896 -159.56799  71.08245 -156.03698       -31.03798 -80.04117  -4.91337 -34.35314 -83.57217 -75.99582      16.2249
12    -106.21219  74.82853 -109.10079 -158.66550  69.42211 -155.27913       -31.38366 -80.45060  -5.40642 -34.27226 -83.83697 -74.82853      17.6265
13    -105.39058  73.66124 -107.85262 -157.76301  67.76178 -154.52128       -31.72934 -80.86004  -5.89947 -34.19138 -84.10177 -73.66124      19.0284
14    -104.56898  72.49396 -106.60445 -156.86053  66.10144 -153.76343       -32.07502 -81.26947  -6.39252 -34.11049 -84.36657 -72.49396      20.4305
15    -103.74737  71.32667 -105.35629 -155.95804  64.44110 -153.00558       -32.42070 -81.67891  -6.88557 -34.02961 -84.63137 -71.32667      21.8327
16    -102.92577  70.15939 -104.10812 -155.05556  62.78077 -152.24773       -32.76638 -82.08834  -7.37862 -33.94873 -84.89617 -70.15939      23.2351
17    -102.10417  68.99210 -102.85995 -154.15307  61.12043 -151.48988       -33.11206 -82.49777  -7.87167 -33.86785 -85.16096 -68.99210      24.6376
18    -101.28256  67.82482 -101.61178 -153.25058  59.46009 -150.73203       -33.45774 -82.90721  -8.36473 -33.78696 -85.42576 -67.82482      26.0402
19    -100.46096  66.65753 -100.36361 -152.34810  57.79976 -149.97418       -33.80343 -83.31664  -8.85778 -33.70608 -85.69056 -66.65753      27.4428
20    -99.63936  65.49025 -99.11545 -151.44561  56.13942 -149.21633       -34.14911 -83.72608  -9.35083 -33.62520 -85.95536 -65.49025      28.8456
21    -98.81775  64.32296 -97.86728 -150.54312  54.47908 -148.45848       -34.49479 -84.13551  -9.84388 -33.54432 -86.22016 -64.32296      30.2484
22    -97.99615  63.15568 -96.61911 -149.64064  52.81875 -147.70063       -34.84047 -84.54495 -10.33693 -33.46343 -86.48496 -63.15568      31.6168
23    -97.17454  61.98839 -95.37094 -148.73815  51.15841 -146.94278       -86.74976 -33.38255 -10.82998 -84.95438 -35.18615 -61.98839      32.895
24    -96.35294  60.82111 -94.12278 -147.83566  49.49807 -146.18493       -87.01456 -33.30167 -11.32304 -85.36382 -35.53183 -60.82111      34.1831
25    -95.53134  59.65382 -92.87461 -146.93318  47.83774 -145.42708       -87.27935 -33.22079 -11.81609 -85.77325 -35.87751 -59.65382      35.4799
26    -94.70973  58.48654 -91.62644 -146.03069  46.17740 -144.66923       -87.54415 -33.13990 -12.30914 -86.18269 -36.22319 -58.48654      36.7845
27    -93.88813  57.31925 -90.37827 -145.12820  44.51706 -143.91138       -87.80895 -33.05902 -12.80219 -86.59212 -36.56888 -57.31925      38.0961
28    -93.06652  56.15197 -89.13011 -144.22572  42.85673 -143.15353       -88.07375 -32.97814 -13.29524 -87.00156 -36.91456 -56.15197      39.4141
29    -92.24492  54.98468 -87.88194 -143.32323  41.19639 -142.39568       -88.33855 -32.89726 -13.78829 -87.41099 -37.26024 -54.98468      40.7378
30    -91.42332  53.81740 -86.63377 -142.42075  39.53605 -141.63783       -88.60335 -32.81637 -14.28134 -87.82043 -37.60592 -53.81740      42.0666
31    -90.60171  52.65011 -85.38560 -141.51826  37.87572 -140.87997       -88.86815 -32.73549 -14.77440 -88.22986 -37.95160 -52.65011      43.4001
32    -89.78011  51.48283 -84.13744 -140.61577  36.21538 -140.12212       -89.13295 -32.65461 -15.26745 -88.63930 -38.29728 -51.48283      44.7379
33    -88.95850  50.31554 -82.88927 -139.71329  34.55504 -139.36427       -89.39774 -32.57373 -15.76050 -89.04873 -38.64296 -50.31554      46.0797
34    -88.13690  49.14826 -81.64110 -138.81080  32.89471 -138.60642       -89.66254 -32.49284 -16.25355 -89.45817 -38.98864 -49.14826      47.4249
35    -87.31530  47.98097 -80.39293 -137.90831  31.23437 -137.84857       -89.92734 -32.41196 -16.74660 -89.86760 -39.33433 -47.98097      48.7735
36    -86.49369  46.81369 -79.14476 -137.00583  29.57403 -137.09072       -90.19214 -32.33108 -17.23965 -90.27704 -39.68001 -46.81369      50.125
37    -85.67209  45.64640 -77.89660 -136.10334  27.91370 -136.33287       -90.45694 -32.25020 -17.73271 -90.68647 -40.02569 -45.64640      51.4794
38    -84.85049  44.47912 -76.64843 -135.20085  26.25336 -135.57502       -90.72174 -32.16931 -18.22576 -91.09591 -40.37137 -44.47912      52.8363
39    -84.02888  43.31183 -75.40026 -134.29837  24.59302 -134.81717       -90.98654 -32.08843 -18.71881 -91.50534 -40.71705 -43.31183      54.1955
40    -83.20728  42.14455 -74.15209 -133.39588  22.93269 -134.05932       -91.25134 -32.00755 -19.21186 -91.91478 -41.06273 -42.14455      55.557
41    -82.38567  40.97726 -72.90393 -132.49340  21.27235 -133.30147       -91.51614 -31.92667 -19.70491 -92.32421 -41.40841 -40.97726      56.9205
42    -81.56407  39.80998 -71.65576 -131.59091  19.61201 -132.54362       -91.78093 -31.84578 -20.19796 -92.73365 -41.75409 -39.80998      58.2858
43    -80.74247  38.64269 -70.40759 -130.68842  17.95168 -131.78577       -92.04573 -31.76490 -20.69101 -93.14308 -42.09978 -38.64269      59.653
44    -79.92086  37.47540 -69.15942 -129.78594  16.29134 -131.02792       -92.31053 -31.68402 -21.18407 -93.55252 -42.44546 -37.47540      61.0218
45    -79.09926  36.30812 -67.91126 -128.88345  14.63100 -130.27007       -92.57533 -31.60314 -21.67712 -93.96195 -42.79114 -36.30812      61.0355
46    -78.27765  35.14083 -66.66309 -127.98096  12.97067 -129.51222       -92.84013 -31.52225 -22.17017 -94.37139 -43.13682 -35.14083      60.843
47    -77.45605  33.97355 -65.41492 -127.07848  11.31033 -128.75437       -93.10493 -22.66322 -31.44137 -94.78082 -33.97355 -43.48250      60.6823
48    -76.63445  32.80626 -64.16675 -126.17599   9.64999 -127.99652       -93.36973 -23.15627 -31.36049 -95.19026 -32.80626 -43.82818      60.5538
49    -75.81284  31.63898 -62.91858 -125.27350   7.98966 -127.23867       -93.63453 -23.64932 -31.27961 -95.59969 -31.63898 -44.17386      60.4575
50    -74.99124  30.47169 -61.67042 -124.37102   6.32932 -126.48082       -93.89932 -24.14238 -31.19872 -96.00913 -30.47169 -44.51954      60.3937
51    -74.16963  29.30441 -60.42225 -123.46853   4.66898 -125.72297       -94.16412 -24.63543 -31.11784 -96.41856 -29.30441 -44.86523      60.3625
52    -73.34803  28.13712 -59.17408 -122.56604   3.00864 -124.96512       -94.42892 -25.12848 -31.03696 -96.82800 -28.13712 -45.21091      60.3639
53    -72.52643  26.96984 -57.92591 -121.66356   1.34831 -124.20727       -25.62153 -94.69372 -30.95608 -26.96984 -97.23743 -45.55659      60.398
54    -71.70482  25.80255 -56.67775 -120.76107  -0.31203 -123.44942       -26.11458 -94.95852 -30.87519 -25.80255 -97.64686 -45.90227      60.4645
55    -70.88322  24.63527 -55.42958 -119.85859  -1.97237 -122.69157       -26.60763 -95.22332 -30.79431 -24.63527 -98.05630 -46.24795      60.5424
56    -70.06161  23.46798 -54.18141 -118.95610  -3.63270 -121.93372       -98.46573 -23.46798 -30.71343 -95.48812 -27.10068 -46.59363      60.4665
57    -69.24001  22.30070 -52.93324 -118.05361  -5.29304 -121.17587       -98.87517 -22.30070 -30.63255 -95.75292 -27.59374 -46.93931      60.4231
58    -68.41841  21.13341 -51.68508 -117.15113  -6.95338 -120.41802       -99.28460 -21.13341 -30.55166 -96.01771 -28.08679 -47.28499      60.4123
59    -67.59680  19.96613 -50.43691 -116.24864  -8.61371 -119.66017       -99.69404 -19.96613 -30.47078 -96.28251 -28.57984 -47.63068      60.4341
60    -66.77520  18.79884 -49.18874 -115.34615 -10.27405 -118.90232       -100.10347 -18.79884 -30.38990 -96.54731 -29.07289 -47.97636      60.4885
61    -65.95360  17.63156 -47.94057 -114.44367 -11.93439 -118.14447       -100.51291 -17.63156 -30.30902 -96.81211 -29.56594 -48.32204      60.5753
62    -65.13199  16.46427 -46.69241 -113.54118 -13.59472 -117.38662       -100.92234 -16.46427 -30.22813 -97.07691 -30.05899 -48.66772      60.6945
63    -64.31039  15.29699 -45.44424 -112.63869 -15.25506 -116.62876       -101.33178 -15.29699 -30.14725 -97.34171 -30.55205 -49.01340      60.8458
64    -63.48878  14.12970 -44.19607 -111.73621 -16.91540 -115.87091       -101.74121 -14.12970 -30.06637 -97.60651 -31.04510 -49.35908      61.029
65    -62.66718  12.96242 -42.94790 -110.83372 -18.57573 -115.11306       -102.15065 -12.96242 -29.98549 -97.87131 -31.53815 -49.70476      61.2438
66    -61.84558  11.79513 -41.69973 -109.93124 -20.23607 -114.35521       -102.56008 -29.90460 -11.79513 -98.13610 -50.05044 -32.03120      61.4899
67    -61.02397  10.62785 -40.45157 -109.02875 -21.89641 -113.59736       -102.96952 -29.82372 -10.62785 -98.40090 -50.39613 -32.52425      61.7669
68    -60.20237   9.46056 -39.20340 -108.12626 -23.55674 -112.83951       -103.37895 -29.74284  -9.46056 -98.66570 -50.74181 -33.01730      62.0745
69    -59.38076   8.29328 -37.95523 -107.22378 -25.21708 -112.08166       -103.78839 -29.66196  -8.29328 -98.93050 -51.08749 -33.51035      62.412
70    -58.55916   7.12599 -36.70706 -106.32129 -26.87742 -111.32381       -104.19782 -29.58107  -7.12599 -99.19530 -51.43317 -34.00341      62.7792
71    -57.73756   5.95871 -35.45890 -105.41880 -28.53775 -110.56596       -104.60726 -29.50019  -5.95871 -99.46010 -51.77885 -34.49646      63.1753
72    -56.91595   4.79142 -34.21073 -104.51632 -30.19809 -109.80811       -105.01669 -29.41931  -4.79142 -99.72490 -52.12453 -34.98951      63.6
73    -56.09435   3.62413 -32.96256 -103.61383 -31.85843 -109.05026       -105.42613 -29.33843  -3.62413 -99.98970 -52.47021 -35.48256      64.0527
74    -55.27274   2.45685 -31.71439 -102.71134 -33.51876 -108.29241       -105.83556 -29.25754  -2.45685 -100.25449 -52.81589 -35.97561      64.5326
75    -54.45114   1.28956 -30.46623 -101.80886 -35.17910 -107.53456       -106.24500 -29.17666  -1.28956 -100.51929 -53.16158 -36.46866      64.2923
76    -53.62954   0.12228 -29.21806 -100.90637 -36.83944 -106.77671       -106.65443 -29.09578  -0.12228 -100.78409 -53.50726 -36.96172      63.7555
77    -52.80793  -1.04501 -27.96989 -100.00388 -38.49977 -106.01886        -1.04501 -52.80793 -27.96989 -38.49977 -100.00388 -106.01886      51.4846    *****
78    -51.98633  -2.21229 -26.72172 -99.10140 -40.16011 -105.26101        -2.21229 -51.98633 -26.72172 -40.16011 -99.10140 -105.26101      50.1525
79    -51.16472  -3.37958 -25.47356 -98.19891 -41.82045 -104.50316        -3.37958 -51.16472 -25.47356 -41.82045 -98.19891 -104.50316      48.9424
80    -50.34312  -4.54686 -24.22539 -97.29643 -43.48078 -103.74531        -4.54686 -50.34312 -24.22539 -43.48078 -97.29643 -103.74531      47.8636
81    -49.52152  -5.71415 -22.97722 -96.39394 -45.14112 -102.98746        -5.71415 -49.52152 -22.97722 -45.14112 -96.39394 -102.98746      46.9253
82    -48.69991  -6.88143 -21.72905 -95.49145 -46.80146 -102.22961        -6.88143 -48.69991 -21.72905 -46.80146 -95.49145 -102.22961      46.1358
83    -47.87831  -8.04872 -20.48088 -94.58897 -48.46179 -101.47176        -8.04872 -47.87831 -20.48088 -48.46179 -94.58897 -101.47176      44.5164
84    -47.05671  -9.21600 -19.23272 -93.68648 -50.12213 -100.71391        -9.21600 -47.05671 -19.23272 -50.12213 -93.68648 -100.71391      41.7341    *****
85    -46.23510 -10.38329 -17.98455 -92.78399 -51.78247 -99.95606       -10.38329 -46.23510 -17.98455 -51.78247 -92.78399 -99.95606      38.9518
86    -45.41350 -11.55057 -16.73638 -91.88151 -53.44280 -99.19821       -11.55057 -45.41350 -16.73638 -53.44280 -91.88151 -99.19821      36.1696
87    -44.59189 -12.71786 -15.48821 -90.97902 -55.10314 -98.44036       -12.71786 -44.59189 -15.48821 -55.10314 -90.97902 -98.44036      33.3873
88    -43.77029 -13.88514 -14.24005 -90.07653 -56.76348 -97.68251       -13.88514 -43.77029 -14.24005 -56.76348 -90.07653 -97.68251      30.605
89    -42.94869 -15.05243 -12.99188 -89.17405 -58.42381 -96.92466       -15.05243 -42.94869 -12.99188 -58.42381 -89.17405 -96.92466      27.8227
90    -42.12708 -16.21971 -11.74371 -88.27156 -60.08415 -96.16681       -16.21971 -42.12708 -11.74371 -60.08415 -88.27156 -96.16681      25.0405
91    -41.30548 -17.38700 -10.49554 -87.36908 -61.74449 -95.40896       -17.38700 -41.30548 -10.49554 -61.74449 -87.36908 -95.40896      22.2582
92    -40.48387 -18.55428  -9.24738 -86.46659 -63.40482 -94.65111       -18.55428 -40.48387  -9.24738 -63.40482 -86.46659 -94.65111      19.4759
93    -39.66227 -19.72157  -7.99921 -85.56410 -65.06516 -93.89326       -19.72157 -39.66227  -7.99921 -65.06516 -85.56410 -93.89326      16.6936
94    -38.84067 -20.88885  -6.75104 -84.66162 -66.72550 -93.13541       -38.84067 -20.88885  -6.75104 -84.66162 -66.72550 -93.13541      13.9114
95    -38.01906 -22.05614  -5.50287 -83.75913 -68.38583 -92.37756       -38.01906 -22.05614  -5.50287 -83.75913 -68.38583 -92.37756      11.1291
96    -37.19746 -23.22342  -4.25470 -82.85664 -70.04617 -91.61970       -37.19746 -23.22342  -4.25470 -82.85664 -70.04617 -91.61970      8.34682
97    -36.37585 -24.39071  -3.00654 -81.95416 -71.70651 -90.86185       -36.37585 -24.39071  -3.00654 -81.95416 -71.70651 -90.86185      5.56455
98    -35.55425 -25.55799  -1.75837 -81.05167 -73.36684 -90.10400       -35.55425 -25.55799  -1.75837 -81.05167 -73.36684 -90.10400      2.78227
99    -34.73265 -26.72528  -0.51020 -80.14918 -75.02718 -89.34615       -34.73265 -26.72528  -0.51020 -80.14918 -75.02718 -89.34615      0
