Fol_2018-02-06.15_19_32.2_.txt     Output is probe cell, reduced cell, NCDist distance between
0    -226.88100  42.92997 -165.27288 -72.79949 -166.61773  44.48536       -72.79949 -42.92997 -44.48536 -52.05035 -77.64701 -79.41295      9.53293e-14
1    -225.32463  42.06270 -164.05281 -72.58990 -165.71904  43.23386       -72.58990 -43.23386 -42.06270 -54.73151 -79.92742 -79.25131      3.51986
2    -223.76825  41.19542 -162.83273 -72.38032 -164.82034  41.98236       -72.38032 -41.98236 -41.19542 -57.41267 -80.44188 -80.85562      7.03972
3    -222.21187  40.32815 -161.61265 -72.17073 -163.92165  40.73087       -72.17073 -40.73087 -40.32815 -60.09383 -80.95635 -82.45992      10.3657
4    -220.65549  39.46088 -160.39258 -71.96114 -163.02296  39.47937       -71.96114 -39.47937 -39.46088 -62.77500 -81.47082 -84.06422      13.7524    *****
5    -219.09911  38.59361 -159.17250 -71.75155 -162.12426  38.22787       -71.75155 -38.22787 -38.59361 -65.45616 -81.98529 -85.66852      17.1927
6    -217.54273  37.72634 -157.95243 -71.54197 -161.22557  36.97637       -71.54197 -36.97637 -37.72634 -68.13732 -82.49976 -87.27282      20.6598
7    -215.98635  36.85906 -156.73235 -71.33238 -160.32687  35.72487       -71.33238 -35.72487 -36.85906 -70.81848 -83.01422 -88.87713      24.1422
8    -214.42997  35.99179 -155.51227 -71.12279 -159.42818  34.47338       -71.12279 -34.47338 -35.99179 -73.49964 -83.52869 -90.48143      27.6341
9    -212.87359  35.12452 -154.29220 -70.91320 -158.52948  33.22188       -70.91320 -33.22188 -35.12452 -76.18080 -84.04316 -92.08573      31.1323
10    -211.31722  34.25725 -153.07212 -70.70362 -157.63079  31.97038       -70.70362 -31.97038 -34.25725 -78.86196 -84.55763 -93.69003      34.6349
11    -209.76084  33.38997 -151.85205 -70.49403 -156.73210  30.71888       -70.49403 -30.71888 -33.38997 -81.54312 -85.07210 -95.29433      38.1406
12    -208.20446  32.52270 -150.63197 -70.28444 -155.83340  29.46738       -70.28444 -29.46738 -32.52270 -84.22429 -85.58657 -96.89864      41.6488
13    -206.64808  31.65543 -149.41189 -70.07486 -154.93471  28.21588       -70.07486 -28.21588 -31.65543 -86.90545 -86.10103 -98.50294      45.1587
14    -205.09170  30.78816 -148.19182 -69.86527 -154.03601  26.96439       -69.86527 -26.96439 -30.78816 -89.58661 -86.61550 -100.10724      48.6701
15    -203.53532  29.92089 -146.97174 -69.65568 -153.13732  25.71289       -69.65568 -25.71289 -29.92089 -92.26777 -87.12997 -101.71154      52.1827
16    -201.97894  29.05361 -145.75167 -69.44609 -152.23863  24.46139       -69.44609 -24.46139 -29.05361 -94.94893 -87.64444 -103.31584      55.6961
17    -200.42256  28.18634 -144.53159 -69.23651 -151.33993  23.20989       -69.23651 -23.20989 -28.18634 -97.63009 -88.15891 -104.92015      59.2103
18    -198.86618  27.31907 -143.31151 -69.02692 -150.44124  21.95839       -69.02692 -21.95839 -27.31907 -100.31125 -88.67337 -106.52445      62.7252
19    -197.30980  26.45180 -142.09144 -68.81733 -149.54254  20.70690       -68.81733 -20.70690 -26.45180 -102.99242 -89.18784 -108.12875      66.2406
20    -195.75343  25.58453 -140.87136 -68.60774 -148.64385  19.45540       -68.60774 -19.45540 -25.58453 -105.67358 -89.70231 -109.73305      69.7564
21    -194.19705  24.71725 -139.65129 -68.39816 -147.74515  18.20390       -68.39816 -18.20390 -24.71725 -108.35474 -90.21678 -111.33735      73.2726
22    -192.64067  23.84998 -138.43121 -68.18857 -146.84646  16.95240       -68.18857 -16.95240 -23.84998 -111.03590 -90.73125 -112.94166      76.7892
23    -191.08429  22.98271 -137.21113 -67.97898 -145.94777  15.70090       -67.97898 -15.70090 -22.98271 -113.71706 -91.24572 -114.54596      80.306
24    -189.52791  22.11544 -135.99106 -67.76940 -145.04907  14.44941       -67.76940 -14.44941 -22.11544 -116.39822 -91.76018 -116.15026      83.8231
25    -187.97153  21.24817 -134.77098 -67.55981 -144.15038  13.19791       -67.55981 -13.19791 -21.24817 -119.07938 -92.27465 -117.75456      87.3405
26    -186.41515  20.38089 -133.55091 -67.35022 -143.25168  11.94641       -67.35022 -11.94641 -20.38089 -121.76054 -92.78912 -119.35886      90.858
27    -184.85877  19.51362 -132.33083 -67.14063 -142.35299  10.69491       -67.14063 -10.69491 -19.51362 -124.44171 -93.30359 -120.96317      94.3757
28    -183.30239  18.64635 -131.11075 -66.93105 -141.45430   9.44341       -66.93105  -9.44341 -18.64635 -127.12287 -93.81806 -122.56747      97.8935
29    -181.74602  17.77908 -129.89068 -66.72146 -140.55560   8.19192       -66.72146  -8.19192 -17.77908 -129.80403 -94.33252 -124.17177      101.412
30    -180.18964  16.91181 -128.67060 -66.51187 -139.65691   6.94042       -66.51187  -6.94042 -16.91181 -132.48519 -94.84699 -125.77607      104.93
31    -178.63326  16.04453 -127.45053 -66.30228 -138.75821   5.68892       -66.30228  -5.68892 -16.04453 -135.16635 -95.36146 -127.38037      108.448
32    -177.07688  15.17726 -126.23045 -66.09270 -137.85952   4.43742       -66.09270  -4.43742 -15.17726 -137.84751 -95.87593 -128.98468      111.966
33    -175.52050  14.30999 -125.01037 -65.88311 -136.96083   3.18592       -65.88311  -3.18592 -14.30999 -140.52867 -96.39040 -130.58898      115.485
34    -173.96412  13.44272 -123.79030 -65.67352 -136.06213   1.93443       -65.67352  -1.93443 -13.44272 -143.20983 -96.90486 -132.19328      119.003
35    -172.40774  12.57545 -122.57022 -65.46394 -135.16344   0.68293       -65.46394  -0.68293 -12.57545 -145.89100 -97.41933 -133.79758      122.522
36    -170.85136  11.70817 -121.35015 -65.25435 -134.26474  -0.56857       -134.83331 -11.13960  -0.56857 -148.00359 -64.68578 -98.50237      125.632
37    -169.29498  10.84090 -120.13007 -65.04476 -133.36605  -1.82007       -135.18612  -9.02083  -1.82007 -149.43325 -63.22469 -100.26834      128.288
38    -167.73860   9.97363 -118.91000 -64.83517 -132.46735  -3.07157       -135.53892  -6.90206  -3.07157 -150.86291 -61.76361 -102.03430      130.993
39    -166.18223   9.10636 -117.68992 -64.62559 -131.56866  -4.32306       -135.89172  -4.78329  -4.32306 -152.29258 -60.30252 -103.80027      133.745
40    -164.62585   8.23908 -116.46984 -64.41600 -130.66997  -5.57456       -136.24453  -2.66452  -5.57456 -153.72224 -58.84144 -105.56624      136.145
41    -163.06947   7.37181 -115.24977 -64.20641 -129.77127  -6.82606       -136.59733  -0.54575  -6.82606 -155.15190 -57.38035 -107.33220      137.155
42    -161.51309   6.50454 -114.02969 -63.99682 -128.87258  -8.07756       -107.52515  -1.57302  -6.50454 -155.00855 -57.49228 -135.37712      136.005
43    -159.95671   5.63727 -112.80962 -63.78724 -127.97388  -9.32906       -107.17235  -3.69179  -5.63727 -154.31944 -58.14997 -133.61115      134.19
44    -158.40033   4.77000 -111.58954 -63.57765 -127.07519 -10.58055       -106.81954  -5.81056  -4.77000 -153.63033 -58.80765 -131.84519      132.42
45    -156.84395   3.90272 -110.36946 -63.36806 -126.17650 -11.83205       -106.46674  -7.92933  -3.90272 -152.94123 -59.46534 -130.07922      130.698
46    -155.28757   3.03545 -109.14939 -63.15848 -125.27780 -13.08355       -106.11393 -10.04810  -3.03545 -152.25212 -60.12302 -128.31325      129.027
47    -153.73119   2.16818 -107.92931 -62.94889 -124.37911 -14.33505       -105.76113 -12.16687  -2.16818 -151.56301 -60.78071 -126.54729      127.209
48    -152.17482   1.30091 -106.70924 -62.73930 -123.48041 -15.58655       -105.40833 -14.28564  -1.30091 -150.87391 -61.43839 -124.78132      125.064
49    -150.61844   0.43364 -105.48916 -62.52971 -122.58172 -16.83804       -105.05552 -16.40441  -0.43364 -150.18480 -62.09608 -123.01536      122.958
50    -149.06206  -0.43364 -104.26908 -62.32013 -121.68303 -18.08954       -18.08954 -62.32013  -0.43364 -104.26908 -149.06206 -121.68303      120.724
51    -147.50568  -1.30091 -103.04901 -62.11054 -120.78433 -19.34104       -19.34104 -62.11054  -1.30091 -103.04901 -147.50568 -120.78433      118.321
52    -145.94930  -2.16818 -101.82893 -61.90095 -119.88564 -20.59254       -20.59254 -61.90095  -2.16818 -101.82893 -145.94930 -119.88564      115.67
53    -144.39292  -3.03545 -100.60886 -61.69136 -118.98694 -21.84404       -21.84404 -61.69136  -3.03545 -100.60886 -144.39292 -118.98694      113.019
54    -142.83654  -3.90272 -99.38878 -61.48178 -118.08825 -23.09554       -23.09554 -61.48178  -3.90272 -99.38878 -142.83654 -118.08825      110.37
55    -141.28016  -4.77000 -98.16870 -61.27219 -117.18955 -24.34703       -24.34703 -61.27219  -4.77000 -98.16870 -141.28016 -117.18955      107.72
56    -139.72378  -5.63727 -96.94863 -61.06260 -116.29086 -25.59853       -25.59853 -61.06260  -5.63727 -96.94863 -139.72378 -116.29086      105.072
57    -138.16741  -6.50454 -95.72855 -60.85302 -115.39217 -26.85003       -26.85003 -60.85302  -6.50454 -95.72855 -138.16741 -115.39217      102.424
58    -136.61103  -7.37181 -94.50848 -60.64343 -114.49347 -28.10153       -28.10153 -60.64343  -7.37181 -94.50848 -136.61103 -114.49347      99.7765
59    -135.05465  -8.23908 -93.28840 -60.43384 -113.59478 -29.35303       -29.35303 -60.43384  -8.23908 -93.28840 -135.05465 -113.59478      97.1299
60    -133.49827  -9.10636 -92.06832 -60.22425 -112.69608 -30.60452       -30.60452 -60.22425  -9.10636 -92.06832 -133.49827 -112.69608      94.4842
61    -131.94189  -9.97363 -90.84825 -60.01467 -111.79739 -31.85602       -31.85602 -60.01467  -9.97363 -90.84825 -131.94189 -111.79739      91.8393
62    -130.38551 -10.84090 -89.62817 -59.80508 -110.89870 -33.10752       -33.10752 -59.80508 -10.84090 -89.62817 -130.38551 -110.89870      89.1954
63    -128.82913 -11.70817 -88.40810 -59.59549 -110.00000 -34.35902       -34.35902 -59.59549 -11.70817 -88.40810 -128.82913 -110.00000      86.5526
64    -127.27275 -12.57545 -87.18802 -59.38590 -109.10131 -35.61052       -35.61052 -59.38590 -12.57545 -87.18802 -127.27275 -109.10131      83.9109
65    -125.71637 -13.44272 -85.96794 -59.17632 -108.20261 -36.86201       -36.86201 -59.17632 -13.44272 -85.96794 -125.71637 -108.20261      81.2704
66    -124.15999 -14.30999 -84.74787 -58.96673 -107.30392 -38.11351       -38.11351 -58.96673 -14.30999 -84.74787 -124.15999 -107.30392      78.6313
67    -122.60362 -15.17726 -83.52779 -58.75714 -106.40522 -39.36501       -39.36501 -58.75714 -15.17726 -83.52779 -122.60362 -106.40522      75.9938
68    -121.04724 -16.04453 -82.30772 -58.54756 -105.50653 -40.61651       -40.61651 -58.54756 -16.04453 -82.30772 -121.04724 -105.50653      73.358
69    -119.49086 -16.91181 -81.08764 -58.33797 -104.60784 -41.86801       -41.86801 -58.33797 -16.91181 -81.08764 -119.49086 -104.60784      70.724
70    -117.93448 -17.77908 -79.86756 -58.12838 -103.70914 -43.11950       -43.11950 -58.12838 -17.77908 -79.86756 -117.93448 -103.70914      68.0922
71    -116.37810 -18.64635 -78.64749 -57.91879 -102.81045 -44.37100       -44.37100 -57.91879 -18.64635 -78.64749 -116.37810 -102.81045      65.4627
72    -114.82172 -19.51362 -77.42741 -57.70921 -101.91175 -45.62250       -45.62250 -57.70921 -19.51362 -77.42741 -114.82172 -101.91175      62.8358
73    -113.26534 -20.38089 -76.20734 -57.49962 -101.01306 -46.87400       -46.87400 -57.49962 -20.38089 -76.20734 -113.26534 -101.01306      60.212
74    -111.70896 -21.24817 -74.98726 -57.29003 -100.11437 -48.12550       -48.12550 -57.29003 -21.24817 -74.98726 -111.70896 -100.11437      57.5915
75    -110.15258 -22.11544 -73.76718 -57.08044 -99.21567 -49.37699       -49.37699 -57.08044 -22.11544 -73.76718 -110.15258 -99.21567      54.975
76    -108.59621 -22.98271 -72.54711 -56.87086 -98.31698 -50.62849       -50.62849 -56.87086 -22.98271 -72.54711 -108.59621 -98.31698      52.3629
77    -107.03983 -23.84998 -71.32703 -56.66127 -97.41828 -51.87999       -51.87999 -56.66127 -23.84998 -71.32703 -107.03983 -97.41828      49.756
78    -105.48345 -24.71725 -70.10696 -56.45168 -96.51959 -53.13149       -53.13149 -56.45168 -24.71725 -70.10696 -105.48345 -96.51959      47.1552
79    -103.92707 -25.58453 -68.88688 -56.24210 -95.62090 -54.38299       -54.38299 -56.24210 -25.58453 -68.88688 -103.92707 -95.62090      44.5615
80    -102.37069 -26.45180 -67.66680 -56.03251 -94.72220 -55.63448       -55.63448 -56.03251 -26.45180 -67.66680 -102.37069 -94.72220      41.9762
81    -100.81431 -27.31907 -66.44673 -55.82292 -93.82351 -56.88598       -56.88598 -55.82292 -27.31907 -66.44673 -100.81431 -93.82351      39.4009
82    -99.25793 -28.18634 -65.22665 -55.61333 -92.92481 -58.13748       -58.13748 -55.61333 -28.18634 -65.22665 -99.25793 -92.92481      36.8379
83    -97.70155 -29.05361 -64.00658 -55.40375 -92.02612 -59.38898       -59.38898 -55.40375 -29.05361 -64.00658 -97.70155 -92.02612      34.2898
84    -96.14517 -29.92089 -62.78650 -55.19416 -91.12742 -60.64048       -60.64048 -55.19416 -29.92089 -62.78650 -96.14517 -91.12742      31.7602
85    -94.58879 -30.78816 -61.56642 -54.98457 -90.22873 -61.89197       -61.89197 -54.98457 -30.78816 -61.56642 -94.58879 -90.22873      29.2539
86    -93.03242 -31.65543 -60.34635 -54.77498 -89.33004 -63.14347       -63.14347 -54.77498 -31.65543 -60.34635 -93.03242 -89.33004      26.7775
87    -91.47604 -32.52270 -59.12627 -54.56540 -88.43134 -64.39497       -64.39497 -54.56540 -32.52270 -59.12627 -91.47604 -88.43134      24.3401
88    -89.91966 -33.38997 -57.90620 -54.35581 -87.53265 -65.64647       -65.64647 -54.35581 -33.38997 -57.90620 -89.91966 -87.53265      21.9547
89    -88.36328 -34.25725 -56.68612 -54.14622 -86.63395 -66.89797       -66.89797 -54.14622 -34.25725 -56.68612 -88.36328 -86.63395      19.6403
90    -86.80690 -35.12452 -55.46604 -53.93664 -85.73526 -68.14947       -68.14947 -53.93664 -35.12452 -55.46604 -86.80690 -85.73526      17.425
91    -85.25052 -35.99179 -54.24597 -53.72705 -84.83657 -69.40096       -69.40096 -53.72705 -35.99179 -54.24597 -85.25052 -84.83657      15.352
92    -83.69414 -36.85906 -53.02589 -53.51746 -83.93787 -70.65246       -70.65246 -53.51746 -36.85906 -53.02589 -83.69414 -83.93787      13.487
93    -82.13776 -37.72634 -51.80582 -53.30787 -83.03918 -71.90396       -71.90396 -53.30787 -37.72634 -51.80582 -82.13776 -83.03918      11.928
94    -80.58138 -38.59361 -50.58574 -53.09829 -82.14048 -73.15546       -73.15546 -53.09829 -38.59361 -50.58574 -80.58138 -82.14048      10.8081
95    -79.02501 -39.46088 -49.36566 -52.88870 -81.24179 -74.40696       -74.40696 -52.88870 -39.46088 -49.36566 -79.02501 -81.24179      10.2721
96    -77.46863 -40.32815 -48.14559 -52.67911 -80.34309 -75.65845       -77.46863 -48.14559 -40.32815 -52.67911 -75.65845 -80.34309      7.98298    *****
97    -75.91225 -41.19542 -46.92551 -52.46952 -79.44440 -76.90995       -75.91225 -46.92551 -41.19542 -52.46952 -76.90995 -79.44440      5.32199
98    -74.35587 -42.06270 -45.70544 -52.25994 -78.54571 -78.16145       -74.35587 -45.70544 -42.06270 -52.25994 -78.16145 -78.54571      2.66099
99    -72.79949 -42.92997 -44.48536 -52.05035 -77.64701 -79.41295       -72.79949 -42.92997 -44.48536 -52.05035 -77.64701 -79.41295      0
