Fol_2018-02-06.14_28_11.52_.txt     Output is probe cell, reduced cell, NCDist distance between
0    -93.23585   7.10263 -165.34350 -157.87005  83.86462 -157.53762       -83.86462 -74.00544  -9.37123 -76.76199 -81.47888 -73.67300      1.65726e-13
1    -93.14119   6.28336 -163.76802 -157.05078  82.19448 -156.69050       -82.19448 -74.85630 -10.94671 -75.91112 -81.57354 -74.49602      2.72135
2    -93.04653   5.46408 -162.19254 -156.23151  80.52435 -155.84338       -80.52435 -75.70716 -12.52218 -75.06026 -81.66820 -75.31904      4.53858
3    -92.95187   4.64481 -160.61706 -155.41223  78.85421 -154.99626       -78.85421 -76.55803 -14.09766 -74.20940 -81.76286 -76.14206      6.3107
4    -92.85721   3.82554 -159.04159 -154.59296  77.18407 -154.14915       -77.18407 -77.40889 -15.67314 -73.35854 -81.85751 -76.96507      8.59434    *****
5    -92.76255   3.00626 -157.46611 -153.77369  75.51394 -153.30203       -75.51394 -78.25975 -17.24862 -72.50767 -81.95217 -77.78809      11.0775
6    -92.66789   2.18699 -155.89063 -152.95441  73.84380 -152.45491       -73.84380 -79.11061 -18.82409 -71.65681 -82.04683 -78.61111      13.6518
7    -92.57323   1.36772 -154.31515 -152.13514  72.17366 -151.60779       -72.17366 -79.96148 -20.39957 -70.80595 -82.14149 -79.43413      16.274
8    -92.47858   0.54844 -152.73968 -151.31587  70.50353 -150.76068       -70.50353 -80.81234 -21.97505 -69.95508 -82.23615 -80.25715      18.9243
9    -92.38392  -0.27083 -151.16420 -150.49659  68.83339 -149.91356       -68.83339 -81.66320 -23.55053 -69.10422 -82.33081 -81.08017      21.5922
10    -92.28926  -1.09010 -149.58872 -149.67732  67.16325 -149.06644       -82.51407 -67.16325 -25.12600 -82.42547 -68.25336 -81.90319      23.9077
11    -92.19460  -1.90938 -148.01324 -148.85805  65.49312 -148.21933       -83.36493 -65.49312 -26.70148 -82.52013 -67.40249 -82.72621      26.1975
12    -92.09994  -2.72865 -146.43777 -148.03877  63.82298 -147.37221       -84.21579 -63.82298 -28.27696 -82.61479 -66.55163 -83.54923      28.5631
13    -92.00528  -3.54792 -144.86229 -147.21950  62.15285 -146.52509       -85.06665 -62.15285 -29.85244 -82.70944 -65.70077 -84.37224      30.9872
14    -91.91062  -4.36720 -143.28681 -146.40023  60.48271 -145.67797       -85.91752 -60.48271 -31.42791 -82.80410 -64.84991 -85.19526      33.457
15    -91.81596  -5.18647 -141.71133 -145.58095  58.81257 -144.83086       -86.76838 -58.81257 -33.00339 -82.89876 -63.99904 -86.01828      35.9631
16    -91.72130  -6.00574 -140.13586 -144.76168  57.14244 -143.98374       -87.61924 -57.14244 -34.57887 -82.99342 -63.14818 -86.84130      38.4985
17    -91.62665  -6.82502 -138.56038 -143.94241  55.47230 -143.13662       -88.47011 -55.47230 -36.15435 -83.08808 -62.29732 -87.66432      41.0577
18    -91.53199  -7.64429 -136.98490 -143.12313  53.80216 -142.28950       -89.32097 -53.80216 -37.72982 -83.18274 -61.44645 -88.48734      43.6365
19    -91.43733  -8.46356 -135.40943 -142.30386  52.13203 -141.44239       -90.17183 -52.13203 -39.30530 -83.27740 -60.59559 -89.31036      46.2316
20    -91.34267  -9.28284 -133.83395 -141.48459  50.46189 -140.59527       -91.02269 -50.46189 -40.88078 -83.37206 -59.74473 -90.13338      48.8405
21    -91.24801 -10.10211 -132.25847 -140.66531  48.79175 -139.74815       -91.87356 -48.79175 -42.45626 -83.46672 -58.89387 -90.95640      51.4611
22    -91.15335 -10.92138 -130.68299 -139.84604  47.12162 -138.90103       -92.72442 -47.12162 -44.03173 -83.56137 -58.04300 -91.77942      52.9022
23    -91.05869 -11.74066 -129.10752 -139.02677  45.45148 -138.05392       -93.57528 -45.45148 -45.60721 -83.65603 -57.19214 -92.60243      51.4337
24    -90.96403 -12.55993 -127.53204 -138.20749  43.78135 -137.20680       -94.42615 -43.78135 -47.18269 -83.75069 -56.34128 -93.42545      50.0701
25    -90.86938 -13.37920 -125.95656 -137.38822  42.11121 -136.35968       -95.27701 -42.11121 -48.75817 -83.84535 -55.49041 -94.24847      48.8202
26    -90.77472 -14.19848 -124.38108 -136.56895  40.44107 -135.51256       -96.12787 -40.44107 -50.33364 -83.94001 -54.63955 -95.07149      47.6931
27    -90.68006 -15.01775 -122.80561 -135.74967  38.77094 -134.66545       -96.97874 -38.77094 -51.90912 -84.03467 -53.78869 -95.89451      46.6975
28    -90.58540 -15.83702 -121.23013 -134.93040  37.10080 -133.81833       -97.82960 -37.10080 -53.48460 -84.12933 -52.93783 -96.71753      45.8421
29    -90.49074 -16.65630 -119.65465 -134.11113  35.43066 -132.97121       -98.68046 -35.43066 -55.06008 -84.22399 -52.08696 -97.54055      45.1348
30    -90.39608 -17.47557 -118.07917 -133.29185  33.76053 -132.12410       -99.53132 -33.76053 -56.63555 -84.31865 -51.23610 -98.36357      44.5826
31    -90.30142 -18.29484 -116.50370 -132.47258  32.09039 -131.27698       -100.38219 -32.09039 -58.21103 -84.41330 -50.38524 -99.18659      44.1914
32    -90.20676 -19.11412 -114.92822 -131.65331  30.42026 -130.42986       -101.23305 -30.42026 -59.78651 -84.50796 -49.53437 -100.00961      43.9655
33    -90.11210 -19.93339 -113.35274 -130.83403  28.75012 -129.58274       -102.08391 -28.75012 -61.36199 -84.60262 -48.68351 -100.83262      43.9074
34    -90.01745 -20.75267 -111.77726 -130.01476  27.07998 -128.73563       -102.93478 -27.07998 -62.93746 -84.69728 -47.83265 -101.65564      44.0178
35    -89.92279 -21.57194 -110.20179 -129.19548  25.40985 -127.88851       -103.78564 -25.40985 -64.51294 -84.79194 -46.98178 -102.47866      44.2954
36    -89.82813 -22.39121 -108.62631 -128.37621  23.73971 -127.04139       -104.63650 -23.73971 -66.08842 -84.88660 -46.13092 -103.30168      44.7372
37    -89.73347 -23.21049 -107.05083 -127.55694  22.06957 -126.19427       -105.48736 -22.06957 -67.66389 -84.98126 -45.28006 -104.12470      45.3382
38    -89.63881 -24.02976 -105.47535 -126.73766  20.39944 -125.34716       -106.33823 -20.39944 -69.23937 -85.07592 -44.42920 -104.94772      46.0924
39    -89.54415 -24.84903 -103.89988 -125.91839  18.72930 -124.50004       -107.18909 -18.72930 -70.81485 -85.17058 -43.57833 -105.77074      46.9923
40    -89.44949 -25.66831 -102.32440 -125.09912  17.05916 -123.65292       -108.03995 -17.05916 -72.39033 -85.26523 -42.72747 -106.59376      48.0297
41    -89.35483 -26.48758 -100.74892 -124.27984  15.38903 -122.80580       -108.89082 -15.38903 -73.96580 -85.35989 -41.87661 -107.41678      49.1959
42    -89.26017 -27.30685 -99.17344 -123.46057  13.71889 -121.95869       -109.74168 -13.71889 -75.54128 -85.45455 -41.02574 -108.23980      50.482
43    -89.16552 -28.12613 -97.59797 -122.64130  12.04876 -121.11157       -110.59254 -12.04876 -77.11676 -85.54921 -40.17488 -109.06281      51.8791
44    -89.07086 -28.94540 -96.02249 -121.82202  10.37862 -120.26445       -111.44341 -10.37862 -78.69224 -85.64387 -39.32402 -109.88583      53.3785
45    -88.97620 -29.76467 -94.44701 -121.00275   8.70848 -119.41734       -112.29427  -8.70848 -80.26771 -85.73853 -38.47316 -110.70885      54.9718
46    -88.88154 -30.58395 -92.87153 -120.18348   7.03835 -118.57022       -113.14513 -81.84319  -7.03835 -85.83319 -111.53187 -37.62229      56.6511
47    -88.78688 -31.40322 -91.29606 -119.36420   5.36821 -117.72310       -113.99599 -83.41867  -5.36821 -85.92785 -112.35489 -36.77143      58.4089
48    -88.69222 -32.22249 -89.72058 -118.54493   3.69807 -116.87598       -113.17791 -86.02251  -3.69807 -84.99415 -114.84686 -35.92057      60.2384
49    -88.59756 -33.04177 -88.14510 -117.72566   2.02794 -116.02887       -114.00093 -86.11716  -2.02794 -86.56962 -115.69772 -35.06970      62.1333
50    -88.50290 -33.86104 -86.56962 -116.90638   0.35780 -115.18175       -114.82395 -86.21182  -0.35780 -88.14510 -116.54858 -34.21884      64.0688
51    -88.40824 -34.68031 -84.99415 -116.08711  -1.31234 -114.33463       -116.08711 -84.99415  -1.31234 -88.40824 -114.33463 -34.68031      62.925
52    -88.31359 -35.49959 -83.41867 -115.26784  -2.98247 -113.48751       -115.26784 -83.41867  -2.98247 -88.31359 -113.48751 -35.49959      61.0802
53    -88.21893 -36.31886 -81.84319 -114.44856  -4.65261 -112.64040       -114.44856 -81.84319  -4.65261 -88.21893 -112.64040 -36.31886      59.3018
54    -88.12427 -37.13813 -80.26771 -113.62929  -6.32274 -111.79328       -113.62929  -6.32274 -80.26771 -88.12427 -37.13813 -111.79328      57.5961
55    -88.02961 -37.95741 -78.69224 -112.81002  -7.99288 -110.94616       -112.81002  -7.99288 -78.69224 -88.02961 -37.95741 -110.94616      55.9695
56    -87.93495 -38.77668 -77.11676 -111.99074  -9.66302 -110.09904       -111.99074  -9.66302 -77.11676 -87.93495 -38.77668 -110.09904      54.4293
57    -87.84029 -39.59595 -75.54128 -111.17147 -11.33315 -109.25193       -111.17147 -11.33315 -75.54128 -87.84029 -39.59595 -109.25193      52.9829
58    -87.74563 -40.41523 -73.96580 -110.35220 -13.00329 -108.40481       -110.35220 -13.00329 -73.96580 -87.74563 -40.41523 -108.40481      51.6383
59    -87.65097 -41.23450 -72.39033 -109.53292 -14.67343 -107.55769       -109.53292 -14.67343 -72.39033 -87.65097 -41.23450 -107.55769      50.4035
60    -87.55631 -42.05377 -70.81485 -108.71365 -16.34356 -106.71057       -108.71365 -16.34356 -70.81485 -87.55631 -42.05377 -106.71057      49.2869
61    -87.46166 -42.87305 -69.23937 -107.89438 -18.01370 -105.86346       -107.89438 -18.01370 -69.23937 -87.46166 -42.87305 -105.86346      48.2966
62    -87.36700 -43.69232 -67.66389 -107.07510 -19.68383 -105.01634       -107.07510 -19.68383 -67.66389 -87.36700 -43.69232 -105.01634      47.4406
63    -87.27234 -44.51159 -66.08842 -106.25583 -21.35397 -104.16922       -106.25583 -21.35397 -66.08842 -87.27234 -44.51159 -104.16922      46.7262
64    -87.17768 -45.33087 -64.51294 -105.43656 -23.02411 -103.32211       -105.43656 -23.02411 -64.51294 -87.17768 -45.33087 -103.32211      46.16
65    -87.08302 -46.15014 -62.93746 -104.61728 -24.69424 -102.47499       -104.61728 -24.69424 -62.93746 -87.08302 -46.15014 -102.47499      45.7475
66    -86.98836 -46.96941 -61.36199 -103.79801 -26.36438 -101.62787       -103.79801 -26.36438 -61.36199 -86.98836 -46.96941 -101.62787      45.4929
67    -86.89370 -47.78869 -59.78651 -102.97874 -28.03452 -100.78075       -102.97874 -28.03452 -59.78651 -86.89370 -47.78869 -100.78075      45.3989
68    -86.79904 -48.60796 -58.21103 -102.15946 -29.70465 -99.93364       -102.15946 -29.70465 -58.21103 -86.79904 -48.60796 -99.93364      45.4664
69    -86.70438 -49.42723 -56.63555 -101.34019 -31.37479 -99.08652       -101.34019 -31.37479 -56.63555 -86.70438 -49.42723 -99.08652      45.6947
70    -86.60973 -50.24651 -55.06008 -100.52092 -33.04493 -98.23940       -100.52092 -33.04493 -55.06008 -86.60973 -50.24651 -98.23940      46.0814
71    -86.51507 -51.06578 -53.48460 -99.70164 -34.71506 -97.39228       -99.70164 -34.71506 -53.48460 -86.51507 -51.06578 -97.39228      46.6226
72    -86.42041 -51.88505 -51.90912 -98.88237 -36.38520 -96.54517       -98.88237 -36.38520 -51.90912 -86.42041 -51.88505 -96.54517      47.3131
73    -86.32575 -52.70433 -50.33364 -98.06310 -38.05533 -95.69805       -98.06310 -38.05533 -50.33364 -86.32575 -52.70433 -95.69805      48.1463
74    -86.23109 -53.52360 -48.75817 -97.24382 -39.72547 -94.85093       -97.24382 -39.72547 -48.75817 -86.23109 -53.52360 -94.85093      49.115
75    -86.13643 -54.34287 -47.18269 -96.42455 -41.39561 -94.00381       -96.42455 -41.39561 -47.18269 -86.13643 -54.34287 -94.00381      50.2114
76    -86.04177 -55.16215 -45.60721 -95.60528 -43.06574 -93.15670       -95.60528 -43.06574 -45.60721 -86.04177 -55.16215 -93.15670      51.4272
77    -85.94711 -55.98142 -44.03173 -94.78600 -44.73588 -92.30958       -94.78600 -44.73588 -44.03173 -85.94711 -55.98142 -92.30958      52.7543
78    -85.85245 -56.80069 -42.45626 -93.96673 -46.40602 -91.46246       -93.96673 -46.40602 -42.45626 -85.85245 -56.80069 -91.46246      54.1845
79    -85.75780 -57.61997 -40.88078 -93.14746 -48.07615 -90.61535       -93.14746 -48.07615 -40.88078 -85.75780 -57.61997 -90.61535      51.8514    *****
80    -85.66314 -58.43924 -39.30530 -92.32818 -49.74629 -89.76823       -92.32818 -49.74629 -39.30530 -85.66314 -58.43924 -89.76823      49.2473
81    -85.56848 -59.25852 -37.72982 -91.50891 -51.41642 -88.92111       -91.50891 -51.41642 -37.72982 -85.56848 -59.25852 -88.92111      46.6552
82    -85.47382 -60.07779 -36.15435 -90.68964 -53.08656 -88.07399       -90.68964 -53.08656 -36.15435 -85.47382 -60.07779 -88.07399      44.0773
83    -85.37916 -60.89706 -34.57887 -89.87036 -54.75670 -87.22688       -89.87036 -54.75670 -34.57887 -85.37916 -60.89706 -87.22688      41.5161
84    -85.28450 -61.71634 -33.00339 -89.05109 -56.42683 -86.37976       -89.05109 -56.42683 -33.00339 -85.28450 -61.71634 -86.37976      38.9749
85    -85.18984 -62.53561 -31.42791 -88.23181 -58.09697 -85.53264       -88.23181 -58.09697 -31.42791 -85.18984 -62.53561 -85.53264      36.4579
86    -85.09518 -63.35488 -29.85244 -87.41254 -59.76711 -84.68552       -87.41254 -59.76711 -29.85244 -85.09518 -63.35488 -84.68552      33.9705
87    -85.00052 -64.17416 -28.27696 -86.59327 -61.43724 -83.83841       -86.59327 -61.43724 -28.27696 -85.00052 -64.17416 -83.83841      31.5197
88    -84.90587 -64.99343 -26.70148 -85.77399 -63.10738 -82.99129       -85.77399 -63.10738 -26.70148 -84.90587 -64.99343 -82.99129      29.1148
89    -84.81121 -65.81270 -25.12600 -84.95472 -64.77752 -82.14417       -84.95472 -64.77752 -25.12600 -84.81121 -65.81270 -82.14417      26.7682
90    -84.71655 -66.63198 -23.55053 -84.13545 -66.44765 -81.29705       -66.44765 -84.13545 -23.55053 -66.63198 -84.71655 -81.29705      24.384
91    -84.62189 -67.45125 -21.97505 -83.31617 -68.11779 -80.44994       -68.11779 -83.31617 -21.97505 -67.45125 -84.62189 -80.44994      21.6746
92    -84.52723 -68.27052 -20.39957 -82.49690 -69.78792 -79.60282       -69.78792 -82.49690 -20.39957 -68.27052 -84.52723 -79.60282      18.9653
93    -84.43257 -69.08980 -18.82409 -81.67763 -71.45806 -78.75570       -71.45806 -81.67763 -18.82409 -69.08980 -84.43257 -78.75570      16.256
94    -84.33791 -69.90907 -17.24862 -80.85835 -73.12820 -77.90858       -73.12820 -80.85835 -17.24862 -69.90907 -84.33791 -77.90858      13.5467
95    -84.24325 -70.72834 -15.67314 -80.03908 -74.79833 -77.06147       -74.79833 -80.03908 -15.67314 -70.72834 -84.24325 -77.06147      10.8373
96    -84.14859 -71.54762 -14.09766 -79.21981 -76.46847 -76.21435       -76.46847 -79.21981 -14.09766 -71.54762 -84.14859 -76.21435      8.12799
97    -84.05394 -72.36689 -12.52218 -78.40053 -78.13861 -75.36723       -84.05394 -72.36689 -12.52218 -78.40053 -78.13861 -75.36723      5.41866
98    -83.95928 -73.18616 -10.94671 -77.58126 -79.80874 -74.52012       -83.95928 -73.18616 -10.94671 -77.58126 -79.80874 -74.52012      2.70933
99    -83.86462 -74.00544  -9.37123 -76.76199 -81.47888 -73.67300       -83.86462 -74.00544  -9.37123 -76.76199 -81.47888 -73.67300      0
