Fol_2018-02-06.15_25_40.14_.txt     Output is probe cell, reduced cell, NCDist distance between
0    -93.25104  14.95511 -45.89127 -46.85847 -46.20330 -57.32553       -42.37042 -14.95511 -30.93616 -31.90336 -61.15841 -78.29593      2.65861e-14
1    -92.73710  14.65299 -45.74021 -46.70741 -46.35436 -57.53735       -42.88437 -14.65299 -31.08722 -32.05442 -61.00735 -78.08411      0.684651
2    -92.22315  14.35086 -45.58914 -46.55635 -46.50542 -57.74918       -43.39831 -14.35086 -31.23828 -32.20548 -60.85629 -77.87229      1.3693
3    -91.70921  14.04874 -45.43808 -46.40528 -46.65648 -57.96100       -43.91226 -31.38934 -14.04874 -32.35654 -77.66047 -60.70522      2.05395
4    -91.19526  13.74662 -45.28702 -46.25422 -46.80755 -58.17282       -44.42620 -31.54040 -13.74662 -32.50761 -77.44864 -60.55416      2.7386
5    -90.68132  13.44449 -45.13596 -46.10316 -46.95861 -58.38464       -44.94015 -31.69147 -13.44449 -32.65867 -77.23682 -60.40310      3.42325
6    -90.16737  13.14237 -44.98490 -45.95210 -47.10967 -58.59646       -45.45409 -31.84253 -13.14237 -32.80973 -77.02500 -60.25204      4.1079
7    -89.65342  12.84025 -44.83384 -45.80104 -47.26073 -58.80829       -45.96804 -31.99359 -12.84025 -32.96079 -76.81318 -60.10098      4.79255
8    -89.13948  12.53812 -44.68277 -45.64998 -47.41179 -59.02011       -46.48199 -32.14465 -12.53812 -33.11185 -76.60136 -59.94992      5.4772
9    -88.62553  12.23600 -44.53171 -45.49891 -47.56285 -59.23193       -46.99593 -32.29571 -12.23600 -33.26291 -76.38953 -59.79885      6.16185
10    -88.11159  11.93388 -44.38065 -45.34785 -47.71392 -59.44375       -47.50988 -32.44678 -11.93388 -33.41398 -76.17771 -59.64779      6.84651
11    -87.59764  11.63175 -44.22959 -45.19679 -47.86498 -59.65558       -48.02382 -32.59784 -11.63175 -33.56504 -75.96589 -59.49673      7.53116
12    -87.08370  11.32963 -44.07853 -45.04573 -48.01604 -59.86740       -48.53777 -32.74890 -11.32963 -33.71610 -75.75407 -59.34567      8.21581
13    -86.56975  11.02751 -43.92747 -44.89467 -48.16710 -60.07922       -49.05171 -32.89996 -11.02751 -33.86716 -75.54224 -59.19461      8.90046
14    -86.05580  10.72538 -43.77640 -44.74361 -48.31816 -60.29104       -49.56566 -33.05102 -10.72538 -34.01822 -75.33042 -59.04355      9.58511
15    -85.54186  10.42326 -43.62534 -44.59254 -48.46922 -60.50286       -50.07961 -33.20208 -10.42326 -34.16928 -75.11860 -58.89248      10.2698
16    -85.02791  10.12114 -43.47428 -44.44148 -48.62029 -60.71469       -50.59355 -33.35315 -10.12114 -34.32035 -74.90678 -58.74142      10.9544
17    -84.51397   9.81901 -43.32322 -44.29042 -48.77135 -60.92651       -51.10750 -33.50421  -9.81901 -34.47141 -74.69496 -58.59036      11.6391
18    -84.00002   9.51689 -43.17216 -44.13936 -48.92241 -61.13833       -51.62144 -33.65527  -9.51689 -34.62247 -74.48313 -58.43930      12.3237
19    -83.48608   9.21476 -43.02110 -43.98830 -49.07347 -61.35015       -52.13539 -33.80633  -9.21476 -34.77353 -74.27131 -58.28824      13.0084
20    -82.97213   8.91264 -42.87003 -43.83723 -49.22453 -61.56198       -52.64933 -33.95739  -8.91264 -34.92459 -74.05949 -58.13717      13.693
21    -82.45818   8.61052 -42.71897 -43.68617 -49.37560 -61.77380       -53.16328 -34.10845  -8.61052 -35.07566 -73.84767 -57.98611      14.3777
22    -81.94424   8.30839 -42.56791 -43.53511 -49.52666 -61.98562       -53.67723 -34.25952  -8.30839 -35.22672 -73.63584 -57.83505      15.0623
23    -81.43029   8.00627 -42.41685 -43.38405 -49.67772 -62.19744       -54.19117 -34.41058  -8.00627 -35.37778 -73.42402 -57.68399      15.747
24    -80.91635   7.70415 -42.26579 -43.23299 -49.82878 -62.40926       -54.70512 -34.56164  -7.70415 -35.52884 -73.21220 -57.53293      16.4316
25    -80.40240   7.40202 -42.11473 -43.08193 -49.97984 -62.62109       -55.21906 -34.71270  -7.40202 -35.67990 -73.00038 -57.38187      17.1163
26    -79.88846   7.09990 -41.96366 -42.93086 -50.13090 -62.83291       -55.73301 -34.86376  -7.09990 -35.83096 -72.78856 -57.23080      17.8009
27    -79.37451   6.79778 -41.81260 -42.77980 -50.28197 -63.04473       -56.24695 -35.01482  -6.79778 -35.98203 -72.57673 -57.07974      18.4856
28    -78.86056   6.49565 -41.66154 -42.62874 -50.43303 -63.25655       -56.76090 -35.16589  -6.49565 -36.13309 -72.36491 -56.92868      19.1702
29    -78.34662   6.19353 -41.51048 -42.47768 -50.58409 -63.46838       -57.27485 -35.31695  -6.19353 -36.28415 -72.15309 -56.77762      19.8549
30    -77.83267   5.89141 -41.35942 -42.32662 -50.73515 -63.68020       -57.78879 -35.46801  -5.89141 -36.43521 -71.94127 -56.62656      20.5395
31    -77.31873   5.58928 -41.20835 -42.17556 -50.88621 -63.89202       -58.30274 -35.61907  -5.58928 -36.58627 -71.72944 -56.47550      21.2242
32    -76.80478   5.28716 -41.05729 -42.02449 -51.03727 -64.10384       -58.81668 -35.77013  -5.28716 -36.73733 -71.51762 -56.32443      21.9088
33    -76.29084   4.98504 -40.90623 -41.87343 -51.18834 -64.31567       -59.33063 -35.92119  -4.98504 -36.88840 -71.30580 -56.17337      22.5935
34    -75.77689   4.68291 -40.75517 -41.72237 -51.33940 -64.52749       -59.84457 -36.07226  -4.68291 -37.03946 -71.09398 -56.02231      23.2781
35    -75.26294   4.38079 -40.60411 -41.57131 -51.49046 -64.73931       -60.35852 -36.22332  -4.38079 -37.19052 -70.88215 -55.87125      23.9628
36    -74.74900   4.07867 -40.45305 -41.42025 -51.64152 -64.95113       -60.87247 -36.37438  -4.07867 -37.34158 -70.67033 -55.72019      24.6474
37    -74.23505   3.77654 -40.30198 -41.26919 -51.79258 -65.16295       -61.38641 -36.52544  -3.77654 -37.49264 -70.45851 -55.56913      25.3321
38    -73.72111   3.47442 -40.15092 -41.11812 -51.94364 -65.37478       -61.90036 -36.67650  -3.47442 -37.64370 -70.24669 -55.41806      26.0167
39    -73.20716   3.17230 -39.99986 -40.96706 -52.09471 -65.58660       -62.41430 -36.82756  -3.17230 -37.79477 -70.03487 -55.26700      26.7014
40    -72.69322   2.87017 -39.84880 -40.81600 -52.24577 -65.79842       -62.92825 -36.97863  -2.87017 -37.94583 -69.82304 -55.11594      27.386
41    -72.17927   2.56805 -39.69774 -40.66494 -52.39683 -66.01024       -63.44219 -37.12969  -2.56805 -38.09689 -69.61122 -54.96488      28.0707
42    -71.66532   2.26593 -39.54668 -40.51388 -52.54789 -66.22207       -63.95614 -37.28075  -2.26593 -38.24795 -69.39940 -54.81382      28.7553
43    -71.15138   1.96380 -39.39561 -40.36282 -52.69895 -66.43389       -64.47009 -37.43181  -1.96380 -38.39901 -69.18758 -54.66276      29.44
44    -70.63743   1.66168 -39.24455 -40.21175 -52.85001 -66.64571       -64.98403 -37.58287  -1.66168 -38.55007 -68.97575 -54.51169      30.1246
45    -70.12349   1.35956 -39.09349 -40.06069 -53.00108 -66.85753       -65.49798 -37.73394  -1.35956 -38.70114 -68.76393 -54.36063      30.8093
46    -69.60954   1.05743 -38.94243 -39.90963 -53.15214 -67.06935       -66.01192 -37.88500  -1.05743 -38.85220 -68.55211 -54.20957      31.4939
47    -69.09560   0.75531 -38.79137 -39.75857 -53.30320 -67.28118       -66.52587 -38.03606  -0.75531 -39.00326 -68.34029 -54.05851      32.1786
48    -68.58165   0.45319 -38.64031 -39.60751 -53.45426 -67.49300       -67.03981 -38.18712  -0.45319 -39.15432 -68.12847 -53.90745      32.8632
49    -68.06771   0.15106 -38.48924 -39.45644 -53.60532 -67.70482       -67.55376 -38.33818  -0.15106 -39.30538 -67.91664 -53.75639      33.5479
50    -67.55376  -0.15106 -38.33818 -39.30538 -53.75639 -67.91664       -67.55376 -38.33818  -0.15106 -39.30538 -67.91664 -53.75639      33.5479
51    -67.03981  -0.45319 -38.18712 -39.15432 -53.90745 -68.12847       -67.03981 -38.18712  -0.45319 -39.15432 -68.12847 -53.90745      32.8632
52    -66.52587  -0.75531 -38.03606 -39.00326 -54.05851 -68.34029       -66.52587 -38.03606  -0.75531 -39.00326 -68.34029 -54.05851      32.1786
53    -66.01192  -1.05743 -37.88500 -38.85220 -54.20957 -68.55211       -66.01192 -37.88500  -1.05743 -38.85220 -68.55211 -54.20957      31.4939
54    -65.49798  -1.35956 -37.73394 -38.70114 -54.36063 -68.76393       -65.49798 -37.73394  -1.35956 -38.70114 -68.76393 -54.36063      30.8093
55    -64.98403  -1.66168 -37.58287 -38.55007 -54.51169 -68.97575       -64.98403 -37.58287  -1.66168 -38.55007 -68.97575 -54.51169      30.1246
56    -64.47009  -1.96380 -37.43181 -38.39901 -54.66276 -69.18758       -64.47009 -37.43181  -1.96380 -38.39901 -69.18758 -54.66276      29.44
57    -63.95614  -2.26593 -37.28075 -38.24795 -54.81382 -69.39940       -63.95614 -37.28075  -2.26593 -38.24795 -69.39940 -54.81382      28.7553
58    -63.44219  -2.56805 -37.12969 -38.09689 -54.96488 -69.61122       -63.44219 -37.12969  -2.56805 -38.09689 -69.61122 -54.96488      28.0707
59    -62.92825  -2.87017 -36.97863 -37.94583 -55.11594 -69.82304       -62.92825 -36.97863  -2.87017 -37.94583 -69.82304 -55.11594      27.386
60    -62.41430  -3.17230 -36.82756 -37.79477 -55.26700 -70.03487       -62.41430 -36.82756  -3.17230 -37.79477 -70.03487 -55.26700      26.7014
61    -61.90036  -3.47442 -36.67650 -37.64370 -55.41806 -70.24669       -61.90036 -36.67650  -3.47442 -37.64370 -70.24669 -55.41806      26.0167
62    -61.38641  -3.77654 -36.52544 -37.49264 -55.56913 -70.45851       -61.38641 -36.52544  -3.77654 -37.49264 -70.45851 -55.56913      25.3321
63    -60.87247  -4.07867 -36.37438 -37.34158 -55.72019 -70.67033       -60.87247 -36.37438  -4.07867 -37.34158 -70.67033 -55.72019      24.6474
64    -60.35852  -4.38079 -36.22332 -37.19052 -55.87125 -70.88215       -60.35852 -36.22332  -4.38079 -37.19052 -70.88215 -55.87125      23.9628
65    -59.84457  -4.68291 -36.07226 -37.03946 -56.02231 -71.09398       -59.84457 -36.07226  -4.68291 -37.03946 -71.09398 -56.02231      23.2781
66    -59.33063  -4.98504 -35.92119 -36.88840 -56.17337 -71.30580       -59.33063 -35.92119  -4.98504 -36.88840 -71.30580 -56.17337      22.5935
67    -58.81668  -5.28716 -35.77013 -36.73733 -56.32443 -71.51762       -58.81668 -35.77013  -5.28716 -36.73733 -71.51762 -56.32443      21.9088
68    -58.30274  -5.58928 -35.61907 -36.58627 -56.47550 -71.72944       -58.30274 -35.61907  -5.58928 -36.58627 -71.72944 -56.47550      21.2242
69    -57.78879  -5.89141 -35.46801 -36.43521 -56.62656 -71.94127       -57.78879 -35.46801  -5.89141 -36.43521 -71.94127 -56.62656      20.5395
70    -57.27485  -6.19353 -35.31695 -36.28415 -56.77762 -72.15309       -57.27485 -35.31695  -6.19353 -36.28415 -72.15309 -56.77762      19.8549
71    -56.76090  -6.49565 -35.16589 -36.13309 -56.92868 -72.36491       -56.76090 -35.16589  -6.49565 -36.13309 -72.36491 -56.92868      19.1702
72    -56.24695  -6.79778 -35.01482 -35.98203 -57.07974 -72.57673       -56.24695 -35.01482  -6.79778 -35.98203 -72.57673 -57.07974      18.4856
73    -55.73301  -7.09990 -34.86376 -35.83096 -57.23080 -72.78856       -55.73301 -34.86376  -7.09990 -35.83096 -72.78856 -57.23080      17.8009
74    -55.21906  -7.40202 -34.71270 -35.67990 -57.38187 -73.00038       -55.21906 -34.71270  -7.40202 -35.67990 -73.00038 -57.38187      17.1163
75    -54.70512  -7.70415 -34.56164 -35.52884 -57.53293 -73.21220       -54.70512 -34.56164  -7.70415 -35.52884 -73.21220 -57.53293      16.4316
76    -54.19117  -8.00627 -34.41058 -35.37778 -57.68399 -73.42402       -54.19117 -34.41058  -8.00627 -35.37778 -73.42402 -57.68399      15.747
77    -53.67723  -8.30839 -34.25952 -35.22672 -57.83505 -73.63584       -53.67723 -34.25952  -8.30839 -35.22672 -73.63584 -57.83505      15.0623
78    -53.16328  -8.61052 -34.10845 -35.07566 -57.98611 -73.84767       -53.16328 -34.10845  -8.61052 -35.07566 -73.84767 -57.98611      14.3777
79    -52.64933  -8.91264 -33.95739 -34.92459 -58.13717 -74.05949       -52.64933 -33.95739  -8.91264 -34.92459 -74.05949 -58.13717      13.693
80    -52.13539  -9.21476 -33.80633 -34.77353 -58.28824 -74.27131       -52.13539 -33.80633  -9.21476 -34.77353 -74.27131 -58.28824      13.0084
81    -51.62144  -9.51689 -33.65527 -34.62247 -58.43930 -74.48313       -51.62144 -33.65527  -9.51689 -34.62247 -74.48313 -58.43930      12.3237
82    -51.10750  -9.81901 -33.50421 -34.47141 -58.59036 -74.69496       -51.10750 -33.50421  -9.81901 -34.47141 -74.69496 -58.59036      11.6391
83    -50.59355 -10.12114 -33.35315 -34.32035 -58.74142 -74.90678       -50.59355 -33.35315 -10.12114 -34.32035 -74.90678 -58.74142      10.9544
84    -50.07961 -10.42326 -33.20208 -34.16928 -58.89248 -75.11860       -50.07961 -33.20208 -10.42326 -34.16928 -75.11860 -58.89248      10.2698
85    -49.56566 -10.72538 -33.05102 -34.01822 -59.04355 -75.33042       -49.56566 -33.05102 -10.72538 -34.01822 -75.33042 -59.04355      9.58511
86    -49.05171 -11.02751 -32.89996 -33.86716 -59.19461 -75.54224       -49.05171 -32.89996 -11.02751 -33.86716 -75.54224 -59.19461      8.90046
87    -48.53777 -11.32963 -32.74890 -33.71610 -59.34567 -75.75407       -48.53777 -32.74890 -11.32963 -33.71610 -75.75407 -59.34567      8.21581
88    -48.02382 -11.63175 -32.59784 -33.56504 -59.49673 -75.96589       -48.02382 -32.59784 -11.63175 -33.56504 -75.96589 -59.49673      7.53116
89    -47.50988 -11.93388 -32.44678 -33.41398 -59.64779 -76.17771       -47.50988 -32.44678 -11.93388 -33.41398 -76.17771 -59.64779      6.84651
90    -46.99593 -12.23600 -32.29571 -33.26291 -59.79885 -76.38953       -46.99593 -32.29571 -12.23600 -33.26291 -76.38953 -59.79885      6.16185
91    -46.48199 -12.53812 -32.14465 -33.11185 -59.94992 -76.60136       -46.48199 -32.14465 -12.53812 -33.11185 -76.60136 -59.94992      5.4772
92    -45.96804 -12.84025 -31.99359 -32.96079 -60.10098 -76.81318       -45.96804 -31.99359 -12.84025 -32.96079 -76.81318 -60.10098      4.79255
93    -45.45409 -13.14237 -31.84253 -32.80973 -60.25204 -77.02500       -45.45409 -31.84253 -13.14237 -32.80973 -77.02500 -60.25204      4.1079
94    -44.94015 -13.44449 -31.69147 -32.65867 -60.40310 -77.23682       -44.94015 -31.69147 -13.44449 -32.65867 -77.23682 -60.40310      3.42325
95    -44.42620 -13.74662 -31.54040 -32.50761 -60.55416 -77.44864       -44.42620 -31.54040 -13.74662 -32.50761 -77.44864 -60.55416      2.7386
96    -43.91226 -14.04874 -31.38934 -32.35654 -60.70522 -77.66047       -43.91226 -31.38934 -14.04874 -32.35654 -77.66047 -60.70522      2.05395
97    -43.39831 -14.35086 -31.23828 -32.20548 -60.85629 -77.87229       -43.39831 -14.35086 -31.23828 -32.20548 -60.85629 -77.87229      1.3693
98    -42.88437 -14.65299 -31.08722 -32.05442 -61.00735 -78.08411       -42.88437 -14.65299 -31.08722 -32.05442 -61.00735 -78.08411      0.684651
99    -42.37042 -14.95511 -30.93616 -31.90336 -61.15841 -78.29593       -42.37042 -14.95511 -30.93616 -31.90336 -61.15841 -78.29593      0
