Fol_2018-02-13.10_46_22.74_.txt     Output is probe cell, reduced cell, NCDist distance between
0    -230.14577 485.42481 346.55609 -4723.21435 -465.45085 -1823.23699       -713.08614  -2.48444 -118.89476 -227.66133 -624.72605 -2831.59122      6.9153e-13
1    -235.02395 480.49643 341.85457 -4677.80472 -467.05969 -1833.42239       -697.14587 -18.37451 -125.20513 -216.64944 -655.78008 -2816.45328      43.1414
2    -239.90214 475.56806 337.15304 -4632.39509 -468.66853 -1843.60779       -681.20561 -34.26459 -131.51549 -205.63755 -686.83412 -2801.31534      86.2828
3    -244.78032 470.63968 332.45152 -4586.98547 -470.27737 -1853.79318       -665.26535 -50.15466 -137.82585 -194.62567 -717.88816 -2786.17740      129.424
4    -249.65851 465.71130 327.75000 -4541.57584 -471.88621 -1863.97858       -649.32508 -66.04473 -144.13622 -183.61378 -748.94219 -2771.03946      172.566
5    -254.53670 460.78293 323.04847 -4496.16621 -473.49505 -1874.16398       -633.38482 -81.93481 -150.44658 -172.60189 -779.99623 -2755.90153      215.707
6    -259.41488 455.85455 318.34695 -4450.75659 -475.10389 -1884.34937       -617.44455 -97.82488 -156.75695 -161.59000 -811.05027 -2740.76359      224.258
7    -264.29307 450.92618 313.64542 -4405.34696 -476.71273 -1894.53477       -601.50429 -113.71495 -163.06731 -150.57811 -842.10430 -2725.62565      236.73
8    -269.17125 445.99780 308.94390 -4359.93734 -478.32158 -1904.72016       -585.56403 -129.60503 -169.37767 -139.56623 -873.15834 -2710.48771      255.955
9    -274.04944 441.06942 304.24238 -4314.52771 -479.93042 -1914.90556       -569.62376 -145.49510 -175.68804 -128.55434 -904.21238 -2695.34977      280.548
10    -278.92762 436.14105 299.54085 -4269.11808 -481.53926 -1925.09096       -553.68350 -161.38517 -181.99840 -117.54245 -935.26641 -2680.21183      309.231
11    -283.80581 431.21267 294.83933 -4223.70846 -483.14810 -1935.27635       -537.74323 -177.27525 -188.30877 -106.53056 -966.32045 -2665.07389      340.973
12    -288.68399 426.28429 290.13781 -4178.29883 -484.75694 -1945.46175       -521.80297 -193.16532 -194.61913 -95.51867 -997.37449 -2649.93596      374.154
13    -293.56218 421.35592 285.43628 -4132.88920 -486.36578 -1955.64714       -505.86270 -209.05539 -200.92949 -84.50679 -1028.42852 -2634.79802      407.554
14    -298.44037 416.42754 280.73476 -4087.47958 -487.97462 -1965.83254       -489.92244 -224.94547 -207.23986 -73.49490 -1059.48256 -2619.66008      442.642
15    -303.31855 411.49917 276.03323 -4042.06995 -489.58346 -1976.01794       -473.98218 -240.83554 -213.55022 -62.48301 -1090.53659 -2604.52214      479.047
16    -308.19674 406.57079 271.33171 -3996.66032 -491.19230 -1986.20333       -458.04191 -256.72561 -219.86059 -51.47112 -1121.59063 -2589.38420      516.49
17    -313.07492 401.64241 266.63019 -3951.25070 -492.80114 -1996.38873       -442.10165 -272.61569 -226.17095 -40.45924 -1152.64467 -2574.24626      554.762
18    -317.95311 396.71404 261.92866 -3905.84107 -494.40998 -2006.57413       -426.16138 -288.50576 -232.48132 -29.44735 -1183.69870 -2559.10832      593.702
19    -322.83129 391.78566 257.22714 -3860.43144 -496.01882 -2016.75952       -410.22112 -304.39583 -238.79168 -18.43546 -1214.75274 -2543.97039      633.187
20    -327.70948 386.85728 252.52562 -3815.02182 -497.62766 -2026.94492       -394.28086 -320.28591 -245.10204  -7.42357 -1245.80678 -2528.83245      673.12
21    -332.58766 381.92891 247.82409 -3769.61219 -499.23650 -2037.13031       -381.92891 -247.82409 -332.58766  -3.58832 -1273.27250 -2510.10619      709.775
22    -337.46585 377.00053 243.12257 -3724.20257 -500.84534 -2047.31571       -377.00053 -243.12257 -337.46585 -14.60020 -1293.31465 -2483.95637      739.368
23    -342.34404 372.07216 238.42104 -3678.79294 -502.45418 -2057.50111       -372.07216 -238.42104 -342.34404 -25.61209 -1313.35680 -2457.80654      769.482
24    -347.22222 367.14378 233.71952 -3633.38331 -504.06302 -2067.68650       -367.14378 -233.71952 -347.22222 -36.62398 -1333.39894 -2431.65671      800.058
25    -352.10041 362.21540 229.01800 -3587.97369 -505.67186 -2077.87190       -362.21540 -229.01800 -352.10041 -47.63587 -1353.44109 -2405.50689      831.047
26    -356.97859 357.28703 224.31647 -3542.56406 -507.28070 -2088.05730       -357.28703 -224.31647 -356.97859 -58.64776 -1373.48324 -2379.35706      862.402
27    -361.85678 352.35865 219.61495 -3497.15443 -508.88954 -2098.24269       -352.35865 -219.61495 -361.85678 -69.65964 -1393.52539 -2353.20723      894.086
28    -366.73496 347.43027 214.91343 -3451.74481 -510.49838 -2108.42809       -347.43027 -214.91343 -366.73496 -80.67153 -1413.56754 -2327.05741      926.066
29    -371.61315 342.50190 210.21190 -3406.33518 -512.10722 -2118.61348       -342.50190 -210.21190 -371.61315 -91.68342 -1433.60969 -2300.90758      958.31
30    -376.49133 337.57352 205.51038 -3360.92555 -513.71606 -2128.79888       -337.57352 -205.51038 -376.49133 -102.69531 -1453.65184 -2274.75775      990.794
31    -381.36952 332.64515 200.80885 -3315.51593 -515.32490 -2138.98428       -332.64515 -200.80885 -381.36952 -113.70719 -1473.69398 -2248.60793      1023.49
32    -386.24771 327.71677 196.10733 -3270.10630 -516.93374 -2149.16967       -327.71677 -196.10733 -386.24771 -124.71908 -1493.73613 -2222.45810      1056.39
33    -391.12589 322.78839 191.40581 -3224.69667 -518.54258 -2159.35507       -322.78839 -191.40581 -391.12589 -135.73097 -1513.77828 -2196.30827      1089.47
34    -396.00408 317.86002 186.70428 -3179.28705 -520.15142 -2169.54047       -317.86002 -186.70428 -396.00408 -146.74286 -1533.82043 -2170.15845      1122.71
35    -400.88226 312.93164 182.00276 -3133.87742 -521.76026 -2179.72586       -312.93164 -182.00276 -400.88226 -157.75475 -1553.86258 -2144.00862      1156.09
36    -405.76045 308.00326 177.30124 -3088.46780 -523.36910 -2189.91126       -308.00326 -177.30124 -405.76045 -168.76663 -1573.90473 -2117.85880      1189.62
37    -410.63863 303.07489 172.59971 -3043.05817 -524.97795 -2200.09665       -303.07489 -172.59971 -410.63863 -179.77852 -1593.94688 -2091.70897      1223.27
38    -415.51682 298.14651 167.89819 -2997.64854 -526.58679 -2210.28205       -298.14651 -167.89819 -415.51682 -190.79041 -1613.98903 -2065.55914      1257.03
39    -420.39500 293.21814 163.19666 -2952.23892 -528.19563 -2220.46745       -293.21814 -163.19666 -420.39500 -201.80230 -1634.03117 -2039.40932      1290.9
40    -425.27319 288.28976 158.49514 -2906.82929 -529.80447 -2230.65284       -288.28976 -158.49514 -425.27319 -212.81419 -1654.07332 -2013.25949      1324.87
41    -430.15138 283.36138 153.79362 -2861.41966 -531.41331 -2240.83824       -283.36138 -153.79362 -430.15138 -223.82607 -1674.11547 -1987.10966      1358.93
42    -435.02956 278.43301 149.09209 -2816.01004 -533.02215 -2251.02363       -278.43301 -435.02956 -149.09209 -234.83796 -1960.95984 -1694.15762      1393.07
43    -439.90775 273.50463 144.39057 -2770.60041 -534.63099 -2261.20903       -273.50463 -439.90775 -144.39057 -245.84985 -1934.81001 -1714.19977      1427.29
44    -444.78593 268.57625 139.68905 -2725.19078 -536.23983 -2271.39443       -268.57625 -444.78593 -139.68905 -256.86174 -1908.66018 -1734.24192      1461.59
45    -449.66412 263.64788 134.98752 -2679.78116 -537.84867 -2281.57982       -263.64788 -449.66412 -134.98752 -267.87362 -1882.51036 -1754.28407      1495.95
46    -454.54230 258.71950 130.28600 -2634.37153 -539.45751 -2291.76522       -258.71950 -454.54230 -130.28600 -278.88551 -1856.36053 -1774.32622      1530.37
47    -459.42049 253.79113 125.58447 -2588.96190 -541.06635 -2301.95062       -253.79113 -459.42049 -125.58447 -289.89740 -1830.21070 -1794.36836      1564.85
48    -464.29867 248.86275 120.88295 -2543.55228 -542.67519 -2312.13601       -248.86275 -464.29867 -120.88295 -300.90929 -1804.06088 -1814.41051      1584.68
49    -469.17686 243.93437 116.18143 -2498.14265 -544.28403 -2322.32141       -243.93437 -469.17686 -116.18143 -311.92118 -1777.91105 -1834.45266      1557.96
50    -474.05505 239.00600 111.47990 -2452.73302 -545.89287 -2332.50680       -239.00600 -474.05505 -111.47990 -322.93306 -1751.76123 -1854.49481      1531.6
51    -478.93323 234.07762 106.77838 -2407.32340 -547.50171 -2342.69220       -234.07762 -478.93323 -106.77838 -333.94495 -1725.61140 -1874.53696      1505.63
52    -483.81142 229.14924 102.07686 -2361.91377 -549.11055 -2352.87760       -229.14924 -483.81142 -102.07686 -344.95684 -1699.46157 -1894.57911      1480.06
53    -488.68960 224.22087  97.37533 -2316.50415 -550.71939 -2363.06299       -224.22087 -488.68960 -97.37533 -355.96873 -1673.31175 -1914.62126      1454.93
54    -493.56779 219.29249  92.67381 -2271.09452 -552.32823 -2373.24839       -219.29249 -493.56779 -92.67381 -366.98062 -1647.16192 -1934.66340      1430.25
55    -498.44597 214.36412  87.97228 -2225.68489 -553.93707 -2383.43379       -214.36412 -498.44597 -87.97228 -377.99250 -1621.01209 -1954.70555      1406.04
56    -503.32416 209.43574  83.27076 -2180.27527 -555.54591 -2393.61918       -209.43574 -503.32416 -83.27076 -389.00439 -1594.86227 -1974.74770      1382.33
57    -508.20234 204.50736  78.56924 -2134.86564 -557.15475 -2403.80458       -204.50736 -508.20234 -78.56924 -400.01628 -1568.71244 -1994.78985      1359.15
58    -513.08053 199.57899  73.86771 -2089.45601 -558.76359 -2413.98997       -199.57899 -513.08053 -73.86771 -411.02817 -1542.56261 -2014.83200      1336.52
59    -517.95872 194.65061  69.16619 -2044.04639 -560.37243 -2424.17537       -194.65061 -517.95872 -69.16619 -422.04006 -1516.41279 -2034.87415      1314.47
60    -522.83690 189.72223  64.46467 -1998.63676 -561.98127 -2434.36077       -189.72223 -522.83690 -64.46467 -433.05194 -1490.26296 -2054.91630      1293.03
61    -527.71509 184.79386  59.76314 -1953.22713 -563.59011 -2444.54616       -184.79386 -527.71509 -59.76314 -444.06383 -1464.11313 -2074.95845      1272.24
62    -532.59327 179.86548  55.06162 -1907.81751 -565.19895 -2454.73156       -179.86548 -532.59327 -55.06162 -455.07572 -1437.96331 -2095.00059      1252.12
63    -537.47146 174.93711  50.36009 -1862.40788 -566.80779 -2464.91695       -174.93711 -537.47146 -50.36009 -466.08761 -1411.81348 -2115.04274      1232.71
64    -542.34964 170.00873  45.65857 -1816.99825 -568.41663 -2475.10235       -170.00873 -542.34964 -45.65857 -477.09949 -1385.66365 -2135.08489      1214.04
65    -547.22783 165.08035  40.95705 -1771.58863 -570.02547 -2485.28775       -165.08035 -547.22783 -40.95705 -488.11138 -1359.51383 -2155.12704      1196.15
66    -552.10601 160.15198  36.25552 -1726.17900 -571.63432 -2495.47314       -160.15198 -552.10601 -36.25552 -499.12327 -1333.36400 -2175.16919      1179.07
67    -556.98420 155.22360  31.55400 -1680.76938 -573.24316 -2505.65854       -155.22360 -556.98420 -31.55400 -510.13516 -1307.21418 -2195.21134      1162.84
68    -561.86239 150.29522  26.85247 -1635.35975 -574.85200 -2515.84394       -150.29522 -561.86239 -26.85247 -521.14705 -1281.06435 -2215.25349      1147.49
69    -566.74057 145.36685  22.15095 -1589.95012 -576.46084 -2526.02933       -145.36685 -566.74057 -22.15095 -532.15893 -1254.91452 -2235.29563      1133.06
70    -571.61876 140.43847  17.44943 -1544.54050 -578.06968 -2536.21473       -140.43847 -571.61876 -17.44943 -543.17082 -1228.76470 -2255.33778      1119.58
71    -576.49694 135.51010  12.74790 -1499.13087 -579.67852 -2546.40012       -135.51010 -576.49694 -12.74790 -554.18271 -1202.61487 -2275.37993      1107.1
72    -581.37513 130.58172   8.04638 -1453.72124 -581.28736 -2556.58552       -130.58172 -581.37513  -8.04638 -565.19460 -1176.46504 -2295.42208      1095.64
73    -586.25331 125.65334   3.34486 -1408.31162 -582.89620 -2566.77092       -125.65334 -586.25331  -3.34486 -576.20649 -1150.31522 -2315.46423      1079.19
74    -591.13150 120.72497  -1.35667 -1362.90199 -584.50504 -2576.95631       -119.36830 -585.86171  -1.35667 -589.77483 -1122.80872 -2336.86305      1044.45
75    -596.00968 115.79659  -6.05819 -1317.49236 -586.11388 -2587.14171       -109.73840 -592.17207  -6.05819 -589.95149 -1091.95737 -2361.60672      1003.97
76    -600.88787 110.86821 -10.75972 -1272.08274 -587.72272 -2597.32711       -598.48243 -100.10850 -10.75972 -1061.10602 -590.12816 -2386.35039      963.548
77    -605.76606 105.93984 -15.46124 -1226.67311 -589.33156 -2607.51250       -604.79280 -90.47860 -15.46124 -1030.25467 -590.30482 -2411.09406      923.216
78    -610.64424 101.01146 -20.16276 -1181.26348 -590.94040 -2617.69790       -611.10316 -80.84870 -20.16276 -999.40332 -590.48148 -2435.83774      882.989
79    -615.52243  96.08309 -24.86429 -1135.85386 -592.54924 -2627.88329       -617.41353 -71.21880 -24.86429 -968.55197 -590.65814 -2460.58141      842.88
80    -620.40061  91.15471 -29.56581 -1090.44423 -594.15808 -2638.06869       -623.72389 -61.58890 -29.56581 -937.70062 -590.83480 -2485.32508      802.909
81    -625.27880  86.22633 -34.26733 -1045.03461 -595.76692 -2648.25409       -630.03425 -51.95900 -34.26733 -906.84927 -591.01146 -2510.06875      763.097
82    -630.15698  81.29796 -38.96886 -999.62498 -597.37576 -2658.43948       -636.34462 -42.32910 -38.96886 -875.99792 -591.18813 -2534.81243      723.469
83    -635.03517  76.36958 -43.67038 -954.21535 -598.98460 -2668.62488       -642.65498 -32.69920 -43.67038 -845.14657 -591.36479 -2559.55610      684.059
84    -639.91335  71.44121 -48.37191 -908.80573 -600.59344 -2678.81028       -648.96535 -23.06930 -48.37191 -814.29522 -591.54145 -2584.29977      644.905
85    -644.79154  66.51283 -53.07343 -863.39610 -602.20228 -2688.99567       -655.27571 -13.43940 -53.07343 -783.44387 -591.71811 -2609.04344      606.058
86    -649.66973  61.58445 -57.77495 -817.98647 -603.81112 -2699.18107       -661.58607  -3.80950 -57.77495 -752.59252 -591.89477 -2633.78712      567.58
87    -654.54791  56.65608 -62.47648 -772.57685 -605.41996 -2709.36646       -597.89184 -56.65608 -715.92077  -5.82040 -662.07604 -2652.71039      526.935
88    -659.42610  51.72770 -67.17800 -727.16722 -607.02880 -2719.55186       -607.69840 -51.72770 -675.43952 -15.45030 -658.75650 -2667.82416      485.18
89    -664.30428  46.79932 -71.87952 -681.75759 -608.63764 -2729.73726       -617.50496 -46.79932 -634.95827 -25.08020 -655.43697 -2682.93793      444.209
90    -669.18247  41.87095 -76.58105 -636.34797 -610.24648 -2739.92265       -627.31152 -41.87095 -594.47702 -34.71010 -652.11743 -2698.05170      404.26
91    -674.06065  36.94257 -81.28257 -590.93834 -611.85532 -2750.10805       -637.11808 -36.94257 -553.99577 -44.34000 -648.79790 -2713.16548      365.669
92    -678.93884  32.01420 -85.98410 -545.52871 -613.46416 -2760.29344       -646.92464 -32.01420 -513.51452 -53.96990 -645.47836 -2728.27925      320.31
93    -683.81702  27.08582 -90.68562 -500.11909 -615.07300 -2770.47884       -656.73121 -27.08582 -473.03327 -63.59980 -642.15882 -2743.39302      274.587
94    -688.69521  22.15744 -95.38714 -454.70946 -616.68184 -2780.66424       -666.53777 -22.15744 -432.55202 -73.22970 -638.83929 -2758.50679      228.867
95    -693.57340  17.22907 -100.08867 -409.29983 -618.29069 -2790.84963       -676.34433 -17.22907 -392.07077 -82.85960 -635.51975 -2773.62057      183.152
96    -698.45158  12.30069 -104.79019 -363.89021 -619.89953 -2801.03503       -686.15089 -12.30069 -351.58952 -92.48950 -632.20022 -2788.73434      137.449
97    -703.32977   7.37231 -109.49171 -318.48058 -621.50837 -2811.22043       -695.95745  -7.37231 -311.10827 -102.11940 -628.88068 -2803.84811      91.7731
98    -708.20795   2.44394 -114.19324 -273.07096 -623.11721 -2821.40582       -705.76402  -2.44394 -270.62702 -111.74930 -625.56114 -2818.96188      46.2083
99    -713.08614  -2.48444 -118.89476 -227.66133 -624.72605 -2831.59122       -713.08614  -2.48444 -118.89476 -227.66133 -624.72605 -2831.59122      0
