Fol_2018-02-06.14_27_12.50_.txt     Output is probe cell, reduced cell, NCDist distance between
0     53.73677 -141.19287 -63.22779  52.76244 -145.13076 -64.92286       -53.73677  -9.49102 -11.18609  -0.97432 -87.45611 -91.39399      5.72858e-14
1     53.83264 -139.67081 -62.48341  51.80921 -145.94107 -66.56344       -53.83264  -8.65078 -12.73081  -2.02343 -85.83818 -92.10843      2.70741
2     53.92850 -138.14875 -61.73904  50.85597 -146.75138 -68.20403       -53.92850  -7.81053 -14.27552  -3.07253 -84.22025 -92.82287      5.41482
3     54.02437 -136.62669 -60.99466  49.90274 -147.56168 -69.84461       -54.02437  -6.97029 -15.82024  -4.12163 -82.60232 -93.53731      8.12224
4     54.12024 -135.10463 -60.25029  48.94951 -148.37199 -71.48519       -54.12024  -6.13005 -17.36495  -5.17074 -80.98439 -94.25175      10.8296
5     54.21611 -133.58257 -59.50591  47.99627 -149.18230 -73.12578       -54.21611  -5.28980 -18.90967  -6.21984 -79.36646 -94.96619      13.5371
6     54.31198 -132.06051 -58.76154  47.04304 -149.99261 -74.76636       -54.31198  -4.44956 -20.45438  -7.26894 -77.74853 -95.68063      16.2445
7     54.40785 -130.53845 -58.01716  46.08980 -150.80292 -76.40694       -54.40785  -3.60931 -21.99909  -8.31805 -76.13061 -96.39507      18.9519
8     54.50372 -129.01640 -57.27279  45.13657 -151.61323 -78.04753       -54.50372  -2.76907 -23.54381  -9.36715 -74.51268 -97.10951      21.6593
9     54.59959 -127.49434 -56.52841  44.18333 -152.42354 -79.68811       -54.59959  -1.92883 -25.08852 -10.41626 -72.89475 -97.82395      24.3667
10     54.69546 -125.97228 -55.78404  43.23010 -153.23385 -81.32869       -54.69546  -1.08858 -26.63324 -11.46536 -71.27682 -98.53839      27.0741
11     54.79132 -124.45022 -55.03966  42.27686 -154.04416 -82.96927       -54.79132  -0.24834 -28.17795 -12.51446 -69.65889 -99.25283      29.7815
12     54.88719 -122.92816 -54.29529  41.32363 -154.85446 -84.60986       -54.29529  -0.59191 -12.97166 -29.13076 -68.63287 -99.37537      31.3997
13     54.98306 -121.40610 -53.55091  40.37039 -155.66477 -86.25044       -53.55091  -1.43215 -13.18052 -29.83523 -67.85519 -99.24956      32.5889
14     55.07893 -119.88404 -52.80654  39.41716 -156.47508 -87.89102       -52.80654  -2.27239 -13.38938 -30.53970 -67.07750 -99.12376      33.8079
15     55.17480 -118.36198 -52.06216  38.46392 -157.28539 -89.53161       -52.06216  -3.11264 -13.59824 -31.24417 -66.29982 -98.99795      35.0536
16     55.27067 -116.83992 -51.31779  37.51069 -158.09570 -91.17219       -51.31779  -3.95288 -13.80710 -31.94864 -65.52213 -98.87215      36.3232
17     55.36654 -115.31786 -50.57341  36.55745 -158.90601 -92.81277       -50.57341  -4.79313 -14.01596 -32.65311 -64.74445 -98.74635      37.6143
18     55.46241 -113.79580 -49.82904  35.60422 -159.71632 -94.45336       -49.82904  -5.63337 -14.22482 -33.35758 -63.96676 -98.62054      38.9248
19     55.55828 -112.27374 -49.08466  34.65098 -160.52663 -96.09394       -49.08466  -6.47361 -14.43368 -34.06205 -63.18908 -98.49474      40.2528
20     55.65414 -110.75168 -48.34029  33.69775 -161.33694 -97.73452       -48.34029  -7.31386 -14.64254 -34.76652 -62.41139 -98.36893      41.5965
21     55.75001 -109.22962 -47.59591  32.74451 -162.14725 -99.37511       -47.59591  -8.15410 -14.85140 -35.47099 -61.63371 -98.24313      42.9546
22     55.84588 -107.70756 -46.85154  31.79128 -162.95755 -101.01569       -46.85154  -8.99435 -15.06026 -36.17546 -60.85603 -98.11733      44.3257
23     55.94175 -106.18550 -46.10716  30.83804 -163.76786 -102.65627       -46.10716  -9.83459 -15.26912 -36.87993 -60.07834 -97.99152      45.7086
24     56.03762 -104.66344 -45.36279  29.88481 -164.57817 -104.29685       -45.36279 -10.67483 -15.47798 -37.58440 -59.30066 -97.86572      47.1023
25     56.13349 -103.14138 -44.61841  28.93157 -165.38848 -105.93744       -44.61841 -11.51508 -15.68684 -38.28887 -58.52297 -97.73991      48.5058
26     56.22936 -101.61932 -43.87404  27.97834 -166.19879 -107.57802       -43.87404 -12.35532 -15.89570 -38.99334 -57.74529 -97.61411      49.9184
27     56.32523 -100.09726 -43.12966  27.02510 -167.00910 -109.21860       -43.12966 -13.19557 -16.10456 -39.69781 -56.96760 -97.48831      51.1529
28     56.42110 -98.57520 -42.38529  26.07187 -167.81941 -110.85919       -42.38529 -14.03581 -16.31342 -40.40228 -56.18992 -97.36250      52.379
29     56.51696 -97.05315 -41.64091  25.11864 -168.62972 -112.49977       -41.64091 -14.87605 -16.52228 -41.10675 -55.41223 -97.23670      53.6222
30     56.61283 -95.53109 -40.89654  24.16540 -169.44003 -114.14035       -40.89654 -15.71630 -16.73114 -41.81122 -54.63455 -97.11090      54.8814
31     56.70870 -94.00903 -40.15216  23.21217 -170.25034 -115.78094       -40.15216 -16.55654 -16.94000 -42.51569 -53.85687 -96.98509      56.1554
32     56.80457 -92.48697 -39.40779  22.25893 -171.06064 -117.42152       -39.40779 -17.39679 -17.14885 -43.22016 -53.07918 -96.85929      57.4433
33     56.90044 -90.96491 -38.66341  21.30570 -171.87095 -119.06210       -38.66341 -18.23703 -17.35771 -43.92463 -52.30150 -96.73348      58.7441
34     56.99631 -89.44285 -37.91904  20.35246 -172.68126 -120.70269       -37.91904 -19.07727 -17.56657 -44.62910 -51.52381 -96.60768      60.0571
35     57.09218 -87.92079 -37.17466  19.39923 -173.49157 -122.34327       -37.17466 -19.91752 -17.77543 -45.33357 -50.74613 -96.48188      61.3815
36     57.18805 -86.39873 -36.43029  18.44599 -174.30188 -123.98385       -36.43029 -20.75776 -17.98429 -46.03804 -49.96844 -96.35607      62.7165
37     57.28392 -84.87667 -35.68591  17.49276 -175.11219 -125.62443       -35.68591 -21.59801 -18.19315 -46.74251 -49.19076 -96.23027      64.0614
38     57.37978 -83.35461 -34.94154  16.53952 -175.92250 -127.26502       -34.94154 -22.43825 -18.40201 -47.44698 -48.41307 -96.10446      65.4157
39     57.47565 -81.83255 -34.19716  15.58629 -176.73281 -128.90560       -34.19716 -23.27849 -18.61087 -48.15145 -47.63539 -95.97866      66.7788
40     57.57152 -80.31049 -33.45279  14.63305 -177.54312 -130.54618       -33.45279 -24.11874 -18.81973 -48.85593 -46.85771 -95.85286      68.1501
41     57.66739 -78.78843 -32.70841  13.67982 -178.35342 -132.18677       -32.70841 -24.95898 -19.02859 -49.56040 -46.08002 -95.72705      69.5293
42     57.76326 -77.26637 -31.96404  12.72658 -179.16373 -133.82735       -31.96404 -25.79922 -19.23745 -50.26487 -45.30234 -95.60125      68.6748
43     57.85913 -75.74431 -31.21966  11.77335 -179.97404 -135.46793       -26.63947 -31.21966 -19.44631 -44.52465 -50.96934 -95.47544      67.225
44     57.95500 -74.22225 -30.47528  10.82011 -180.78435 -137.10852       -27.47971 -30.47528 -19.65517 -43.74697 -51.67381 -95.34964      65.7801
45     58.05087 -72.70019 -29.73091   9.86688 -181.59466 -138.74910       -28.31996 -29.73091 -19.86403 -42.96928 -52.37828 -95.22384      64.3403
46     58.14674 -71.17813 -28.98653   8.91364 -182.40497 -140.38968       -29.16020 -28.98653 -20.07289 -42.19160 -53.08275 -95.09803      62.906
47     58.24260 -69.65607 -28.24216   7.96041 -183.21528 -142.03027       -30.00044 -28.24216 -20.28175 -41.41391 -53.78722 -94.97223      61.4777
48     58.33847 -68.13401 -27.49778   7.00717 -184.02559 -143.67085       -30.84069 -27.49778 -20.49061 -40.63623 -54.49169 -94.84643      60.0557
49     58.43434 -66.61195 -26.75341   6.05394 -184.83590 -145.31143       -31.68093 -26.75341 -20.69947 -39.85855 -55.19616 -94.72062      58.6405
50     58.53021 -65.08990 -26.00903   5.10070 -185.64621 -146.95202       -32.52118 -26.00903 -20.90833 -39.08086 -55.90063 -94.59482      57.2326
51     58.62608 -63.56784 -25.26466   4.14747 -186.45651 -148.59260       -33.36142 -25.26466 -21.11719 -38.30318 -56.60510 -94.46901      55.8325
52     58.72195 -62.04578 -24.52028   3.19423 -187.26682 -150.23318       -34.20166 -24.52028 -21.32605 -37.52549 -57.30957 -94.34321      54.441
53     58.81782 -60.52372 -23.77591   2.24100 -188.07713 -151.87376       -35.04191 -23.77591 -21.53491 -36.74781 -58.01404 -94.21741      53.0585
54     58.91369 -59.00166 -23.03153   1.28776 -188.88744 -153.51435       -35.88215 -23.03153 -21.74377 -35.97012 -58.71851 -94.09160      51.6859
55     59.00956 -57.47960 -22.28716   0.33453 -189.69775 -155.15493       -36.72240 -22.28716 -21.95263 -35.19244 -59.42298 -93.96580      50.3239
56     59.10542 -55.95754 -21.54278  -0.61870 -190.50806 -156.79551       -37.56264 -21.54278 -22.16149 -34.41475 -60.12745 -93.83999      48.9735
57     59.20129 -54.43548 -20.79841  -1.57194 -191.31837 -158.43610       -38.40288 -20.79841 -22.37035 -33.63707 -60.83192 -93.71419      47.6357
58     59.29716 -52.91342 -20.05403  -2.52517 -192.12868 -160.07668       -39.24313 -20.05403 -22.57921 -32.85939 -61.53639 -93.58839      46.3114
59     59.39303 -51.39136 -19.30966  -3.47841 -192.93899 -161.71726       -40.08337 -19.30966 -22.78807 -32.08170 -62.24086 -93.46258      45.002
60     59.48890 -49.86930 -18.56528  -4.43164 -193.74929 -163.35785       -40.92362 -18.56528 -22.99693 -31.30402 -62.94533 -93.33678      43.7088
61     59.58477 -48.34724 -17.82091  -5.38488 -194.55960 -164.99843       -41.76386 -17.82091 -23.20579 -30.52633 -63.64980 -93.21097      42.4332
62     59.68064 -46.82518 -17.07653  -6.33811 -195.36991 -166.63901       -42.60410 -17.07653 -23.41465 -29.74865 -64.35427 -93.08517      41.1768
63     59.77651 -45.30312 -16.33216  -7.29135 -196.18022 -168.27960       -43.44435 -16.33216 -23.62351 -28.97096 -65.05874 -92.95937      39.9416
64     59.87238 -43.78106 -15.58778  -8.24458 -196.99053 -169.92018       -44.28459 -15.58778 -23.83237 -28.19328 -65.76321 -92.83356      38.7294
65     59.96824 -42.25900 -14.84341  -9.19782 -197.80084 -171.56076       -45.12484 -14.84341 -24.04123 -27.41559 -66.46768 -92.70776      37.5426
66     60.06411 -40.73694 -14.09903 -10.15105 -198.61115 -173.20134       -45.96508 -14.09903 -24.25009 -26.63791 -67.17215 -92.58196      36.3837
67     60.15998 -39.21488 -13.35466 -11.10429 -199.42146 -174.84193       -46.80532 -13.35466 -24.45895 -25.86022 -67.87662 -92.45615      35.2553
68     60.25585 -37.69282 -12.61028 -12.05752 -200.23177 -176.48251       -47.64557 -12.61028 -24.66781 -25.08254 -68.58109 -92.33035      34.1605
69     60.35172 -36.17076 -11.86591 -13.01076 -201.04208 -178.12309       -48.48581 -11.86591 -24.87667 -24.30486 -69.28556 -92.20454      33.1026
70     60.44759 -34.64871 -11.12153 -13.96399 -201.85238 -179.76368       -49.32606 -11.12153 -25.08553 -23.52717 -69.99003 -92.07874      32.0854
71     60.54346 -33.12665 -10.37716 -14.91723 -202.66269 -181.40426       -50.16630 -10.37716 -25.29439 -22.74949 -70.69450 -91.95294      31.1127
72     60.63933 -31.60459  -9.63278 -15.87046 -203.47300 -183.04484       -51.00654  -9.63278 -25.50325 -21.97180 -71.39897 -91.82713      30.1889
73     60.73520 -30.08253  -8.88841 -16.82370 -204.28331 -184.68543       -51.84679  -8.88841 -25.71210 -21.19412 -72.10344 -91.70133      29.3186
74     60.83106 -28.56047  -8.14403 -17.77693 -205.09362 -186.32601       -52.68703  -8.14403 -25.92096 -20.41643 -72.80791 -91.57552      28.5067
75     60.92693 -27.03841  -7.39966 -18.73017 -205.90393 -187.96659       -53.52728 -26.12982  -7.39966 -19.63875 -91.44972 -73.51238      27.7583
76     61.02280 -25.51635  -6.65528 -19.68340 -206.71424 -189.60718       -54.36752 -26.33868  -6.65528 -18.86106 -91.32392 -74.21685      27.0787
77     61.11867 -23.99429  -5.91091 -20.63664 -207.52455 -191.24776       -55.20776 -26.54754  -5.91091 -18.08338 -91.19811 -74.92132      26.4733
78     61.21454 -22.47223  -5.16653 -21.58987 -208.33486 -192.88834       -56.04801 -26.75640  -5.16653 -17.30570 -91.07231 -75.62579      25.9471
79     61.31041 -20.95017  -4.42216 -22.54311 -209.14517 -194.52892       -56.88825 -26.96526  -4.42216 -16.52801 -90.94650 -76.33026      25.5051
80     61.40628 -19.42811  -3.67778 -23.49634 -209.95547 -196.16951       -57.72850 -27.17412  -3.67778 -15.75033 -90.82070 -77.03473      25.1517
81     61.50215 -17.90605  -2.93341 -24.44957 -210.76578 -197.81009       -58.56874 -27.38298  -2.93341 -14.97264 -90.69490 -77.73921      24.8907
82     61.59802 -16.38399  -2.18903 -25.40281 -211.57609 -199.45067       -59.40898 -27.59184  -2.18903 -14.19496 -90.56909 -78.44368      24.7251
83     61.69388 -14.86193  -1.44466 -26.35604 -212.38640 -201.09126       -60.24923 -27.80070  -1.44466 -13.41727 -90.44329 -79.14815      24.6567
84     61.78975 -13.33987  -0.70028 -27.30928 -213.19671 -202.73184       -61.08947 -28.00956  -0.70028 -12.63959 -90.31749 -79.85262      24.6864
85     61.88562 -11.81781   0.04409 -28.26251 -214.00702 -204.37242       -61.88562 -11.81781  -0.04409 -28.17433 -90.14759 -80.60118      24.7396
86     61.98149 -10.29575   0.78847 -29.21575 -214.81733 -206.01301       -61.98149 -10.29575  -0.78847 -27.63881 -89.27741 -82.05002      23.7683    *****
87     62.07736  -8.77369   1.53284 -30.16898 -215.62764 -207.65359       -62.07736  -8.77369  -1.53284 -27.10330 -88.40723 -83.49887      23.0187
88     62.17323  -7.25163   2.27722 -31.12222 -216.43795 -209.29417       -62.17323  -7.25163  -2.27722 -26.56778 -87.53705 -84.94771      22.513
89     62.26910  -5.72957   3.02159 -32.07545 -217.24825 -210.93476       -62.26910  -5.72957  -3.02159 -26.03227 -86.66687 -86.39656      22.2678
90     62.36497  -4.20751   3.76597 -33.02869 -218.05856 -212.57534       -62.36497  -4.20751  -3.76597 -25.49675 -85.79669 -87.84540      22.1366
91     62.46084  -2.68546   4.51034 -33.98192 -218.86887 -214.21592       -62.46084  -2.68546  -4.51034 -24.96124 -84.92652 -89.29425      20.9151    *****
92     62.55670  -1.16340   5.25472 -34.93516 -219.67918 -215.85651       -62.55670  -1.16340  -5.25472 -24.42572 -84.05634 -90.74310      19.9223
93     62.65257   0.35866   5.99909 -35.88839 -220.48949 -217.49709       -62.29391 -23.53154  -0.35866  -5.64043 -91.83328 -83.54482      18.6091
94     62.74844   1.88072   6.74347 -36.84163 -221.29980 -219.13767       -60.86772 -21.47397  -1.88072  -4.86274 -91.76006 -84.19670      15.5076    *****
95     62.84431   3.40278   7.48784 -37.79486 -222.11011 -220.77825       -59.44153 -19.41639  -3.40278  -4.08506 -91.68685 -84.84858      12.4061
96     62.94018   4.92484   8.23222 -38.74810 -222.92042 -222.41884       -58.01534 -17.35882  -4.92484  -3.30738 -91.61363 -85.50046      9.30455
97     63.03605   6.44690   8.97659 -39.70133 -223.73073 -224.05942       -56.58915 -15.30124  -6.44690  -2.52969 -91.54042 -86.15234      6.20303
98     63.13192   7.96896   9.72097 -40.65457 -224.54104 -225.70000       -55.16296 -13.24367  -7.96896  -1.75201 -91.46721 -86.80422      3.10152
99     63.22779   9.49102  10.46534 -41.60780 -225.35134 -227.34059       -53.73677  -9.49102 -11.18609  -0.97432 -87.45611 -91.39399      0
