Fol_2018-02-13.10_41_11.64_.txt     Output is probe cell, reduced cell, NCDist distance between
0    3365.14452 -533.91002 -526.77044 911.87973 -6152.14995 -11377.53491       -22.81034  -7.13958 -68.43250 -73.22866 -1389.18125 -5099.83734      3.62731e-12
1    3330.92275 -528.58911 -522.14077 901.92914 -6104.03915 -11314.12383        -9.87223  -6.44834 -73.06217 -69.29022 -1416.00839 -5128.88128      42.0484
2    3296.70099 -523.26819 -517.51109 891.97855 -6055.92836 -11250.71274        -3.06588  -2.69122 -1439.76965 -68.41767 -74.62597 -5154.85934      79.0916
3    3262.47922 -517.94728 -512.88141 882.02796 -6007.81756 -11187.30165       -10.93813  -5.06586 -66.47921 -77.25566 -1442.72055 -5160.02704      81.5754
4    3228.25745 -512.62636 -508.25174 872.07737 -5959.70677 -11123.89057       -24.56748  -4.37463 -61.84953 -82.57658 -1442.98023 -5162.50352      83.4436
5    3194.03569 -507.30545 -503.62206 862.12678 -5911.59597 -11060.47948       -38.19683  -3.68339 -57.21986 -87.89749 -1443.23991 -5164.98000      88.0653
6    3159.81392 -501.98454 -498.99239 852.17619 -5863.48518 -10997.06839       -51.82618  -2.99215 -52.59018 -93.21840 -1443.49959 -5167.45648      95.0396
7    3125.59215 -496.66362 -494.36271 842.22560 -5815.37438 -10933.65731       -65.45553  -2.30091 -47.96050 -98.53932 -1443.75927 -5169.93296      103.894
8    3091.37039 -491.34271 -489.73303 832.27501 -5767.26359 -10870.24622       -79.08488  -1.60968 -43.33083 -103.86023 -1444.01894 -5172.40945      114.191
9    3057.14862 -486.02180 -485.10336 822.32442 -5719.15279 -10806.83513       -92.71423  -0.91844 -38.70115 -109.18114 -1444.27862 -5174.88593      125.578
10    3022.92686 -480.70088 -480.47368 812.37383 -5671.04200 -10743.42405       -106.34358  -0.22720 -34.07148 -114.50206 -1444.53830 -5177.36241      137.784
11    2988.70509 -475.37997 -475.84400 802.42324 -5622.93120 -10680.01296       -119.50889  -0.46403 -119.35894 -28.97776 -1445.26202 -5179.37486      150.214
12    2954.48332 -470.05906 -471.21433 792.47265 -5574.82041 -10616.60187       -132.44700  -1.15527 -123.98861 -23.65685 -1446.21293 -5181.16010      162.9
13    2920.26156 -464.73814 -466.58465 782.52206 -5526.70962 -10553.19079       -145.38512  -1.84651 -128.61829 -18.33594 -1447.16385 -5182.94534      175.932
14    2886.03979 -459.41723 -461.95498 772.57147 -5478.59882 -10489.77970       -158.32323  -2.53775 -133.24796 -13.01502 -1448.11477 -5184.73059      189.237
15    2851.81802 -454.09632 -457.32530 762.62088 -5430.48803 -10426.36861       -171.26134  -3.22898 -137.87764  -7.69411 -1449.06568 -5186.51583      202.764
16    2817.59626 -448.77540 -452.69562 752.67029 -5382.37723 -10362.95753       -184.19945  -3.92022 -142.50732  -2.37320 -1450.01660 -5188.30108      216.469
17    2783.37449 -443.45449 -448.06595 742.71970 -5334.26644 -10299.54644       -200.08528 -144.18928  -1.66374  -2.94772 -1448.01980 -5187.13860      229.077
18    2749.15273 -438.13357 -443.43627 732.76911 -5286.15564 -10236.13535       -215.37837  -5.30270  -2.96593 -140.53210 -1440.68387 -5186.56887      236.804
19    2714.93096 -432.81266 -438.80659 722.81852 -5238.04485 -10172.72427       -229.00772  -5.99393  -7.59561 -135.21119 -1431.68420 -5187.66288      244.093
20    2680.70919 -427.49175 -434.17692 712.86793 -5189.93405 -10109.31318       -242.63707  -6.68517 -12.22529 -129.89028 -1422.68452 -5188.75688      252.434
21    2646.48743 -422.17083 -429.54724 702.91734 -5141.82326 -10045.90209       -256.26642  -7.37641 -16.85496 -124.56936 -1413.68485 -5189.85089      261.727
22    2612.26566 -416.84992 -424.91757 692.96675 -5093.71246 -9982.49101       -269.89577  -8.06765 -21.48464 -119.24845 -1404.68518 -5190.94490      271.873
23    2578.04389 -411.52901 -420.28789 683.01616 -5045.60167 -9919.07992       -283.52512  -8.75888 -26.11432 -113.92754 -1395.68550 -5192.03890      282.782
24    2543.82213 -406.20809 -415.65821 673.06557 -4997.49087 -9855.66883       -297.15447  -9.45012 -30.74399 -108.60662 -1386.68583 -5193.13291      294.368
25    2509.60036 -400.88718 -411.02854 663.11498 -4949.38008 -9792.25775       -310.78382 -10.14136 -35.37367 -103.28571 -1377.68616 -5194.22692      306.554
26    2475.37860 -395.56627 -406.39886 653.16439 -4901.26928 -9728.84666       -324.41317 -10.83259 -40.00334 -97.96480 -1368.68648 -5195.32093      319.273
27    2441.15683 -390.24535 -401.76918 643.21380 -4853.15849 -9665.43557       -338.04252 -11.52383 -44.63302 -92.64388 -1359.68681 -5196.41493      332.462
28    2406.93506 -384.92444 -397.13951 633.26321 -4805.04769 -9602.02449       -351.67187 -12.21507 -49.26270 -87.32297 -1350.68714 -5197.50894      346.068
29    2372.71330 -379.60353 -392.50983 623.31262 -4756.93690 -9538.61340       -365.30121 -12.90631 -53.89237 -82.00206 -1341.68747 -5198.60295      360.044
30    2338.49153 -374.28261 -387.88016 613.36203 -4708.82610 -9475.20231       -378.93056 -13.59754 -58.52205 -76.68114 -1332.68779 -5199.69695      374.349
31    2304.26976 -368.96170 -383.25048 603.41144 -4660.71531 -9411.79123       -392.55991 -14.28878 -63.15172 -71.36023 -1323.68812 -5200.79096      388.945
32    2270.04800 -363.64078 -378.62080 593.46085 -4612.60451 -9348.38014       -406.18926 -14.98002 -67.78140 -66.03931 -1314.68845 -5201.88497      403.802
33    2235.82623 -358.31987 -373.99113 583.51026 -4564.49372 -9284.96905       -419.81861 -15.67126 -72.41108 -60.71840 -1305.68877 -5202.97897      418.891
34    2201.60447 -352.99896 -369.36145 573.55967 -4516.38292 -9221.55797       -433.44796 -16.36249 -77.04075 -55.39749 -1296.68910 -5204.07298      434.189
35    2167.38270 -347.67804 -364.73178 563.60908 -4468.27213 -9158.14688       -447.07731 -17.05373 -81.67043 -50.07657 -1287.68943 -5205.16699      449.674
36    2133.16093 -342.35713 -360.10210 553.65849 -4420.16133 -9094.73579       -460.70666 -17.74497 -86.30011 -44.75566 -1278.68975 -5206.26100      465.328
37    2098.93917 -337.03622 -355.47242 543.70790 -4372.05054 -9031.32471       -474.33601 -18.43621 -90.92978 -39.43475 -1269.69008 -5207.35500      481.133
38    2064.71740 -331.71530 -350.84275 533.75732 -4323.93974 -8967.91362       -487.96536 -19.12744 -95.55946 -34.11383 -1260.69041 -5208.44901      497.033
39    2030.49563 -326.39439 -346.21307 523.80673 -4275.82895 -8904.50253       -501.59471 -19.81868 -100.18913 -28.79292 -1251.69073 -5209.54302      513.029
40    1996.27387 -321.07348 -341.58339 513.85614 -4227.71815 -8841.09145       -515.22406 -20.50992 -104.81881 -23.47201 -1242.69106 -5210.63702      529.142
41    1962.05210 -315.75256 -336.95372 503.90555 -4179.60736 -8777.68036       -528.85341 -21.20116 -109.44849 -18.15109 -1233.69139 -5211.73103      545.362
42    1927.83034 -310.43165 -332.32404 493.95496 -4131.49656 -8714.26927       -542.48276 -21.89239 -114.07816 -12.83018 -1224.69171 -5212.82504      561.681
43    1893.60857 -305.11074 -327.69437 484.00437 -4083.38577 -8650.85819       -556.11211 -22.58363 -118.70784  -7.50927 -1215.69204 -5213.91904      578.089
44    1859.38680 -299.78982 -323.06469 474.05378 -4035.27497 -8587.44710       -569.74145 -23.27487 -123.33752  -2.18835 -1206.69237 -5215.01305      594.58
45    1825.16504 -294.46891 -318.43501 464.10319 -3987.16418 -8524.03601       -586.50337 -124.83463 -20.83354  -3.13256 -1194.56013 -5212.97450      614.514
46    1790.94327 -289.14800 -313.80534 454.15260 -3939.05338 -8460.62493       -605.45363 -124.14339 -16.20387  -8.45348 -1180.23955 -5208.74759      636.199
47    1756.72150 -283.82708 -309.17566 444.20201 -3890.94259 -8397.21384       -624.40389 -123.45216 -11.57419 -13.77439 -1165.91896 -5204.52068      657.029
48    1722.49974 -278.50617 -304.54598 434.25142 -3842.83179 -8333.80275       -643.35415 -122.76092  -6.94451 -19.09530 -1151.59837 -5200.29378      678.152
49    1688.27797 -273.18525 -299.91631 424.30083 -3794.72100 -8270.39167       -662.30442 -122.06968  -2.31484 -24.41622 -1137.27779 -5196.06687      699.541
50    1654.05621 -267.86434 -295.28663 414.35024 -3746.61020 -8206.98058       -678.93984 -27.42229  -2.31484 -119.06361 -1120.64236 -5194.15480      719.999
51    1619.83444 -262.54343 -290.65696 404.39965 -3698.49941 -8143.56949       -693.26043 -28.11353  -6.94451 -113.74269 -1101.69210 -5194.55757      739.586
52    1585.61267 -257.22251 -286.02728 394.44906 -3650.38861 -8080.15841       -707.58101 -28.80477 -11.57419 -108.42178 -1082.74184 -5194.96034      759.477
53    1551.39091 -251.90160 -281.39760 384.49847 -3602.27782 -8016.74732       -721.90160 -29.49600 -16.20387 -103.10087 -1063.79157 -5195.36311      779.649
54    1517.16914 -246.58069 -276.76793 374.54788 -3554.16702 -7953.33623       -736.22219 -30.18724 -20.83354 -97.77995 -1044.84131 -5195.76588      800.08
55    1482.94737 -241.25977 -272.13825 364.59729 -3506.05623 -7889.92515       -750.54277 -30.87848 -25.46322 -92.45904 -1025.89105 -5196.16865      820.752
56    1448.72561 -235.93886 -267.50857 354.64670 -3457.94543 -7826.51406       -764.86336 -31.56972 -30.09290 -87.13812 -1006.94078 -5196.57142      841.646
57    1414.50384 -230.61795 -262.87890 344.69611 -3409.83464 -7763.10297       -779.18395 -32.26095 -34.72257 -81.81721 -987.99052 -5196.97419      862.747
58    1380.28208 -225.29703 -258.24922 334.74552 -3361.72384 -7699.69189       -793.50454 -32.95219 -39.35225 -76.49630 -969.04026 -5197.37696      884.039
59    1346.06031 -219.97612 -253.61955 324.79493 -3313.61305 -7636.28080       -807.82512 -33.64343 -43.98192 -71.17538 -950.09000 -5197.77973      905.509
60    1311.83854 -214.65521 -248.98987 314.84434 -3265.50225 -7572.86971       -822.14571 -34.33466 -48.61160 -65.85447 -931.13973 -5198.18250      927.145
61    1277.61678 -209.33429 -244.36019 304.89375 -3217.39146 -7509.45863       -836.46630 -35.02590 -53.24128 -60.53356 -912.18947 -5198.58527      948.935
62    1243.39501 -204.01338 -239.73052 294.94316 -3169.28066 -7446.04754       -850.78688 -35.71714 -57.87095 -55.21264 -893.23921 -5198.98804      970.869
63    1209.17324 -198.69246 -235.10084 284.99257 -3121.16987 -7382.63645       -865.10747 -36.40838 -62.50063 -49.89173 -874.28894 -5199.39081      992.938
64    1174.95148 -193.37155 -230.47116 275.04198 -3073.05908 -7319.22537       -855.33868 -44.57082 -67.13031 -37.09961 -879.42806 -5199.79358      982.675
65    1140.72971 -188.05064 -225.84149 265.09139 -3024.94828 -7255.81428       -836.38842 -39.24990 -71.75998 -37.79085 -893.74864 -5200.19635      959.027
66    1106.50795 -182.72972 -221.21181 255.14080 -2976.83749 -7192.40319       -817.43816 -33.92899 -76.38966 -38.48209 -908.06923 -5200.59912      935.438
67    1072.28618 -177.40881 -216.58214 245.19021 -2928.72669 -7128.99211       -798.48789 -28.60808 -81.01933 -39.17333 -922.38982 -5201.00189      911.912
68    1038.06441 -172.08790 -211.95246 235.23962 -2880.61590 -7065.58102       -779.53763 -23.28716 -85.64901 -39.86456 -936.71040 -5201.40465      888.455
69    1003.84265 -166.76698 -207.32278 225.28903 -2832.50510 -7002.16993       -760.58737 -17.96625 -90.27869 -40.55580 -951.03099 -5201.80742      865.073
70    969.62088 -161.44607 -202.69311 215.33844 -2784.39431 -6938.75885       -741.63710 -12.64533 -94.90836 -41.24704 -965.35158 -5202.21019      841.679
71    935.39911 -156.12516 -198.06343 205.38785 -2736.28351 -6875.34776       -722.68684  -7.32442 -99.53804 -41.93828 -979.67216 -5202.61296      818.346
72    901.17735 -150.80424 -193.43376 195.43726 -2688.17272 -6811.93667       -703.73658  -2.00351 -104.16771 -42.62951 -993.99275 -5203.01573      795.102
73    866.95558 -145.48333 -188.80408 185.48667 -2640.06192 -6748.52559       -681.46891  -3.31741 -40.00334 -105.47998 -1011.63074 -5200.10110      767.001
74    832.73382 -140.16242 -184.17440 175.53608 -2591.95113 -6685.11450       -657.19773  -8.63832 -35.37367 -104.78875 -1031.27224 -5195.18295      736.022
75    798.51205 -134.84150 -179.54473 165.58549 -2543.84033 -6621.70341       -632.92656 -13.95923 -30.74399 -104.09751 -1050.91374 -5190.26481      705.169
76    764.29028 -129.52059 -174.91505 155.63490 -2495.72954 -6558.29233       -608.65538 -19.28015 -26.11432 -103.40627 -1070.55524 -5185.34666      674.461
77    730.06852 -124.19967 -170.28537 145.68431 -2447.61874 -6494.88124       -584.38420 -24.60106 -21.48464 -102.71504 -1090.19674 -5180.42852      643.918
78    695.84675 -118.87876 -165.65570 135.73372 -2399.50795 -6431.47016       -560.11303 -29.92197 -16.85496 -102.02380 -1109.83824 -5175.51038      613.565
79    661.62498 -113.55785 -161.02602 125.78313 -2351.39715 -6368.05907       -535.84185 -35.24289 -12.22529 -101.33256 -1129.47974 -5170.59223      583.431
80    627.40322 -108.23693 -156.39635 115.83254 -2303.28636 -6304.64798       -511.57067 -40.56380  -7.59561 -100.64132 -1149.12124 -5165.67409      553.552
81    593.18145 -102.91602 -151.76667 105.88195 -2255.17556 -6241.23690       -487.29950 -45.88471  -2.96593 -99.95009 -1168.76274 -5160.75595      523.972
82    558.95969 -97.59511 -147.13699  95.93136 -2207.06477 -6177.82581       -461.36458 -97.59511  -1.66374 -49.54189 -1186.74050 -5157.50154      493.905
83    524.73792 -92.27419 -142.50732  85.98077 -2158.95397 -6114.41472       -432.46373 -92.27419  -6.29342 -50.23312 -1201.75233 -5157.21308      462.646
84    490.51615 -86.95328 -137.87764  76.03019 -2110.84318 -6051.00364       -403.56287 -86.95328 -10.92309 -50.92436 -1216.76415 -5156.92461      431.697
85    456.29439 -81.63237 -133.24796  66.07960 -2062.73238 -5987.59255       -374.66202 -81.63237 -15.55277 -51.61560 -1231.77597 -5156.63614      400.768
86    422.07262 -76.31145 -128.61829  56.12901 -2014.62159 -5924.18146       -345.76117 -76.31145 -20.18245 -52.30684 -1246.78780 -5156.34767      367.855
87    387.85085 -70.99054 -123.98861  46.17842 -1966.51079 -5860.77038       -316.86032 -70.99054 -24.81212 -52.99807 -1261.79962 -5156.05920      335.024
88    353.62909 -65.66963 -119.35894  36.22783 -1918.40000 -5797.35929       -287.95946 -65.66963 -29.44180 -53.68931 -1276.81145 -5155.77074      302.303
89    319.40732 -60.34871 -114.72926  26.27724 -1870.28920 -5733.94820       -259.05861 -60.34871 -34.07148 -54.38055 -1291.82327 -5155.48227      269.732
90    285.18556 -55.02780 -110.09958  16.32665 -1822.17841 -5670.53712       -230.15776 -55.02780 -38.70115 -55.07179 -1306.83509 -5155.19380      237.371
91    250.96379 -49.70688 -105.46991   6.37606 -1774.06761 -5607.12603       -201.25691 -49.70688 -43.33083 -55.76302 -1321.84692 -5154.90533      205.321
92    216.74202 -44.38597 -100.84023  -3.57453 -1725.95682 -5543.71494       -172.35605 -44.38597 -47.96050 -56.45426 -1336.85874 -5154.61687      173.753
93    182.52026 -39.06506 -96.21055 -13.52512 -1677.84602 -5480.30386       -143.45520 -39.06506 -52.59018 -57.14550 -1351.87057 -5154.32840      142.988
94    148.29849 -33.74414 -91.58088 -23.47571 -1629.73523 -5416.89277       -114.55435 -33.74414 -57.21986 -57.83673 -1366.88239 -5154.03993      113.677
95    114.07672 -28.42323 -86.95120 -33.42630 -1581.62443 -5353.48168       -85.65349 -28.42323 -61.84953 -58.52797 -1381.89421 -5153.75146      87.3014
96     79.85496 -23.10232 -82.32153 -43.37689 -1533.51364 -5290.07060       -56.75264 -23.10232 -66.47921 -59.21921 -1396.90604 -5153.46300      67.397
97     45.63319 -17.78140 -77.69185 -53.32748 -1485.40284 -5226.65951       -27.85179 -17.78140 -71.10889 -59.91045 -1411.91786 -5153.17453      60.7043
98     11.41143 -12.46049 -73.06217 -63.27807 -1437.29205 -5163.24842        -1.04906 -11.41143 -1425.88062 -61.65075 -74.68950 -5151.83700      69.3652
99    -22.81034  -7.13958 -68.43250 -73.22866 -1389.18125 -5099.83734       -22.81034  -7.13958 -68.43250 -73.22866 -1389.18125 -5099.83734      0
