Fol_2018-02-06.14_13_35.24_.txt     Output is probe cell, reduced cell, NCDist distance between
0    -133.49989  58.00109 -145.89876 -86.93608  73.22983 -78.88307        -5.65324 -15.22874 -13.70625 -60.27006 -73.22983 -72.66893      8.40726e-14
1    -132.20851  57.26140 -144.56348 -86.66673  71.75044 -78.82030        -7.06986 -14.48904 -14.91629 -60.45807 -71.75044 -72.81304      1.94162
2    -130.91713  56.52170 -143.22820 -86.39737  70.27105 -78.75753        -8.48649 -13.74935 -16.12633 -60.64608 -70.27105 -72.95715      3.84712
3    -129.62575  55.78201 -141.89292 -86.12802  68.79166 -78.69476        -9.90311 -17.33636 -13.00965 -60.83409 -73.10127 -68.79166      6.19327
4    -128.33437  55.04231 -140.55764 -85.85867  67.31227 -78.63199       -11.31973 -18.54640 -12.26996 -61.02210 -73.24538 -67.31227      8.62778    *****
5    -127.04299  54.30261 -139.22237 -85.58931  65.83288 -78.56922       -12.73635 -19.75644 -11.53026 -61.21011 -73.38949 -65.83288      11.0926
6    -125.75161  53.56292 -137.88709 -85.31996  64.35348 -78.50646       -14.15297 -20.96647 -10.79057 -61.39812 -73.53360 -64.35348      13.5713
7    -124.46023  52.82322 -136.55181 -85.05060  62.87409 -78.44369       -15.56959 -22.17651 -10.05087 -61.58613 -73.67772 -62.87409      14.1737
8    -123.16885  52.08353 -135.21653 -84.78125  61.39470 -78.38092       -16.98621 -23.38655  -9.31117 -61.77414 -73.82183 -61.39470      14.5258
9    -121.87747  51.34383 -133.88126 -84.51190  59.91531 -78.31815       -18.40283 -24.59658  -8.57148 -61.96215 -73.96594 -59.91531      15.2851    *****
10    -120.58609  50.60414 -132.54598 -84.24254  58.43592 -78.25538       -19.81946 -25.80662  -7.83178 -62.15016 -74.11005 -58.43592      16.3949
11    -119.29471  49.86444 -131.21070 -83.97319  56.95653 -78.19261       -21.23608 -27.01666  -7.09209 -62.33817 -74.25417 -56.95653      17.7898
12    -118.00333  49.12475 -129.87542 -83.70384  55.47714 -78.12984       -22.65270 -28.22669  -6.35239 -62.52618 -74.39828 -55.47714      19.4084
13    -116.71195  48.38505 -128.54014 -83.43448  53.99775 -78.06707       -24.06932 -29.43673  -5.61270 -62.71419 -74.54239 -53.99775      21.1996
14    -115.42057  47.64536 -127.20487 -83.16513  52.51836 -78.00430       -25.48594 -30.64677  -4.87300 -62.90221 -74.68651 -52.51836      23.1233
15    -114.12919  46.90566 -125.86959 -82.89577  51.03897 -77.94153       -26.90256 -31.85680  -4.13331 -63.09022 -74.83062 -51.03897      25.149
16    -112.83781  46.16597 -124.53431 -82.62642  49.55958 -77.87876       -28.31918 -33.06684  -3.39361 -63.27823 -74.97473 -49.55958      27.2541
17    -111.54643  45.42627 -123.19903 -82.35707  48.08019 -77.81600       -29.73581 -34.27688  -2.65392 -63.46624 -75.11884 -48.08019      29.4215
18    -110.25505  44.68658 -121.86376 -82.08771  46.60080 -77.75323       -31.15243 -35.48691  -1.91422 -63.65425 -75.26296 -46.60080      31.6384
19    -108.96366  43.94688 -120.52848 -81.81836  45.12141 -77.69046       -32.56905 -36.69695  -1.17453 -63.84226 -75.40707 -45.12141      33.8951
20    -107.67228  43.20719 -119.19320 -81.54901  43.64202 -77.62769       -33.98567 -37.90699  -0.43483 -64.03027 -75.55118 -43.64202      36.1842
21    -106.38090  42.46749 -117.85792 -81.27965  42.16263 -77.56492       -35.09743 -63.91341  -0.30486 -38.81216 -75.39043 -42.46749      38.0463
22    -105.08952  41.72780 -116.52264 -81.01030  40.68324 -77.50215       -35.77435 -63.36173  -1.04456 -39.28250 -74.79485 -41.72780      39.2853
23    -103.79814  40.98810 -115.18737 -80.74094  39.20385 -77.43938       -36.45128 -62.81004  -1.78425 -39.75284 -74.19927 -40.98810      40.5465
24    -102.50676  40.24841 -113.85209 -80.47159  37.72446 -77.37661       -37.12821 -62.25836  -2.52395 -40.22319 -73.60368 -40.24841      41.8278
25    -101.21538  39.50871 -112.51681 -80.20224  36.24507 -77.31384       -37.80513 -61.70667  -3.26364 -40.69353 -73.00810 -39.50871      43.1274
26    -99.92400  38.76901 -111.18153 -79.93288  34.76568 -77.25107       -38.48206 -61.15499  -4.00334 -41.16387 -72.41252 -38.76901      44.4438
27    -98.63262  38.02932 -109.84626 -79.66353  33.28629 -77.18830       -39.15898 -60.60330  -4.74303 -41.63421 -71.81694 -38.02932      45.7755
28    -97.34124  37.28962 -108.51098 -79.39418  31.80689 -77.12554       -39.83591 -60.05162  -5.48273 -42.10455 -71.22135 -37.28962      47.1212
29    -96.04986  36.54993 -107.17570 -79.12482  30.32750 -77.06277       -40.51284 -59.49993  -6.22242 -42.57489 -70.62577 -36.54993      48.4797
30    -94.75848  35.81023 -105.84042 -78.85547  28.84811 -77.00000       -41.18976 -58.94825  -6.96212 -43.04523 -70.03019 -35.81023      49.85
31    -93.46710  35.07054 -104.50514 -78.58611  27.36872 -76.93723       -41.86669 -58.39656  -7.70182 -43.51558 -69.43460 -35.07054      51.2312
32    -92.17572  34.33084 -103.16987 -78.31676  25.88933 -76.87446       -42.54362 -57.84488  -8.44151 -43.98592 -68.83902 -34.33084      52.6223
33    -90.88434  33.59115 -101.83459 -78.04741  24.40994 -76.81169       -43.22054 -57.29319  -9.18121 -44.45626 -68.24344 -33.59115      54.0226
34    -89.59296  32.85145 -100.49931 -77.77805  22.93055 -76.74892       -43.89747 -56.74151  -9.92090 -44.92660 -67.64786 -32.85145      55.4315
35    -88.30158  32.11176 -99.16403 -77.50870  21.45116 -76.68615       -44.57439 -56.18982 -10.66060 -45.39694 -67.05227 -32.11176      56.8482
36    -87.01020  31.37206 -97.82875 -77.23935  19.97177 -76.62338       -45.25132 -55.63814 -11.40029 -45.86728 -66.45669 -31.37206      58.2722
37    -85.71882  30.63237 -96.49348 -76.96999  18.49238 -76.56061       -45.92825 -55.08645 -12.13999 -46.33763 -65.86111 -30.63237      58.8042
38    -84.42744  29.89267 -95.15820 -76.70064  17.01299 -76.49784       -46.60517 -54.53477 -12.87968 -46.80797 -65.26553 -29.89267      59.331
39    -83.13606  29.15298 -93.82292 -76.43129  15.53360 -76.43508       -47.28210 -53.98308 -13.61938 -47.27831 -64.66994 -29.15298      59.8937
40    -81.84468  28.41328 -92.48764 -76.16193  14.05421 -76.37231       -47.95902 -53.43140 -14.35907 -47.74865 -64.07436 -28.41328      60.3608
41    -80.55330  27.67359 -91.15237 -75.89258  12.57482 -76.30954       -48.63595 -52.87971 -15.09877 -48.21899 -63.47878 -27.67359      60.7698
42    -79.26192  26.93389 -89.81709 -75.62322  11.09543 -76.24677       -49.31288 -52.32803 -15.83846 -48.68933 -62.88320 -26.93389      61.2158
43    -77.97054  26.19420 -88.48181 -75.35387   9.61604 -76.18400       -49.98980 -16.57816 -51.77634 -49.15967 -26.19420 -62.28761      61.6981
44    -76.67916  25.45450 -87.14653 -75.08452   8.13665 -76.12123       -50.66673 -17.31785 -51.22466 -49.63002 -25.45450 -61.69203      62.2157
45    -75.38778  24.71481 -85.81125 -74.81516   6.65726 -76.05846       -51.34365 -18.05755 -50.67297 -50.10036 -24.71481 -61.09645      62.7678
46    -74.09640  23.97511 -84.47598 -74.54581   5.17787 -75.99569       -52.02058 -18.79724 -50.12129 -50.57070 -23.97511 -60.50087      63.3535
47    -72.80502  23.23542 -83.14070 -74.27646   3.69848 -75.93292       -52.69751 -19.53694 -49.56960 -51.04104 -23.23542 -59.90528      63.5531
48    -71.51364  22.49572 -81.80542 -74.00710   2.21909 -75.87015       -53.37443 -20.27663 -49.01792 -51.51138 -22.49572 -59.30970      62.6882
49    -70.22226  21.75602 -80.47014 -73.73775   0.73970 -75.80738       -21.75602 -51.98172 -48.46623 -21.01633 -54.05136 -58.71412      61.8499
50    -68.93088  21.01633 -79.13487 -73.46839  -0.73970 -75.74461       -21.01633 -52.45206 -47.91455 -21.75602 -54.72829 -58.11854      61.0017
51    -67.63950  20.27663 -77.79959 -73.19904  -2.21909 -75.68185       -20.27663 -52.92241 -47.36286 -22.49572 -55.40521 -57.52295      60.182
52    -66.34812  19.53694 -76.46431 -72.92969  -3.69848 -75.61908       -53.39275 -19.53694 -46.81118 -56.08214 -23.23542 -56.92737      59.392
53    -65.05674  18.79724 -75.12903 -72.66033  -5.17787 -75.55631       -53.86309 -18.79724 -46.25949 -56.75906 -23.97511 -56.33179      58.6328
54    -63.76536  18.05755 -73.79375 -72.39098  -6.65726 -75.49354       -54.33343 -18.05755 -45.70781 -57.43599 -24.71481 -55.73621      57.9057
55    -62.47397  17.31785 -72.45848 -72.12163  -8.13665 -75.43077       -54.80377 -17.31785 -45.15612 -58.11292 -25.45450 -55.14062      57.2119
56    -61.18259  16.57816 -71.12320 -71.85227  -9.61604 -75.36800       -55.27411 -16.57816 -44.60444 -58.78984 -26.19420 -54.54504      56.5526
57    -59.89121  15.83846 -69.78792 -71.58292 -11.09543 -75.30523       -55.74446 -44.05275 -15.83846 -59.46677 -53.94946 -26.93389      55.929
58    -58.59983  15.09877 -68.45264 -71.31356 -12.57482 -75.24246       -56.21480 -43.50107 -15.09877 -60.14369 -53.35388 -27.67359      55.3424
59    -57.30845  14.35907 -67.11736 -71.04421 -14.05421 -75.17969       -56.68514 -42.94938 -14.35907 -60.82062 -52.75829 -28.41328      54.7939
60    -56.01707  13.61938 -65.78209 -70.77486 -15.53360 -75.11692       -57.15548 -42.39770 -13.61938 -61.49755 -52.16271 -29.15298      54.2847
61    -54.72569  12.87968 -64.44681 -70.50550 -17.01299 -75.05415       -57.62582 -41.84601 -12.87968 -62.17447 -51.56713 -29.89267      53.8159
62    -53.43431  12.13999 -63.11153 -70.23615 -18.49238 -74.99139       -58.09616 -41.29433 -12.13999 -62.85140 -50.97154 -30.63237      53.3886
63    -52.14293  11.40029 -61.77625 -69.96680 -19.97177 -74.92862       -58.56650 -40.74264 -11.40029 -63.52832 -50.37596 -31.37206      53.0037
64    -50.85155  10.66060 -60.44098 -69.69744 -21.45116 -74.86585       -59.03685 -40.19096 -10.66060 -64.20525 -49.78038 -32.11176      52.6623
65    -49.56017   9.92090 -59.10570 -69.42809 -22.93055 -74.80308       -59.50719 -39.63927  -9.92090 -64.88218 -49.18480 -32.85145      52.3651
66    -48.26879   9.18121 -57.77042 -69.15874 -24.40994 -74.74031       -59.97753 -39.08759  -9.18121 -65.55910 -48.58921 -33.59115      52.1129
67    -46.97741   8.44151 -56.43514 -68.88938 -25.88933 -74.67754       -60.44787 -38.53590  -8.44151 -66.23603 -47.99363 -34.33084      51.9063
68    -45.68603   7.70182 -55.09986 -68.62003 -27.36872 -74.61477       -60.91821 -37.98422  -7.70182 -66.91296 -47.39805 -35.07054      51.1433
69    -44.39465   6.96212 -53.76459 -68.35067 -28.84811 -74.55200       -61.38855 -37.43253  -6.96212 -67.58988 -46.80247 -35.81023      49.7627
70    -43.10327   6.22242 -52.42931 -68.08132 -30.32750 -74.48923       -61.85890 -36.88085  -6.22242 -68.26681 -46.20688 -36.54993      48.3929
71    -41.81189   5.48273 -51.09403 -67.81197 -31.80689 -74.42646       -62.32924 -36.32916  -5.48273 -68.94373 -45.61130 -37.28962      47.0349
72    -40.52051   4.74303 -49.75875 -67.54261 -33.28629 -74.36369       -62.79958 -35.77748  -4.74303 -69.62066 -45.01572 -38.02932      45.6899
73    -39.22913   4.00334 -48.42348 -67.27326 -34.76568 -74.30093       -63.26992 -35.22579  -4.00334 -70.29759 -44.42014 -38.76901      44.3589
74    -37.93775   3.26364 -47.08820 -67.00391 -36.24507 -74.23816       -63.74026 -34.67411  -3.26364 -70.97451 -43.82455 -39.50871      43.0433
75    -36.64637   2.52395 -45.75292 -66.73455 -37.72446 -74.17539       -64.21060 -34.12242  -2.52395 -71.65144 -43.22897 -40.24841      41.7445
76    -35.35499   1.78425 -44.41764 -66.46520 -39.20385 -74.11262       -64.68094 -33.57074  -1.78425 -72.32836 -42.63339 -40.98810      40.4641
77    -34.06361   1.04456 -43.08236 -66.19584 -40.68324 -74.04985       -65.15129 -33.01905  -1.04456 -73.00529 -42.03781 -41.72780      39.204
78    -32.77223   0.30486 -41.74709 -65.92649 -42.16263 -73.98708       -65.62163 -32.46737  -0.30486 -73.68222 -41.44222 -42.46749      37.9661
79    -31.48085  -0.43483 -40.41181 -65.65714 -43.64202 -73.92431       -40.41181 -31.48085  -0.43483 -73.92431 -65.65714 -43.64202      36.1039    *****
80    -30.18947  -1.17453 -39.07653 -65.38778 -45.12141 -73.86154       -39.07653 -30.18947  -1.17453 -73.86154 -65.38778 -45.12141      33.8137
81    -28.89809  -1.91422 -37.74125 -65.11843 -46.60080 -73.79877       -37.74125 -28.89809  -1.91422 -73.79877 -65.11843 -46.60080      31.5558
82    -27.60671  -2.65392 -36.40598 -64.84908 -48.08019 -73.73600       -27.60671 -36.40598  -2.65392 -64.84908 -73.73600 -48.08019      29.3376
83    -26.31533  -3.39361 -35.07070 -64.57972 -49.55958 -73.67323       -26.31533 -35.07070  -3.39361 -64.57972 -73.67323 -49.55958      27.1688
84    -25.02395  -4.13331 -33.73542 -64.31037 -51.03897 -73.61047       -25.02395 -33.73542  -4.13331 -64.31037 -73.61047 -51.03897      25.0623
85    -23.73257  -4.87300 -32.40014 -64.04101 -52.51836 -73.54770       -23.73257 -32.40014  -4.87300 -64.04101 -73.54770 -52.51836      23.0353
86    -22.44119  -5.61270 -31.06486 -63.77166 -53.99775 -73.48493       -22.44119 -31.06486  -5.61270 -63.77166 -73.48493 -53.99775      21.1105
87    -21.14981  -6.35239 -29.72959 -63.50231 -55.47714 -73.42216       -21.14981 -29.72959  -6.35239 -63.50231 -73.42216 -55.47714      19.3185
88    -19.85843  -7.09209 -28.39431 -63.23295 -56.95653 -73.35939       -19.85843 -28.39431  -7.09209 -63.23295 -73.35939 -56.95653      17.6999
89    -18.56705  -7.83178 -27.05903 -62.96360 -58.43592 -73.29662       -18.56705 -27.05903  -7.83178 -62.96360 -73.29662 -58.43592      16.3062
90    -17.27567  -8.57148 -25.72375 -62.69425 -59.91531 -73.23385       -17.27567 -25.72375  -8.57148 -62.69425 -73.23385 -59.91531      15.1994
91    -15.98428  -9.31117 -24.38847 -62.42489 -61.39470 -73.17108       -15.98428 -24.38847  -9.31117 -62.42489 -73.17108 -61.39470      14.4457
92    -14.69290 -10.05087 -23.05320 -62.15554 -62.87409 -73.10831       -14.69290 -23.05320 -10.05087 -62.15554 -73.10831 -62.87409      14.1018
93    -13.40152 -10.79057 -21.71792 -61.88618 -64.35348 -73.04554       -13.40152 -21.71792 -10.79057 -61.88618 -73.04554 -64.35348      13.507
94    -12.11014 -11.53026 -20.38264 -61.61683 -65.83288 -72.98277       -12.11014 -20.38264 -11.53026 -61.61683 -72.98277 -65.83288      11.027    *****
95    -10.81876 -12.26996 -19.04736 -61.34748 -67.31227 -72.92000       -10.81876 -19.04736 -12.26996 -61.34748 -72.92000 -67.31227      8.56026
96     -9.52738 -13.00965 -17.71209 -61.07812 -68.79166 -72.85724        -9.52738 -17.71209 -13.00965 -61.07812 -72.85724 -68.79166      6.1226
97     -8.23600 -13.74935 -16.37681 -60.80877 -70.27105 -72.79447        -8.23600 -16.37681 -13.74935 -60.80877 -72.79447 -70.27105      3.77096
98     -6.94462 -14.48904 -15.04153 -60.53942 -71.75044 -72.73170        -6.94462 -14.48904 -15.04153 -60.53942 -71.75044 -72.73170      1.86542
99     -5.65324 -15.22874 -13.70625 -60.27006 -73.22983 -72.66893        -5.65324 -15.22874 -13.70625 -60.27006 -73.22983 -72.66893      0
