Fol_2018-02-12.11_38_50.4_.txt     Output is probe cell, reduced cell, NCDist distance between
0    2011.77159 2920.24940 3276.72575 -9406.90733 -9888.48235 -9686.79732       -222.88920 -66.79357 -281.19431 -908.47782 -926.04911 -2920.24940      3.57346e-12
1    1989.19925 2890.07725 3240.78716 -9321.06461 -9797.95273 -9618.44835       -249.53597 -50.58697 -325.12721 -900.87800 -948.21660 -2890.07725      66.0478
2    1966.62692 2859.90510 3204.84858 -9235.22189 -9707.42310 -9550.09938       -276.18274 -34.38037 -369.06011 -893.27818 -970.38408 -2859.90510      132.096
3    1944.05459 2829.73295 3168.90999 -9149.37916 -9616.89347 -9481.75042       -302.82951 -18.17377 -412.99301 -885.67836 -992.55157 -2829.73295      198.144
4    1921.48226 2799.56080 3132.97140 -9063.53644 -9526.36384 -9413.40145       -329.47628  -1.96716 -456.92590 -878.07854 -1014.71905 -2799.56080      264.191
5    1898.90993 2769.38865 3097.03282 -8977.69372 -9435.83421 -9345.05248       -341.88361 -14.23944 -856.23928 -486.61937 -1051.12597 -2755.14921      329.479
6    1876.33760 2739.21650 3061.09423 -8891.85100 -9345.30458 -9276.70351       -352.32377 -30.44604 -832.43286 -514.34566 -1089.50006 -2708.77046      397.229
7    1853.76527 2709.04434 3025.15564 -8806.00827 -9254.77495 -9208.35454       -362.76394 -46.65264 -808.62644 -542.07196 -1127.87415 -2662.39170      466.569
8    1831.19294 2678.87219 2989.21706 -8720.16555 -9164.24532 -9140.00557       -373.20411 -62.85924 -784.82001 -569.79826 -1166.24823 -2616.01295      536.883
9    1808.62061 2648.70004 2953.27847 -8634.32283 -9073.71570 -9071.65660       -383.64427 -79.06584 -761.01359 -597.52456 -1204.62232 -2569.63420      607.834
10    1786.04827 2618.52789 2917.33989 -8548.48011 -8983.18607 -9003.30763       -394.08444 -95.27245 -737.20717 -625.25085 -1242.99641 -2523.25544      679.221
11    1763.47594 2588.35574 2881.40130 -8462.63738 -8892.65644 -8934.95866       -404.52461 -111.47905 -713.40075 -652.97715 -1281.37049 -2476.87669      750.921
12    1740.90361 2558.18359 2845.46271 -8376.79466 -8802.12681 -8866.60970       -414.96477 -127.68565 -689.59433 -680.70345 -1319.74458 -2430.49794      808.78
13    1718.33128 2528.01144 2809.52413 -8290.95194 -8711.59718 -8798.26073       -425.40494 -143.89225 -665.78790 -708.42974 -1358.11867 -2384.11918      842.026
14    1695.75895 2497.83929 2773.58554 -8205.10922 -8621.06755 -8729.91176       -435.84511 -160.09885 -641.98148 -736.15604 -1396.49275 -2337.74043      880.086
15    1673.18662 2467.66713 2737.64695 -8119.26650 -8530.53792 -8661.56279       -446.28527 -176.30546 -618.17506 -763.88234 -1434.86684 -2291.36168      922.365
16    1650.61429 2437.49498 2701.70837 -8033.42377 -8440.00829 -8593.21382       -456.72544 -192.51206 -594.36864 -791.60864 -1473.24093 -2244.98293      968.31
17    1628.04196 2407.32283 2665.76978 -7947.58105 -8349.47867 -8524.86485       -467.16561 -208.71866 -570.56222 -819.33493 -1511.61501 -2198.60417      1017.42
18    1605.46962 2377.15068 2629.83119 -7861.73833 -8258.94904 -8456.51588       -477.60577 -224.92526 -546.75580 -847.06123 -1549.98910 -2152.22542      1069.27
19    1582.89729 2346.97853 2593.89261 -7775.89561 -8168.41941 -8388.16691       -488.04594 -241.13186 -522.94937 -874.78753 -1588.36319 -2105.84667      1123.47
20    1560.32496 2316.80638 2557.95402 -7690.05288 -8077.88978 -8319.81794       -498.48611 -257.33846 -499.14295 -902.51382 -1626.73727 -2059.46791      1179.71
21    1537.75263 2286.63423 2522.01543 -7604.21016 -7987.36015 -8251.46898       -508.92627 -273.54507 -475.33653 -930.24012 -1665.11136 -2013.08916      1237.69
22    1515.18030 2256.46208 2486.07685 -7518.36744 -7896.83052 -8183.12001       -519.36644 -289.75167 -451.53011 -957.96642 -1703.48545 -1966.71041      1297.2
23    1492.60797 2226.28992 2450.13826 -7432.52472 -7806.30089 -8114.77104       -529.80661 -305.95827 -427.72369 -985.69272 -1741.85953 -1920.33165      1358.02
24    1470.03564 2196.11777 2414.19967 -7346.68199 -7715.77126 -8046.42207       -540.24677 -322.16487 -403.91726 -1013.41901 -1780.23362 -1873.95290      1419.99
25    1447.46331 2165.94562 2378.26109 -7260.83927 -7625.24164 -7978.07310       -550.68694 -380.11084 -338.37147 -1041.14531 -1827.57415 -1818.60771      1482.97
26    1424.89097 2135.77347 2342.32250 -7174.99655 -7534.71201 -7909.72413       -561.12711 -356.30442 -354.57808 -1068.87161 -1781.19540 -1856.98179      1446.08
27    1402.31864 2105.60132 2306.38392 -7089.15383 -7444.18238 -7841.37516       -571.56727 -332.49800 -370.78468 -1096.59791 -1734.81664 -1895.35588      1392.88
28    1379.74631 2075.42917 2270.44533 -7003.31110 -7353.65275 -7773.02619       -582.00744 -308.69158 -386.99128 -1124.32420 -1688.43789 -1933.72997      1341.54
29    1357.17398 2045.25702 2234.50674 -6917.46838 -7263.12312 -7704.67722       -592.44761 -284.88516 -403.19788 -1152.05050 -1642.05914 -1972.10405      1292.28
30    1334.60165 2015.08487 2198.56816 -6831.62566 -7172.59349 -7636.32826       -602.88777 -261.07873 -419.40448 -1179.77680 -1595.68038 -2010.47814      1245.37
31    1312.02932 1984.91271 2162.62957 -6745.78294 -7082.06386 -7567.97929       -613.32794 -237.27231 -435.61108 -1207.50309 -1549.30163 -2048.85223      1201.06
32    1289.45699 1954.74056 2126.69098 -6659.94022 -6991.53424 -7499.63032       -623.76811 -213.46589 -451.81769 -1235.22939 -1502.92288 -2087.22632      1159.66
33    1266.88466 1924.56841 2090.75240 -6574.09749 -6901.00461 -7431.28135       -634.20827 -189.65947 -468.02429 -1262.95569 -1456.54412 -2125.60040      1121.49
34    1244.31232 1894.39626 2054.81381 -6488.25477 -6810.47498 -7362.93238       -644.64844 -165.85305 -484.23089 -1290.68199 -1410.16537 -2163.97449      1086.88
35    1221.73999 1864.22411 2018.87522 -6402.41205 -6719.94535 -7294.58341       -655.08861 -142.04662 -500.43749 -1318.40828 -1363.78662 -2202.34858      1056.2
36    1199.16766 1834.05196 1982.93664 -6316.56933 -6629.41572 -7226.23444       -665.52877 -118.24020 -516.64409 -1346.13458 -1317.40786 -2240.72266      1029.79
37    1176.59533 1803.87981 1946.99805 -6230.72660 -6538.88609 -7157.88547       -675.96894 -94.43378 -532.85069 -1373.86088 -1271.02911 -2279.09675      1007.99
38    1154.02300 1773.70766 1911.05946 -6144.88388 -6448.35646 -7089.53650       -686.40911 -70.62736 -549.05730 -1401.58718 -1224.65036 -2317.47084      991.099
39    1131.45067 1743.53550 1875.12088 -6059.04116 -6357.82683 -7021.18754       -696.84927 -46.82094 -565.26390 -1429.31347 -1178.27161 -2355.84492      979.373
40    1108.87834 1713.36335 1839.18229 -5973.19844 -6267.29721 -6952.83857       -707.28944 -23.01451 -581.47050 -1457.03977 -1131.89285 -2394.21901      972.998
41    1086.30601 1683.19120 1803.24371 -5887.35571 -6176.76758 -6884.48960       -716.93770 -1483.97416  -0.79191 -596.88520 -2431.80119 -1086.30601      971.48
42    1063.73368 1653.01905 1767.30512 -5801.51299 -6086.23795 -6816.14063       -703.57144 -1487.89404 -24.59833 -589.28537 -2446.36885 -1063.73368      955.809
43    1041.16134 1622.84690 1731.36653 -5715.67027 -5995.70832 -6747.79166       -690.20519 -1491.81391 -48.40475 -581.68555 -2460.93652 -1041.16134      941.515
44    1018.58901 1592.67475 1695.42795 -5629.82755 -5905.17869 -6679.44269       -676.83893 -72.21117 -1495.73379 -574.08573 -1018.58901 -2475.50418      928.66
45    996.01668 1562.50260 1659.48936 -5543.98482 -5814.64906 -6611.09372       -663.47268 -96.01759 -1499.65366 -566.48591 -996.01668 -2490.07185      917.306
46    973.44435 1532.33045 1623.55077 -5458.14210 -5724.11943 -6542.74475       -650.10642 -119.82402 -1503.57354 -558.88609 -973.44435 -2504.63951      907.508
47    950.87202 1502.15829 1587.61219 -5372.29938 -5633.58980 -6474.39578       -636.74017 -143.63044 -1507.49341 -551.28627 -950.87202 -2519.20718      899.317
48    928.29969 1471.98614 1551.67360 -5286.45666 -5543.06018 -6406.04682       -623.37391 -167.43686 -1511.41329 -543.68645 -928.29969 -2533.77484      892.778
49    905.72736 1441.81399 1515.73501 -5200.61394 -5452.53055 -6337.69785       -610.00766 -191.24328 -1515.33316 -536.08663 -905.72736 -2548.34251      887.927
50    883.15503 1411.64184 1479.79643 -5114.77121 -5362.00092 -6269.34888       -596.64140 -215.04970 -1519.25304 -528.48681 -883.15503 -2562.91017      884.792
51    860.58269 1381.46969 1443.85784 -5028.92849 -5271.47129 -6200.99991       -583.27515 -238.85613 -1523.17291 -520.88699 -860.58269 -2577.47784      883.392
52    838.01036 1351.29754 1407.91925 -4943.08577 -5180.94166 -6132.65094       -569.90889 -262.66255 -1527.09279 -513.28717 -838.01036 -2592.04550      883.733
53    815.43803 1321.12539 1371.98067 -4857.24305 -5090.41203 -6064.30197       -556.54264 -286.46897 -1531.01266 -505.68735 -815.43803 -2606.61317      885.815
54    792.86570 1290.95324 1336.04208 -4771.40032 -4999.88240 -5995.95300       -543.17638 -310.27539 -1534.93254 -498.08753 -792.86570 -2621.18083      889.625
55    770.29337 1260.78108 1300.10350 -4685.55760 -4909.35278 -5927.60403       -529.81013 -334.08181 -1538.85242 -490.48771 -770.29337 -2635.74850      895.141
56    747.72104 1230.60893 1264.16491 -4599.71488 -4818.82315 -5859.25506       -516.44387 -357.88823 -1542.77229 -482.88789 -747.72104 -2650.31616      902.332
57    725.14871 1200.43678 1228.22632 -4513.87216 -4728.29352 -5790.90610       -503.07761 -381.69466 -1546.69217 -475.28807 -725.14871 -2664.88383      911.158
58    702.57638 1170.26463 1192.28774 -4428.02943 -4637.76389 -5722.55713       -489.71136 -405.50108 -1550.61204 -467.68825 -702.57638 -2679.45149      921.573
59    680.00404 1140.09248 1156.34915 -4342.18671 -4547.23426 -5654.20816       -476.34510 -429.30750 -1554.53192 -460.08843 -680.00404 -2694.01916      933.522
60    657.43171 1109.92033 1120.41056 -4256.34399 -4456.70463 -5585.85919       -462.97885 -453.11392 -1558.45179 -452.48861 -657.43171 -2708.58682      946.948
61    634.85938 1079.74818 1084.47198 -4170.50127 -4366.17500 -5517.51022       -449.61259 -476.92034 -1562.37167 -444.88879 -634.85938 -2723.15449      961.79
62    612.28705 1049.57603 1048.53339 -4084.65854 -4275.64537 -5449.16125       -436.24634 -500.72677 -1566.29154 -437.28897 -612.28705 -2737.72215      977.982
63    589.71472 1019.40387 1012.59480 -3998.81582 -4185.11575 -5380.81228       -422.88008 -524.53319 -1570.21142 -429.68915 -589.71472 -2752.28982      995.458
64    567.14239 989.23172 976.65622 -3912.97310 -4094.58612 -5312.46331       -409.51383 -548.33961 -1574.13129 -422.08933 -567.14239 -2766.85748      1014.15
65    544.57006 959.05957 940.71763 -3827.13038 -4004.05649 -5244.11434       -414.48951 -544.57006 -1578.05117 -396.14757 -572.14603 -2781.42514      1008.24
66    521.99773 928.88742 904.77904 -3741.28766 -3913.52686 -5175.76538       -406.88969 -521.99773 -1581.97104 -382.78132 -595.95245 -2795.99281      984.301
67    499.42540 898.71527 868.84046 -3655.44493 -3822.99723 -5107.41641       -399.28987 -499.42540 -1585.89092 -369.41506 -619.75887 -2810.56047      961.373
68    476.85306 868.54312 832.90187 -3569.60221 -3732.46760 -5039.06744       -391.69005 -476.85306 -1589.81080 -356.04881 -643.56530 -2825.12814      939.526
69    454.28073 838.37097 796.96328 -3483.75949 -3641.93797 -4970.71847       -384.09023 -454.28073 -1593.73067 -342.68255 -667.37172 -2839.69580      918.836
70    431.70840 808.19882 761.02470 -3397.91677 -3551.40834 -4902.36950       -376.49041 -431.70840 -1597.65055 -329.31630 -691.17814 -2854.26347      899.384
71    409.13607 778.02666 725.08611 -3312.07404 -3460.87872 -4834.02053       -368.89059 -409.13607 -1601.57042 -315.95004 -714.98456 -2868.83113      881.251
72    386.56374 747.85451 689.14753 -3226.23132 -3370.34909 -4765.67156       -361.29077 -386.56374 -1605.49030 -302.58379 -738.79098 -2883.39880      864.52
73    363.99141 717.68236 653.20894 -3140.38860 -3279.81946 -4697.32259       -353.69095 -363.99141 -1609.41017 -289.21753 -762.59741 -2897.96646      849.275
74    341.41908 687.51021 617.27035 -3054.54588 -3189.28983 -4628.97363       -346.09113 -341.41908 -1613.33005 -275.85128 -786.40383 -2912.53413      835.597
75    318.84675 657.33806 581.33177 -2968.70315 -3098.76020 -4560.62466       -338.49131 -318.84675 -1617.24992 -262.48502 -810.21025 -2927.10179      823.563
76    296.27441 627.16591 545.39318 -2882.86043 -3008.23057 -4492.27569       -330.89149 -296.27441 -1621.16980 -249.11877 -834.01667 -2941.66946      813.247
77    273.70208 596.99376 509.45459 -2797.01771 -2917.70094 -4423.92672       -323.29167 -273.70208 -1625.08967 -235.75251 -857.82309 -2956.23712      804.714
78    251.12975 566.82160 473.51601 -2711.17499 -2827.17132 -4355.57775       -315.69185 -251.12975 -1629.00955 -222.38625 -881.62952 -2970.80479      798.023
79    228.55742 536.64945 437.57742 -2625.33226 -2736.64169 -4287.22878       -308.09203 -228.55742 -1632.92943 -209.02000 -905.43594 -2985.37245      793.219
80    205.98509 506.47730 401.63883 -2539.48954 -2646.11206 -4218.87981       -300.49221 -205.98509 -1636.84930 -195.65374 -929.24236 -2999.94012      790.338
81    183.41276 476.30515 365.70025 -2453.64682 -2555.58243 -4150.53084       -292.89239 -183.41276 -1640.76918 -182.28749 -953.04878 -3014.50778      789.399
82    160.84043 446.13300 329.76166 -2367.80410 -2465.05280 -4082.18187       -285.29257 -160.84043 -1644.68905 -168.92123 -976.85520 -3029.07545      790.41
83    138.26810 415.96085 293.82307 -2281.96137 -2374.52317 -4013.83291       -277.69275 -138.26810 -1648.60893 -155.55498 -1000.66162 -3043.64311      793.364
84    115.69576 385.78870 257.88449 -2196.11865 -2283.99354 -3945.48394       -270.09293 -115.69576 -1652.52880 -142.18872 -1024.46805 -3058.21078      798.238
85     93.12343 355.61655 221.94590 -2110.27593 -2193.46391 -3877.13497       -262.49311 -93.12343 -1656.44868 -128.82247 -1048.27447 -3072.77844      804.999
86     70.55110 325.44439 186.00732 -2024.43321 -2102.93429 -3808.78600       -254.89329 -70.55110 -1660.36855 -115.45621 -1072.08089 -3087.34611      813.599
87     47.97877 295.27224 150.06873 -1938.59049 -2012.40466 -3740.43703       -247.29347 -47.97877 -1664.28843 -102.08996 -1095.88731 -3101.91377      823.98
88     25.40644 265.10009 114.13014 -1852.74776 -1921.87503 -3672.08806       -239.69365 -25.40644 -1668.20830 -88.72370 -1119.69373 -3116.48144      836.076
89      2.83411 234.92794  78.19156 -1766.90504 -1831.34540 -3603.73909       -232.09383  -2.83411 -1672.12818 -75.35745 -1143.50016 -3131.04910      849.815
90    -19.73822 204.75579  42.25297 -1681.06232 -1740.81577 -3535.39012       -19.73822 -204.75579 -42.25297 -1187.04480 -1656.30983 -3125.87854      853.985
91    -42.31055 174.58364   6.31438 -1595.21960 -1650.28614 -3467.04115       -42.31055 -174.58364  -6.31438 -1233.42355 -1637.65738 -3117.87388      862.397
92    -64.88288 144.41149 -29.62420 -1509.37687 -1559.75651 -3398.69219       -35.25868 -1250.17810 -29.62420 -114.78728 -1589.38072 -3139.49341      852.083
93    -87.45522 114.23934 -65.56279 -1423.53415 -1469.22688 -3330.34322       -21.89243 -1260.61827 -65.56279 -48.67655 -1534.78967 -3167.42733      846.542
94    -110.02755  84.06718 -101.50138 -1337.69143 -1378.69726 -3261.99425       -25.96036 -84.06718 -1253.62424 -17.43419 -1462.76444 -3177.92706      777.622
95    -132.59988  53.89503 -137.43996 -1251.84871 -1288.16763 -3193.64528       -78.70485 -53.89503 -1197.95367 -83.54493 -1342.06266 -3139.75025      616.007    *****
96    -155.17221  23.72288 -173.37855 -1166.00598 -1197.63800 -3125.29631       -131.44933 -23.72288 -1142.28310 -149.65567 -1221.36088 -3101.57343      456.738
97    -177.74454  -6.44927 -209.31714 -1080.16326 -1107.10837 -3056.94734       -177.74454  -6.44927 -209.31714 -1080.16326 -1107.10837 -3056.94734      302.969
98    -200.31687 -36.62142 -245.25572 -994.32054 -1016.57874 -2988.59837       -200.31687 -36.62142 -245.25572 -994.32054 -1016.57874 -2988.59837      151.485
99    -222.88920 -66.79357 -281.19431 -908.47782 -926.04911 -2920.24940       -222.88920 -66.79357 -281.19431 -908.47782 -926.04911 -2920.24940      0
