Fol_2018-02-06.14_31_12.58_.txt     Output is probe cell, reduced cell, NCDist distance between
0    -91.69860  79.13206 -187.31909 -250.75892 127.22280 -145.23636       -91.69860 -12.56655 -35.52420 -88.01192 -24.57209 -53.53776      9.42641e-14
1    -90.41352  78.93977 -184.94121 -250.59355 123.71835 -146.26847       -90.41352 -11.47375 -33.30483 -93.57037 -27.91803 -55.85495      7.43184
2    -89.12844  78.74749 -182.56334 -250.42819 120.21390 -147.30058       -89.12844 -10.38095 -31.08546 -99.12882 -31.26398 -58.17214      14.8637
3    -87.84336  78.55521 -180.18546 -250.26282 116.70945 -148.33269       -87.84336  -9.28815 -28.86609 -104.68728 -34.60992 -60.48933      22.2955
4    -86.55829  78.36293 -177.80758 -250.09745 113.20501 -149.36480       -86.55829  -8.19535 -26.64672 -110.24573 -37.95586 -62.80652      29.7274
5    -85.27321  78.17065 -175.42971 -249.93209 109.70056 -150.39691       -85.27321  -7.10255 -24.42735 -115.80418 -41.30180 -65.12371      37.1592
6    -83.98813  77.97837 -173.05183 -249.76672 106.19611 -151.42903       -83.98813  -6.00976 -22.20798 -121.36263 -44.64774 -67.44090      44.5911
7    -82.70305  77.78609 -170.67395 -249.60135 102.69166 -152.46114        -4.91696 -82.70305 -19.98861 -47.99368 -126.92108 -69.75809      52.0229
8    -81.41797  77.59381 -168.29607 -249.43599  99.18721 -153.49325        -3.82416 -81.41797 -17.76924 -51.33962 -132.47953 -72.07528      59.4548
9    -80.13289  77.40153 -165.91820 -249.27062  95.68276 -154.52536        -2.73136 -80.13289 -15.54987 -54.68556 -138.03799 -74.39247      66.8866
10    -78.84781  77.20925 -163.54032 -249.10525  92.17831 -155.55747        -1.63856 -13.33050 -78.84781 -58.03151 -76.70966 -143.59644      74.3184
11    -77.56273  77.01697 -161.16244 -248.93989  88.67387 -156.58958        -0.54576 -11.11113 -77.56273 -61.37745 -79.02685 -149.15489      81.233
12    -76.27766  76.82469 -158.78457 -248.77452  85.16942 -157.62169        -0.54703  -8.34473 -80.79700 -65.27042 -75.73062 -154.16631      86.7601
13    -74.99258  76.63241 -156.40669 -248.60915  81.66497 -158.65380        -1.63983  -5.03256 -82.02140 -69.70916 -73.35274 -158.63196      92.5201
14    -73.70750  76.44013 -154.02881 -248.44379  78.16052 -159.68592        -1.72039  -2.73263 -83.24579 -70.97487 -74.14790 -163.09761      97.3665
15    -72.42242  76.24785 -151.65093 -248.27842  74.65607 -160.71803        -1.59178  -2.23365 -76.99486 -70.18877 -82.87840 -165.97149      100.475
16    -71.13734  76.05557 -149.27306 -248.11305  71.15162 -161.75014        -4.90395  -0.01428 -78.12143 -71.12306 -80.79063 -167.12498      103.308
17    -69.85226  75.86329 -146.89518 -247.94769  67.64717 -162.78225        -6.01103  -2.20509 -69.85226 -77.04292 -80.90794 -166.07337      102.831
18    -68.56718  75.67101 -144.51730 -247.78232  64.14273 -163.81436        -7.10382  -4.42446 -68.56718 -75.95012 -81.03953 -165.00749      101.3
19    -67.28210  75.47873 -142.13943 -247.61695  60.63828 -164.84647        -8.19662  -6.64383 -67.28210 -74.85732 -81.17112 -163.94160      99.2917
20    -65.99703  75.28645 -139.76155 -247.45159  57.13383 -165.87858        -9.28942  -8.86320 -65.99703 -73.76452 -81.30272 -162.87572      97.3462
21    -64.71195  75.09417 -137.38367 -247.28622  53.62938 -166.91070       -10.38222 -11.08257 -64.71195 -72.67173 -81.43431 -161.80984      95.4671
22    -63.42687  74.90189 -135.00579 -247.12085  50.12493 -167.94281       -11.47502 -13.30194 -63.42687 -71.57893 -81.56590 -160.74395      93.6583
23    -62.14179  74.70961 -132.62792 -246.95549  46.62048 -168.97492       -12.56782 -15.52131 -62.14179 -70.48613 -81.69750 -159.67807      91.9241
24    -60.85671  74.51732 -130.25004 -246.79012  43.11603 -170.00703       -13.66061 -17.74068 -60.85671 -69.39333 -81.82909 -158.61218      90.2687
25    -59.57163  74.32504 -127.87216 -246.62475  39.61159 -171.03914       -14.75341 -19.96005 -59.57163 -68.30053 -81.96068 -157.54630      88.6965
26    -58.28655  74.13276 -125.49429 -246.45939  36.10714 -172.07125       -15.84621 -22.17942 -58.28655 -67.20773 -82.09228 -156.48041      87.212
27    -57.00147  73.94048 -123.11641 -246.29402  32.60269 -173.10336       -16.93901 -24.39879 -57.00147 -66.11494 -82.22387 -155.41453      85.8198
28    -55.71639  73.74820 -120.73853 -246.12866  29.09824 -174.13548       -18.03181 -26.61816 -55.71639 -65.02214 -82.35546 -154.34864      84.5245
29    -54.43132  73.55592 -118.36065 -245.96329  25.59379 -175.16759       -19.12461 -28.83752 -54.43132 -63.92934 -82.48706 -153.28276      83.3305
30    -53.14624  73.36364 -115.98278 -245.79792  22.08934 -176.19970       -20.21740 -31.05689 -53.14624 -62.83654 -82.61865 -152.21688      82.2422
31    -51.86116  73.17136 -113.60490 -245.63256  18.58489 -177.23181       -21.31020 -33.27626 -51.86116 -61.74374 -82.75025 -151.15099      81.264
32    -50.57608  72.97908 -111.22702 -245.46719  15.08045 -178.26392       -22.40300 -35.49563 -50.57608 -60.65094 -82.88184 -150.08511      80.3999
33    -49.29100  72.78680 -108.84915 -245.30182  11.57600 -179.29603       -23.49580 -37.71500 -49.29100 -59.55815 -83.01343 -149.01922      79.2151
34    -48.00592  72.59452 -106.47127 -245.13646   8.07155 -180.32814       -24.58860 -39.93437 -48.00592 -58.46535 -83.14503 -147.95334      77.8356
35    -46.72084  72.40224 -104.09339 -244.97109   4.56710 -181.36026       -25.68140 -42.15374 -46.72084 -57.37255 -83.27662 -146.88745      76.5635
36    -45.43576  72.20996 -101.71551 -244.80572   1.06265 -182.39237       -26.77419 -44.37311 -45.43576 -56.27975 -83.40821 -145.82157      75.4042
37    -44.15069  72.01768 -99.33764 -244.64036  -2.44180 -183.42448       -27.86699 -46.59248 -44.15069 -55.18695 -83.53981 -144.75568      74.3629
38    -42.86561  71.82540 -96.95976 -244.47499  -5.94625 -184.45659       -28.95979 -48.81185 -42.86561 -54.09415 -83.67140 -143.68980      73.4448
39    -41.58053  71.63312 -94.58188 -244.30962  -9.45069 -185.48870       -30.05259 -51.03122 -41.58053 -53.00136 -83.80299 -142.62392      72.6545
40    -40.29545  71.44084 -92.20401 -244.14426 -12.95514 -186.52081       -31.14539 -53.25059 -40.29545 -51.90856 -83.93459 -141.55803      71.9962
41    -39.01037  71.24856 -89.82613 -243.97889 -16.45959 -187.55292       -32.23819 -55.46996 -39.01037 -50.81576 -84.06618 -140.49215      71.4735
42    -37.72529  71.05628 -87.44825 -243.81352 -19.96404 -188.58504       -33.33098 -57.68933 -37.72529 -49.72296 -84.19777 -139.42626      71.0894
43    -36.44021  70.86400 -85.07037 -243.64816 -23.46849 -189.61715       -34.42378 -59.90870 -36.44021 -48.63016 -84.32937 -138.36038      70.8463
44    -35.15513  70.67172 -82.69250 -243.48279 -26.97294 -190.64926       -35.51658 -62.12807 -35.15513 -47.53736 -84.46096 -137.29449      70.7454
45    -33.87006  70.47944 -80.31462 -243.31742 -30.47739 -191.68137       -36.60938 -64.34744 -33.87006 -46.44457 -84.59255 -136.22861      70.7875
46    -32.58498  70.28716 -77.93674 -243.15206 -33.98183 -192.71348       -37.70218 -66.56681 -32.58498 -45.35177 -84.72415 -135.16272      70.9723
47    -31.29990  70.09487 -75.55887 -242.98669 -37.48628 -193.74559       -38.79498 -68.78618 -31.29990 -44.25897 -84.85574 -134.09684      71.2987
48    -30.01482  69.90259 -73.18099 -242.82132 -40.99073 -194.77770       -39.88777 -71.00555 -30.01482 -43.16617 -84.98733 -133.03096      71.7648
49    -28.72974  69.71031 -70.80311 -242.65596 -44.49518 -195.80981       -40.98057 -73.22492 -28.72974 -42.07337 -85.11893 -131.96507      72.3678
50    -27.44466  69.51803 -68.42524 -242.49059 -47.99963 -196.84193       -42.07337 -75.44429 -27.44466 -40.98057 -85.25052 -130.89919      73.1043
51    -26.15958  69.32575 -66.04736 -242.32522 -51.50408 -197.87404       -43.16617 -77.66366 -26.15958 -39.88777 -85.38211 -129.83330      73.9705
52    -24.87450  69.13347 -63.66948 -242.15986 -55.00853 -198.90615       -44.25897 -79.88303 -24.87450 -38.79498 -85.51371 -128.76742      74.8441
53    -23.58943  68.94119 -61.29160 -241.99449 -58.51297 -199.93826       -85.64530 -37.70218 -23.58943 -82.10240 -45.35177 -127.70153      73.9135
54    -22.30435  68.74891 -58.91373 -241.82913 -62.01742 -200.97037       -85.77689 -36.60938 -22.30435 -84.32177 -46.44457 -126.63565      73.1096
55    -21.01927  68.55663 -56.53585 -241.66376 -65.52187 -202.00248       -85.90849 -35.51658 -21.01927 -86.54114 -47.53736 -125.56976      72.4366
56    -19.73419  68.36435 -54.15797 -241.49839 -69.02632 -203.03459       -86.04008 -34.42378 -19.73419 -88.76051 -48.63016 -124.50388      71.8982
57    -18.44911  68.17207 -51.78010 -241.33303 -72.53077 -204.06671       -86.17168 -33.33098 -18.44911 -90.97988 -49.72296 -123.43799      71.4974
58    -17.16403  67.97979 -49.40222 -241.16766 -76.03522 -205.09882       -86.30327 -32.23819 -17.16403 -93.19925 -50.81576 -122.37211      71.2365
59    -15.87895  67.78751 -47.02434 -241.00229 -79.53967 -206.13093       -86.43486 -31.14539 -15.87895 -95.41862 -51.90856 -121.30623      71.1171
60    -14.59387  67.59523 -44.64646 -240.83693 -83.04411 -207.16304       -86.56646 -30.05259 -14.59387 -97.63799 -53.00136 -120.24034      71.1399
61    -13.30880  67.40295 -42.26859 -240.67156 -86.54856 -208.19515       -86.69805 -28.95979 -13.30880 -99.85736 -54.09415 -119.17446      71.3047
62    -12.02372  67.21067 -39.89071 -240.50619 -90.05301 -209.22726       -86.82964 -27.86699 -12.02372 -102.07673 -55.18695 -118.10857      71.6105
63    -10.73864  67.01839 -37.51283 -240.34083 -93.55746 -210.25937       -86.96124 -26.77419 -10.73864 -104.29610 -56.27975 -117.04269      72.0557
64     -9.45356  66.82611 -35.13496 -240.17546 -97.06191 -211.29149       -87.09283 -25.68140  -9.45356 -106.51547 -57.37255 -115.97680      72.6375
65     -8.16848  66.63383 -32.75708 -240.01009 -100.56636 -212.32360       -87.22442 -24.58860  -8.16848 -108.73484 -58.46535 -114.91092      73.3528
66     -6.88340  66.44155 -30.37920 -239.84473 -104.07081 -213.35571       -87.35602 -23.49580  -6.88340 -110.95421 -59.55815 -113.84503      74.1977
67     -5.59832  66.24927 -28.00132 -239.67936 -107.57525 -214.38782       -87.48761 -22.40300  -5.59832 -113.17358 -60.65094 -112.77915      75.1678
68     -4.31324  66.05699 -25.62345 -239.51399 -111.07970 -215.41993       -87.61920 -21.31020  -4.31324 -115.39295 -61.74374 -111.71327      76.2584
69     -3.02816  65.86471 -23.24557 -239.34863 -114.58415 -216.45204       -87.75080 -20.21740  -3.02816 -117.61232 -62.83654 -110.64738      77.4643
70     -1.74309  65.67242 -20.86769 -239.18326 -118.08860 -217.48415       -87.88239 -19.12461  -1.74309 -119.83169 -63.92934 -109.58150      78.7803
71     -0.45801  65.48014 -18.48982 -239.01789 -121.59305 -218.51627       -88.01398 -18.03181  -0.45801 -122.05106 -65.02214 -108.51561      80.2009
72      0.82707  65.28786 -16.11194 -238.85253 -125.09750 -219.54838       -65.28786 -16.11194  -0.82707 -123.44335 -87.31851 -108.27680      84.4585    *****
73      2.11215  65.09558 -13.73406 -238.68716 -128.60195 -220.58049       -65.09558 -13.73406  -2.11215 -124.37764 -86.16502 -108.49599      82.7465
74      3.39723  64.90330 -11.35618 -238.52179 -132.10639 -221.61260       -64.90330 -11.35618  -3.39723 -125.31194 -85.01154 -108.71519      81.1166
75      4.68231  64.71102  -8.97831 -238.35643 -135.61084 -222.64471       -64.71102  -8.97831  -4.68231 -126.24623 -83.85805 -108.93438      79.574
76      5.96739  64.51874  -6.60043 -238.19106 -139.11529 -223.67682       -64.51874  -6.60043  -5.96739 -127.18052 -82.70456 -109.15358      78.1238
77      7.25247  64.32646  -4.22255 -238.02569 -142.61974 -224.70893       -64.32646  -4.22255  -7.25247 -128.11481 -81.55108 -109.37277      76.7712
78      8.53754  64.13418  -1.84468 -237.86033 -146.12419 -225.74104       -64.13418  -1.84468  -8.53754 -129.04910 -80.39759 -109.59197      75.5215
79      9.82262  63.94190   0.53320 -237.69496 -149.62864 -226.77316       -109.27796  -9.28942  -0.53320 -129.45019 -63.40870 -79.77731      73.8787
80     11.10770  63.74962   2.91108 -237.52960 -153.13309 -227.80527       -107.11928  -8.19662  -2.91108 -128.00660 -60.83854 -81.00170      70.6372    *****
81     12.39278  63.55734   5.28896 -237.36423 -156.63753 -228.83738       -104.96059  -7.10382  -5.28896 -126.56302 -58.26838 -82.22609      67.5614
82     13.67786  63.36506   7.66683 -237.19886 -160.14198 -229.86949       -102.80191  -6.01103  -7.66683 -125.11943 -55.69823 -83.45049      64.6751
83     14.96294  63.17278  10.04471 -237.03350 -163.64643 -230.90160       -100.64323  -4.91823 -10.04471 -123.67584 -53.12807 -84.67488      62.0047
84     16.24802  62.98050  12.42259 -236.86813 -167.15088 -231.93371       -98.48454  -3.82543 -12.42259 -122.23226 -50.55791 -85.89927      59.5794
85     17.53310  62.78822  14.80046 -236.70276 -170.65533 -232.96582       -96.32586  -2.73263 -14.80046 -120.78867 -47.98775 -87.12366      57.4301
86     18.81817  62.59594  17.17834 -236.53740 -174.15978 -233.99794       -94.16718  -1.63983 -17.17834 -119.34509 -45.41760 -88.34805      55.5888
87     20.10325  62.40366  19.55622 -236.37203 -177.66423 -235.03005       -92.00850  -0.54703 -19.55622 -117.90150 -42.84744 -89.57244      54.0871
88     21.38833  62.21138  21.93410 -236.20666 -181.16867 -236.06216       -90.25107  -0.54576 -21.38833 -115.91215 -40.82304 -89.30405      51.6542
89     22.67341  62.01910  24.31197 -236.04130 -184.67312 -237.09427       -90.38267  -1.63856 -22.67341 -113.37576 -39.34569 -86.05257      46.9584    *****
90     23.95849  61.82682  26.68985 -235.87593 -188.17757 -238.12638       -90.51426  -2.73136 -23.95849 -110.83938 -37.86833 -82.80109      42.2626
91     25.24357  61.63454  29.06773 -235.71056 -191.68202 -239.15849       -90.64585  -3.82416 -25.24357 -108.30300 -36.39097 -79.54961      37.5667
92     26.52865  61.44226  31.44560 -235.54520 -195.18647 -240.19060       -90.77745  -4.91696 -26.52865 -105.76661 -34.91361 -76.29812      32.8709
93     27.81373  61.24997  33.82348 -235.37983 -198.69092 -241.22272       -90.90904  -6.00976 -27.81373 -103.23023 -33.43625 -73.04664      28.175
94     29.09880  61.05769  36.20136 -235.21446 -202.19536 -242.25483       -91.04063  -7.10255 -29.09880 -100.69384 -31.95889 -69.79516      23.4792
95     30.38388  60.86541  38.57924 -235.04910 -205.69981 -243.28694       -91.17223  -8.19535 -30.38388 -98.15746 -30.48153 -66.54368      18.7834
96     31.66896  60.67313  40.95711 -234.88373 -209.20426 -244.31905       -91.30382  -9.28815 -31.66896 -95.62107 -29.00417 -63.29220      14.0875
97     32.95404  60.48085  43.33499 -234.71836 -212.70871 -245.35116       -91.43541 -10.38095 -32.95404 -93.08469 -27.52681 -60.04072      9.39168
98     34.23912  60.28857  45.71287 -234.55300 -216.21316 -246.38327       -91.56701 -11.47375 -34.23912 -90.54830 -26.04945 -56.78924      4.69584
99     35.52420  60.09629  48.09074 -234.38763 -219.71761 -247.41538       -91.69860 -12.56655 -35.52420 -88.01192 -24.57209 -53.53776      4.01944e-14
