Fol_2018-02-06.14_07_02.11_.txt     Output is probe cell, reduced cell, NCDist distance between
0     22.97466 -93.58466 -39.30410 -13.80296 -72.62005 -99.64769       -36.77761 -49.64539 -16.32945 -22.97466 -76.67303 -70.61000      4.71321e-14
1     23.27902 -92.24235 -38.74215 -15.12397 -73.89880 -101.05632       -38.40299 -50.61978 -15.46312 -23.27902 -77.77730 -68.96332      2.8923
2     23.58339 -90.90004 -38.18019 -16.44498 -75.17756 -102.46496       -40.02837 -51.59417 -14.59680 -23.58339 -78.88157 -67.31665      5.7846
3     23.88776 -89.55773 -37.61824 -17.76599 -76.45631 -103.87360       -41.65375 -52.56855 -13.73048 -23.88776 -79.98584 -65.66997      8.6769
4     24.19213 -88.21542 -37.05628 -19.08700 -77.73506 -105.28224       -43.27913 -53.54294 -12.86416 -24.19213 -81.09011 -64.02329      11.5692
5     24.49649 -86.87310 -36.49433 -20.40801 -79.01382 -106.69088       -44.90451 -54.51732 -11.99783 -24.49649 -82.19438 -62.37661      14.4615
6     24.80086 -85.53079 -35.93237 -21.72902 -80.29257 -108.09952       -46.52989 -55.49171 -11.13151 -24.80086 -83.29865 -60.72993      17.3538
7     25.10523 -84.18848 -35.37042 -23.05003 -81.57132 -109.50815       -48.15526 -56.46609 -10.26519 -25.10523 -84.40292 -59.08325      20.2461
8     25.40960 -82.84617 -34.80846 -24.37105 -82.85007 -110.91679       -49.78064 -57.44048  -9.39887 -25.40960 -85.50719 -57.43657      23.1384
9     25.71397 -81.50386 -34.24651 -25.69206 -84.12883 -112.32543       -51.40602 -58.41486  -8.53254 -25.71397 -86.61147 -55.78990      26.0307
10     26.01833 -80.16155 -33.68455 -27.01307 -85.40758 -113.73407       -53.03140 -59.38925  -7.66622 -26.01833 -87.71574 -54.14322      28.923
11     26.32270 -78.81924 -33.12260 -28.33408 -86.68633 -115.14271       -54.65678 -60.36363  -6.79990 -26.32270 -88.82001 -52.49654      31.8153
12     26.62707 -77.47693 -32.56064 -29.65509 -87.96509 -116.55135       -89.92428 -26.62707  -5.93357 -61.33802 -56.28216 -50.84986      33.3477
13     26.93144 -76.13462 -31.99869 -30.97610 -89.24384 -117.95998       -91.02855 -26.93144  -5.06725 -62.31240 -57.90754 -49.20318      33.397
14     27.23580 -74.79231 -31.43673 -32.29711 -90.52259 -119.36862       -92.13282 -27.23580  -4.20093 -63.28679 -59.53292 -47.55650      33.6954
15     27.54017 -73.45000 -30.87478 -33.61812 -91.80135 -120.77726       -93.23709 -27.54017  -3.33461 -64.26117 -61.15829 -45.90983      34.2364
16     27.84454 -72.10769 -30.31282 -34.93913 -93.08010 -122.18590       -94.34136 -27.84454  -2.46828 -65.23556 -62.78367 -44.26315      35.0088
17     28.14891 -70.76538 -29.75087 -36.26014 -94.35885 -123.59454       -95.44563 -28.14891  -1.60196 -66.20994 -64.40905 -42.61647      35.9976
18     28.45327 -69.42306 -29.18891 -37.58116 -95.63760 -125.00318       -96.54990 -28.45327  -0.73564 -67.18433 -66.03443 -40.96979      37.1857
19     28.75764 -68.08075 -28.62696 -38.90217 -96.91636 -126.41181       -67.52912  -0.13069 -28.62696 -68.02803 -39.45380 -97.52349      38.3979
20     29.06201 -66.73844 -28.06500 -40.22318 -98.19511 -127.82045       -68.28818  -0.99701 -28.06500 -68.13609 -38.67344 -97.76143      38.8327
21     29.36638 -65.39613 -27.50305 -41.54419 -99.47386 -129.22909       -69.04724  -1.86333 -27.50305 -68.24415 -37.89309 -97.99938      39.3216
22     29.67075 -64.05382 -26.94109 -42.86520 -100.75262 -130.63773       -69.80629  -2.72965 -26.94109 -68.35222 -37.11273 -98.23733      39.8628
23     29.97511 -62.71151 -26.37914 -44.18621 -102.03137 -132.04637       -70.56535  -3.59598 -26.37914 -68.46028 -36.33237 -98.47528      40.4541
24     30.27948 -61.36920 -25.81718 -45.50722 -103.31012 -133.45501       -71.32440  -4.46230 -25.81718 -68.56834 -35.55202 -98.71323      40.1336
25     30.58385 -60.02689 -25.25523 -46.82823 -104.58888 -134.86364       -72.08346  -5.32862 -25.25523 -68.67640 -34.77166 -98.95117      39.7686
26     30.88822 -58.68458 -24.69327 -48.14924 -105.86763 -136.27228       -72.84252  -6.19494 -24.69327 -68.78447 -33.99131 -99.18912      39.4591
27     31.19258 -57.34227 -24.13132 -49.47025 -107.14638 -137.68092       -73.60157  -7.06127 -24.13132 -68.89253 -33.21095 -99.42707      39.2063
28     31.49695 -55.99996 -23.56936 -50.79127 -108.42513 -139.08956       -74.36063  -7.92759 -23.56936 -69.00059 -32.43060 -99.66502      39.0114
29     31.80132 -54.65765 -23.00741 -52.11228 -109.70389 -140.49820       -75.11968  -8.79391 -23.00741 -69.10865 -31.65024 -99.90296      38.8753
30     32.10569 -53.31534 -22.44545 -53.43329 -110.98264 -141.90684       -75.87874  -9.66024 -22.44545 -69.21672 -30.86988 -100.14091      38.7985
31     32.41006 -51.97303 -21.88350 -54.75430 -112.26139 -143.31547       -76.63780 -10.52656 -21.88350 -69.32478 -30.08953 -100.37886      38.7814
32     32.71442 -50.63071 -21.32154 -56.07531 -113.54015 -144.72411       -77.39685 -11.39288 -21.32154 -69.43284 -29.30917 -100.61681      38.8241
33     33.01879 -49.28840 -20.75959 -57.39632 -114.81890 -146.13275       -78.15591 -12.25920 -20.75959 -69.54090 -28.52882 -100.85476      38.9264
34     33.32316 -47.94609 -20.19763 -58.71733 -116.09765 -147.54139       -78.91496 -13.12553 -20.19763 -69.64897 -27.74846 -101.09270      39.0878
35     33.62753 -46.60378 -19.63568 -60.03834 -117.37641 -148.95003       -79.67402 -13.99185 -19.63568 -69.75703 -26.96811 -101.33065      39.3076
36     33.93189 -45.26147 -19.07372 -61.35935 -118.65516 -150.35867       -80.43308 -14.85817 -19.07372 -69.86509 -26.18775 -101.56860      39.5849
37     34.23626 -43.91916 -18.51177 -62.68037 -119.93391 -151.76730       -25.40740 -69.97315 -18.51177 -15.72450 -81.19213 -101.80655      39.9183
38     34.54063 -42.57685 -17.94981 -64.00138 -121.21266 -153.17594       -24.62704 -70.08122 -17.94981 -16.59082 -81.95119 -102.04450      40.3066
39     34.84500 -41.23454 -17.38786 -65.32239 -122.49142 -154.58458       -23.84668 -70.18928 -17.38786 -17.45714 -82.71024 -102.28244      40.7482
40     35.14936 -39.89223 -16.82590 -66.64340 -123.77017 -155.99322       -23.06633 -70.29734 -16.82590 -18.32346 -83.46930 -102.52039      41.2413
41     35.45373 -38.54992 -16.26395 -67.96441 -125.04892 -157.40186       -22.28597 -70.40540 -16.26395 -19.18979 -84.22836 -102.75834      41.7841
42     35.75810 -37.20761 -15.70199 -69.28542 -126.32768 -158.81050       -21.50562 -70.51347 -15.70199 -20.05611 -84.98741 -102.99629      42.3748
43     36.06247 -35.86530 -15.14004 -70.60643 -127.60643 -160.21913       -20.72526 -70.62153 -15.14004 -20.92243 -85.74647 -103.23423      43.0113
44     36.36684 -34.52299 -14.57808 -71.92744 -128.88518 -161.62777       -19.94491 -70.72959 -14.57808 -21.78875 -86.50552 -103.47218      43.6916
45     36.67120 -33.18068 -14.01613 -73.24845 -130.16394 -163.03641       -19.16455 -70.83765 -14.01613 -22.65508 -87.26458 -103.71013      44.4138
46     36.97557 -31.83836 -13.45417 -74.56946 -131.44269 -164.44505       -18.38419 -70.94572 -13.45417 -23.52140 -88.02363 -103.94808      45.1758
47     37.27994 -30.49605 -12.89222 -75.89048 -132.72144 -165.85369       -17.60384 -71.05378 -12.89222 -24.38772 -88.78269 -104.18603      45.9756
48     37.58431 -29.15374 -12.33026 -77.21149 -134.00019 -167.26233       -16.82348 -71.16184 -12.33026 -25.25405 -89.54175 -104.42397      46.8114
49     37.88867 -27.81143 -11.76831 -78.53250 -135.27895 -168.67096       -16.04313 -71.26990 -11.76831 -26.12037 -90.30080 -104.66192      47.6811
50     38.19304 -26.46912 -11.20635 -79.85351 -136.55770 -170.07960       -15.26277 -71.37797 -11.20635 -26.98669 -91.05986 -104.89987      48.583
51     38.49741 -25.12681 -10.64440 -81.17452 -137.83645 -171.48824       -14.48242 -71.48603 -10.64440 -27.85301 -91.81891 -105.13782      49.5154
52     38.80178 -23.78450 -10.08244 -82.49553 -139.11521 -172.89688       -13.70206 -71.59409 -10.08244 -28.71934 -92.57797 -105.37577      50.4765
53     39.10615 -22.44219  -9.52049 -83.81654 -140.39396 -174.30552       -12.92170 -71.70215  -9.52049 -29.58566 -93.33703 -105.61371      51.4648
54     39.41051 -21.09988  -8.95853 -85.13755 -141.67271 -175.71416       -12.14135 -71.81022  -8.95853 -30.45198 -94.09608 -105.85166      52.4786
55     39.71488 -19.75757  -8.39658 -86.45856 -142.95147 -177.12279       -11.36099 -71.91828  -8.39658 -31.31831 -94.85514 -106.08961      53.5166
56     40.01925 -18.41526  -7.83462 -87.77957 -144.23022 -178.53143       -10.58064 -72.02634  -7.83462 -32.18463 -95.61419 -106.32756      54.5773
57     40.32362 -17.07295  -7.27266 -89.10059 -145.50897 -179.94007        -9.80028 -72.13440  -7.27266 -33.05095 -96.37325 -106.56550      55.6596
58     40.62798 -15.73064  -6.71071 -90.42160 -146.78772 -181.34871       -72.24247  -9.01993  -6.71071 -97.13231 -33.91727 -106.80345      56.762
59     40.93235 -14.38833  -6.14875 -91.74261 -148.06648 -182.75735       -72.35053  -8.23957  -6.14875 -97.89136 -34.78360 -107.04140      57.8835
60     41.23672 -13.04601  -5.58680 -93.06362 -149.34523 -184.16599       -72.45859  -7.45921  -5.58680 -98.65042 -35.64992 -107.27935      59.0231
61     41.54109 -11.70370  -5.02484 -94.38463 -150.62398 -185.57462       -72.56665  -6.67886  -5.02484 -99.40947 -36.51624 -107.51730      60.1796
62     41.84545 -10.36139  -4.46289 -95.70564 -151.90274 -186.98326       -72.67472  -5.89850  -4.46289 -100.16853 -37.38256 -107.75524      61.3521
63     42.14982  -9.01908  -3.90093 -97.02665 -153.18149 -188.39190       -72.78278  -5.11815  -3.90093 -100.92759 -38.24889 -107.99319      62.5397
64     42.45419  -7.67677  -3.33898 -98.34766 -154.46024 -189.80054       -72.89084  -4.33779  -3.33898 -101.68664 -39.11521 -108.23114      63.7416
65     42.75856  -6.33446  -2.77702 -99.66867 -155.73900 -191.20918       -72.99890  -3.55744  -2.77702 -102.44570 -39.98153 -108.46909      64.957
66     43.06293  -4.99215  -2.21507 -100.98969 -157.01775 -192.61782       -73.10697  -2.77708  -2.21507 -103.20475 -40.84786 -108.70704      66.1851
67     43.36729  -3.64984  -1.65311 -102.31070 -158.29650 -194.02645       -73.21503  -1.99673  -1.65311 -103.96381 -41.71418 -108.94498      67.4252
68     43.67166  -2.30753  -1.09116 -103.63171 -159.57525 -195.43509       -73.32309  -1.21637  -1.09116 -104.72287 -42.58050 -109.18293      68.6767
69     43.97603  -0.96522  -0.52920 -104.95272 -160.85401 -196.84373       -73.43115  -0.43601  -0.52920 -105.48192 -43.44682 -109.42088      69.939
70     44.28040   0.37709   0.03275 -106.27373 -162.13276 -198.25237       -73.53922  -0.34434  -0.03275 -105.48679 -44.24765 -108.97014      70.1295
71     44.58476   1.71940   0.59471 -107.59474 -163.41151 -199.66101       -73.64728  -1.12470  -0.59471 -103.56123 -43.99006 -107.64738      68.0529
72     44.88913   3.06171   1.15666 -108.91575 -164.69027 -201.06965       -73.75534  -1.90505  -1.15666 -101.63566 -43.73247 -106.32462      66.0087
73     45.19350   4.40402   1.71862 -110.23676 -165.96902 -202.47828       -73.86340  -2.68541  -1.71862 -99.71010 -43.47488 -105.00185      64.0002
74     45.49787   5.74634   2.28057 -111.55777 -167.24777 -203.88692       -73.97147  -3.46576  -2.28057 -97.78453 -43.21730 -103.67909      62.0309
75     45.80223   7.08865   2.84253 -112.87878 -168.52653 -205.29556       -74.07953  -4.24612  -2.84253 -95.85897 -42.95971 -102.35633      60.1045
76     46.10660   8.43096   3.40448 -114.19980 -169.80528 -206.70420       -74.18759  -5.02648  -3.40448 -93.93340 -42.70212 -101.03356      58.2254
77     46.41097   9.77327   3.96644 -115.52081 -171.08403 -208.11284       -74.29565  -5.80683  -3.96644 -92.00783 -42.44453 -99.71080      55.9176
78     46.71534  11.11558   4.52839 -116.84182 -172.36278 -209.52148       -74.40372  -6.58719  -4.52839 -90.08227 -42.18695 -98.38804      53.3759
79     47.01971  12.45789   5.09035 -118.16283 -173.64154 -210.93011       -74.51178  -7.36754  -5.09035 -88.15670 -41.92936 -97.06527      50.8342
80     47.32407  13.80020   5.65230 -119.48384 -174.92029 -212.33875       -74.61984  -8.14790  -5.65230 -86.23114 -41.67177 -95.74251      48.2925
81     47.62844  15.14251   6.21426 -120.80485 -176.19904 -213.74739       -74.72790  -8.92825  -6.21426 -84.30557 -41.41418 -94.41974      45.7508
82     47.93281  16.48482   6.77621 -122.12586 -177.47780 -215.15603       -74.83597  -9.70861  -6.77621 -82.38001 -41.15660 -93.09698      43.209
83     48.23718  17.82713   7.33817 -123.44687 -178.75655 -216.56467       -74.94403 -10.48897  -7.33817 -80.45444 -40.89901 -91.77422      40.6673
84     48.54154  19.16944   7.90012 -124.76788 -180.03530 -217.97331       -75.05209 -11.26932  -7.90012 -78.52888 -40.64142 -90.45145      38.1256
85     48.84591  20.51175   8.46208 -126.08889 -181.31406 -219.38195       -75.16015 -12.04968  -8.46208 -76.60331 -40.38384 -89.12869      35.5839
86     49.15028  21.85406   9.02403 -127.40991 -182.59281 -220.79058       -75.26822 -12.83003  -9.02403 -74.67775 -40.12625 -87.80593      33.0422
87     49.45465  23.19637   9.58599 -128.73092 -183.87156 -222.19922       -75.37628 -13.61039  -9.58599 -72.75218 -39.86866 -86.48316      30.5005
88     49.75902  24.53869  10.14794 -130.05193 -185.15031 -223.60786       -75.48434 -14.39074 -10.14794 -70.82661 -39.61107 -85.16040      27.9588
89     50.06338  25.88100  10.70990 -131.37294 -186.42907 -225.01650       -75.59240 -15.17110 -10.70990 -68.90105 -39.35349 -83.83764      25.4171
90     50.36775  27.22331  11.27185 -132.69395 -187.70782 -226.42514       -75.70047 -15.95145 -11.27185 -66.97548 -39.09590 -82.51487      22.8754
91     50.67212  28.56562  11.83381 -134.01496 -188.98657 -227.83378       -75.80853 -16.73181 -11.83381 -65.04992 -38.83831 -81.19211      20.3337
92     50.97649  29.90793  12.39576 -135.33597 -190.26533 -229.24241       -75.91659 -17.51217 -12.39576 -63.12435 -38.58072 -79.86935      17.792
93     51.28085  31.25024  12.95772 -136.65698 -191.54408 -230.65105       -76.02465 -18.29252 -12.95772 -61.19879 -38.32314 -78.54658      15.2503
94     51.58522  32.59255  13.51967 -137.97799 -192.82283 -232.05969       -76.13272 -19.07288 -13.51967 -59.27322 -38.06555 -77.22382      12.7085
95     51.88959  33.93486  14.08163 -139.29901 -194.10159 -233.46833       -37.80796 -57.34766 -14.08163 -19.85323 -76.24078 -75.90106      10.1668
96     52.19396  35.27717  14.64358 -140.62002 -195.38034 -234.87697       -37.55037 -55.42209 -14.64358 -20.63359 -76.34884 -74.57829      7.62513
97     52.49832  36.61948  15.20554 -141.94103 -196.65909 -236.28561       -37.29279 -53.49653 -15.20554 -21.41394 -76.45690 -73.25553      5.08342
98     52.80269  37.96179  15.76749 -143.26204 -197.93784 -237.69424       -37.03520 -51.57096 -15.76749 -22.19430 -76.56497 -71.93277      2.54171
99     53.10706  39.30410  16.32945 -144.58305 -199.21660 -239.10288       -36.77761 -49.64539 -16.32945 -22.97466 -76.67303 -70.61000      4.71321e-14
