Fol_2018-02-06.14_01_28.0_.txt     Output is probe cell, reduced cell, NCDist distance between
0    -105.16309  90.77008 -171.86227 -188.55088  50.95417 -175.14728       -84.37720 -39.81591 -14.39301 -97.78080 -90.77008 -81.09218      9.31868e-14
1    -104.95313  89.45103 -170.27167 -187.63401  49.52262 -174.19723       -84.74620 -39.92842 -15.50210 -98.18298 -89.45103 -80.82063      1.83147
2    -104.74317  88.13198 -168.68107 -186.71714  48.09106 -173.24718       -85.11519 -40.04093 -16.61119 -98.58516 -88.13198 -80.54908      3.66294
3    -104.53322  86.81293 -167.09047 -185.80027  46.65950 -172.29713       -85.48419 -40.15343 -17.72028 -98.98734 -86.81293 -80.27754      5.49441
4    -104.32326  85.49388 -165.49987 -184.88340  45.22794 -171.34708       -85.85319 -40.26594 -18.82937 -99.38952 -85.49388 -80.00599      7.32588
5    -104.11330  84.17483 -163.90927 -183.96654  43.79638 -170.39702       -86.22219 -40.37845 -19.93847 -99.79170 -84.17483 -79.73444      9.15735
6    -103.90334  82.85578 -162.31867 -183.04967  42.36482 -169.44697       -86.59119 -40.49096 -21.04756 -100.19388 -82.85578 -79.46289      10.9888
7    -103.69338  81.53673 -160.72808 -182.13280  40.93327 -168.49692       -86.96019 -40.60346 -22.15665 -100.59606 -81.53673 -79.19134      12.8203
8    -103.48342  80.21768 -159.13748 -181.21593  39.50171 -167.54687       -87.32919 -40.71597 -23.26574 -100.99825 -80.21768 -78.91980      14.6518
9    -103.27346  78.89863 -157.54688 -180.29906  38.07015 -166.59682       -87.69819 -40.82848 -24.37483 -101.40043 -78.89863 -78.64825      16.4832
10    -103.06351  77.57958 -155.95628 -179.38219  36.63859 -165.64677       -88.06719 -40.94099 -25.48393 -101.80261 -77.57958 -78.37670      18.3147
11    -102.85355  76.26053 -154.36568 -178.46532  35.20703 -164.69671       -88.43619 -41.05350 -26.59302 -102.20479 -76.26053 -78.10515      20.1462
12    -102.64359  74.94148 -152.77508 -177.54845  33.77548 -163.74666       -88.80518 -41.16600 -27.70211 -102.60697 -74.94148 -77.83360      21.9776
13    -102.43363  73.62243 -151.18448 -176.63158  32.34392 -162.79661       -89.17418 -41.27851 -28.81120 -103.00915 -73.62243 -77.56206      23.8091
14    -102.22367  72.30338 -149.59389 -175.71471  30.91236 -161.84656       -89.54318 -41.39102 -29.92029 -103.41133 -72.30338 -77.29051      25.6406
15    -102.01371  70.98433 -148.00329 -174.79784  29.48080 -160.89651       -89.91218 -41.50353 -31.02939 -103.81351 -70.98433 -77.01896      27.4721
16    -101.80375  69.66528 -146.41269 -173.88097  28.04924 -159.94646       -90.28118 -41.61603 -32.13848 -104.21569 -69.66528 -76.74741      29.3035
17    -101.59380  68.34623 -144.82209 -172.96410  26.61769 -158.99641       -90.65018 -41.72854 -33.24757 -104.61787 -68.34623 -76.47586      31.135
18    -101.38384  67.02718 -143.23149 -172.04723  25.18613 -158.04635       -91.01918 -41.84105 -34.35666 -105.02005 -67.02718 -76.20431      32.9665
19    -101.17388  65.70813 -141.64089 -171.13036  23.75457 -157.09630       -91.38818 -41.95356 -35.46575 -105.42224 -65.70813 -75.93277      34.7979
20    -100.96392  64.38908 -140.05029 -170.21349  22.32301 -156.14625       -91.75718 -42.06607 -36.57485 -105.82442 -64.38908 -75.66122      36.6294
21    -100.75396  63.07003 -138.45970 -169.29662  20.89145 -155.19620       -92.12617 -42.17857 -37.68394 -106.22660 -63.07003 -75.38967      38.3317
22    -100.54400  61.75097 -136.86910 -168.37975  19.45989 -154.24615       -92.49517 -42.29108 -38.79303 -106.62878 -61.75097 -75.11812      39.276
23    -100.33405  60.43192 -135.27850 -167.46288  18.02834 -153.29610       -92.86417 -42.40359 -39.90212 -107.03096 -60.43192 -74.84657      40.2815
24    -100.12409  59.11287 -133.68790 -166.54601  16.59678 -152.34605       -93.23317 -42.51610 -41.01121 -107.43314 -59.11287 -74.57503      41.3437
25    -99.91413  57.79382 -132.09730 -165.62914  15.16522 -151.39599       -93.60217 -42.62860 -42.12030 -107.83532 -57.79382 -74.30348      42.4584
26    -99.70417  56.47477 -130.50670 -164.71227  13.73366 -150.44594       -42.74111 -93.97117 -43.22940 -56.47477 -108.23750 -74.03193      43.6215
27    -99.49421  55.15572 -128.91610 -163.79541  12.30210 -149.49589       -42.85362 -94.34017 -44.33849 -55.15572 -108.63968 -73.76038      44.8293
28    -99.28425  53.83667 -127.32551 -162.87854  10.87055 -148.54584       -42.96613 -94.70917 -45.44758 -53.83667 -109.04186 -73.48883      46.0782
29    -99.07429  52.51762 -125.73491 -161.96167   9.43899 -147.59579       -43.07863 -95.07817 -46.55667 -52.51762 -109.44404 -73.21729      47.3651
30    -98.86434  51.19857 -124.14431 -161.04480   8.00743 -146.64574       -43.19114 -95.44716 -47.66576 -51.19857 -109.84623 -72.94574      48.6868
31    -98.65438  49.87952 -122.55371 -160.12793   6.57587 -145.69568       -43.30365 -95.81616 -48.77486 -49.87952 -110.24841 -72.67419      50.0407
32    -98.44442  48.56047 -120.96311 -159.21106   5.14431 -144.74563       -43.41616 -96.18516 -49.88395 -48.56047 -110.65059 -72.40264      51.4242
33    -98.23446  47.24142 -119.37251 -158.29419   3.71275 -143.79558       -43.52867 -96.55416 -50.99304 -47.24142 -111.05277 -72.13109      52.8349
34    -98.02450  45.92237 -117.78191 -157.37732   2.28120 -142.84553       -43.64117 -96.92316 -52.10213 -45.92237 -111.45495 -71.85955      54.2707
35    -97.81454  44.60332 -116.19132 -156.46045   0.84964 -141.89548       -43.75368 -97.29216 -53.21122 -44.60332 -111.85713 -71.58800      55.7298
36    -97.60458  43.28427 -114.60072 -155.54358  -0.58192 -140.94543       -43.86619 -97.66116 -54.32032 -43.28427 -112.25931 -71.31645      57.2103
37    -97.39463  41.96522 -113.01012 -154.62671  -2.01348 -139.99538       -43.97870 -98.03016 -55.42941 -41.96522 -112.66149 -71.04490      58.7106
38    -97.18467  40.64617 -111.41952 -153.70984  -3.44504 -139.04532       -44.09120 -56.53850 -98.39916 -40.64617 -70.77335 -113.06367      59.675
39    -96.97471  39.32712 -109.82892 -152.79297  -4.87659 -138.09527       -44.20371 -57.64759 -98.76816 -39.32712 -70.50180 -113.46585      59.652
40    -96.76475  38.00807 -108.23832 -151.87610  -6.30815 -137.14522       -44.31622 -58.75668 -99.13715 -38.00807 -70.23026 -113.86803      59.6853
41    -96.55479  36.68902 -106.64772 -150.95923  -7.73971 -136.19517       -44.42873 -59.86578 -99.50615 -36.68902 -69.95871 -114.27022      59.7746
42    -96.34483  35.36997 -105.05713 -150.04236  -9.17127 -135.24512       -69.68716 -35.36997 -99.87515 -60.97487 -44.54123 -114.67240      59.9198
43    -96.13487  34.05091 -103.46653 -149.12549 -10.60283 -134.29507       -69.41561 -34.05091 -100.24415 -62.08396 -44.65374 -115.07458      60.1205
44    -95.92492  32.73186 -101.87593 -148.20862 -12.03439 -133.34501       -69.14406 -32.73186 -100.61315 -63.19305 -44.76625 -115.47676      60.376
45    -95.71496  31.41281 -100.28533 -147.29175 -13.46594 -132.39496       -68.87252 -31.41281 -100.98215 -64.30214 -44.87876 -115.87894      60.6859
46    -95.50500  30.09376 -98.69473 -146.37488 -14.89750 -131.44491       -68.60097 -30.09376 -101.35115 -65.41124 -44.99127 -116.28112      60.4303
47    -95.29504  28.77471 -97.10413 -145.45801 -16.32906 -130.49486       -68.32942 -101.72015 -28.77471 -66.52033 -116.68330 -45.10377      59.6754
48    -95.08508  27.45566 -95.51353 -144.54114 -17.76062 -129.54481       -68.05787 -102.08915 -27.45566 -67.62942 -117.08548 -45.21628      58.9678
49    -94.87512  26.13661 -93.92294 -143.62428 -19.19218 -128.59476       -67.78632 -102.45814 -26.13661 -68.73851 -117.48766 -45.32879      58.3091
50    -94.66516  24.81756 -92.33234 -142.70741 -20.62373 -127.64471       -67.51478 -102.82714 -24.81756 -69.84760 -117.88984 -45.44130      57.701
51    -94.45521  23.49851 -90.74174 -141.79054 -22.05529 -126.69465       -67.24323 -103.19614 -23.49851 -70.95670 -118.29202 -45.55380      57.1452
52    -94.24525  22.17946 -89.15114 -140.87367 -23.48685 -125.74460       -66.97168 -103.56514 -22.17946 -72.06579 -118.69421 -45.66631      56.6432
53    -94.03529  20.86041 -87.56054 -139.95680 -24.91841 -124.79455       -66.70013 -103.93414 -20.86041 -73.17488 -119.09639 -45.77882      56.1965
54    -93.82533  19.54136 -85.96994 -139.03993 -26.34997 -123.84450       -66.42858 -104.30314 -19.54136 -74.28397 -119.49857 -45.89133      55.8062
55    -93.61537  18.22231 -84.37934 -138.12306 -27.78153 -122.89445       -66.15703 -104.67214 -18.22231 -75.39306 -119.90075 -46.00383      55.4738
56    -93.40541  16.90326 -82.78875 -137.20619 -29.21308 -121.94440       -65.88549 -105.04114 -16.90326 -76.50215 -120.30293 -46.11634      55.2001
57    -93.19546  15.58421 -81.19815 -136.28932 -30.64464 -120.99434       -65.61394 -105.41014 -15.58421 -77.61125 -120.70511 -46.22885      54.9861
58    -92.98550  14.26516 -79.60755 -135.37245 -32.07620 -120.04429       -65.34239 -105.77914 -14.26516 -78.72034 -121.10729 -46.34136      54.8325
59    -92.77554  12.94611 -78.01695 -134.45558 -33.50776 -119.09424       -65.07084 -106.14813 -12.94611 -79.82943 -121.50947 -46.45387      54.7397
60    -92.56558  11.62706 -76.42635 -133.53871 -34.93932 -118.14419       -106.51713 -64.79929 -11.62706 -121.91165 -80.93852 -46.56637      54.7082
61    -92.35562  10.30801 -74.83575 -132.62184 -36.37087 -117.19414       -106.88613 -64.52775 -10.30801 -122.31383 -82.04761 -46.67888      54.7379
62    -92.14566   8.98896 -73.24515 -131.70497 -37.80243 -116.24409       -107.25513 -64.25620  -8.98896 -122.71601 -83.15671 -46.79139      54.8289
63    -91.93570   7.66991 -71.65456 -130.78810 -39.23399 -115.29404       -107.62413 -63.98465  -7.66991 -123.11820 -84.26580 -46.90390      54.9807
64    -91.72575   6.35086 -70.06396 -129.87123 -40.66555 -114.34398       -107.99313 -63.71310  -6.35086 -123.52038 -85.37489 -47.01640      55.1929
65    -91.51579   5.03180 -68.47336 -128.95436 -42.09711 -113.39393       -108.36213 -63.44155  -5.03180 -123.92256 -86.48398 -47.12891      55.4648
66    -91.30583   3.71275 -66.88276 -128.03749 -43.52867 -112.44388       -108.73113 -63.17001  -3.71275 -124.32474 -87.59307 -47.24142      55.2868
67    -91.09587   2.39370 -65.29216 -127.12062 -44.96022 -111.49383       -109.10013 -62.89846  -2.39370 -124.72692 -88.70217 -47.35393      55.0786
68    -90.88591   1.07465 -63.70156 -126.20375 -46.39178 -110.54378       -109.46912 -62.62691  -1.07465 -125.12910 -89.81126 -47.46644      54.9308
69    -90.67595  -0.24440 -62.11096 -125.28688 -47.82334 -109.59373       -90.67595 -62.11096  -0.24440 -125.28688 -109.59373 -47.82334      54.3568
70    -90.46599  -1.56345 -60.52037 -124.37001 -49.25490 -108.64368       -90.46599  -1.56345 -60.52037 -124.37001 -49.25490 -108.64368      51.676    *****
71    -90.25604  -2.88250 -58.92977 -123.45315 -50.68646 -107.69362       -90.25604  -2.88250 -58.92977 -123.45315 -50.68646 -107.69362      49.014
72    -90.04608  -4.20155 -57.33917 -122.53628 -52.11801 -106.74357       -90.04608  -4.20155 -57.33917 -122.53628 -52.11801 -106.74357      46.3741
73    -89.83612  -5.52060 -55.74857 -121.61941 -53.54957 -105.79352       -89.83612  -5.52060 -55.74857 -121.61941 -53.54957 -105.79352      43.7601
74    -89.62616  -6.83965 -54.15797 -120.70254 -54.98113 -104.84347       -89.62616  -6.83965 -54.15797 -120.70254 -54.98113 -104.84347      41.1771
75    -89.41620  -8.15870 -52.56737 -119.78567 -56.41269 -103.89342       -89.41620  -8.15870 -52.56737 -119.78567 -56.41269 -103.89342      38.6312
76    -89.20624  -9.47775 -50.97677 -118.86880 -57.84425 -102.94337       -89.20624  -9.47775 -50.97677 -118.86880 -57.84425 -102.94337      36.1304
77    -88.99628 -10.79680 -49.38618 -117.95193 -59.27581 -101.99331       -88.99628 -10.79680 -49.38618 -117.95193 -59.27581 -101.99331      33.6845
78    -88.78633 -12.11585 -47.79558 -117.03506 -60.70736 -101.04326       -88.78633 -12.11585 -47.79558 -117.03506 -60.70736 -101.04326      31.3067
79    -88.57637 -13.43490 -46.20498 -116.11819 -62.13892 -100.09321       -88.57637 -13.43490 -46.20498 -116.11819 -62.13892 -100.09321      29.0134
80    -88.36641 -14.75395 -44.61438 -115.20132 -63.57048 -99.14316       -88.36641 -14.75395 -44.61438 -115.20132 -63.57048 -99.14316      26.8265
81    -88.15645 -16.07300 -43.02378 -114.28445 -65.00204 -98.19311       -88.15645 -16.07300 -43.02378 -114.28445 -65.00204 -98.19311      24.7742
82    -87.94649 -17.39205 -41.43318 -113.36758 -66.43360 -97.24306       -87.94649 -17.39205 -41.43318 -113.36758 -66.43360 -97.24306      22.8926
83    -87.73653 -18.71110 -39.84258 -112.45071 -67.86515 -96.29301       -87.73653 -18.71110 -39.84258 -112.45071 -67.86515 -96.29301      21.2272
84    -87.52657 -20.03015 -38.25199 -111.53384 -69.29671 -95.34295       -87.52657 -20.03015 -38.25199 -111.53384 -69.29671 -95.34295      19.8326
85    -87.31662 -21.34920 -36.66139 -110.61697 -70.72827 -94.39290       -87.31662 -21.34920 -36.66139 -110.61697 -70.72827 -94.39290      18.7692
86    -87.10666 -22.66825 -35.07079 -109.70010 -72.15983 -93.44285       -87.10666 -22.66825 -35.07079 -109.70010 -72.15983 -93.44285      18.0955
87    -86.89670 -23.98731 -33.48019 -108.78323 -73.59139 -92.49280       -86.89670 -23.98731 -33.48019 -108.78323 -73.59139 -92.49280      17.8556
88    -86.68674 -25.30636 -31.88959 -107.86636 -75.02294 -91.54275       -86.68674 -25.30636 -31.88959 -107.86636 -75.02294 -91.54275      18.0669
89    -86.47678 -26.62541 -30.29899 -106.94949 -76.45450 -90.59270       -86.47678 -26.62541 -30.29899 -106.94949 -76.45450 -90.59270      18.7141    *****
90    -86.26682 -27.94446 -28.70839 -106.03262 -77.88606 -89.64264       -86.26682 -27.94446 -28.70839 -106.03262 -77.88606 -89.64264      19.7543
91    -86.05686 -29.26351 -27.11780 -105.11575 -79.31762 -88.69259       -86.05686 -29.26351 -27.11780 -105.11575 -79.31762 -88.69259      21.1296
92    -85.84691 -30.58256 -25.52720 -104.19888 -80.74918 -87.74254       -85.84691 -30.58256 -25.52720 -104.19888 -80.74918 -87.74254      19.9304
93    -85.63695 -31.90161 -23.93660 -103.28202 -82.18074 -86.79249       -85.63695 -31.90161 -23.93660 -103.28202 -82.18074 -86.79249      17.0832    *****
94    -85.42699 -33.22066 -22.34600 -102.36515 -83.61229 -85.84244       -85.42699 -33.22066 -22.34600 -102.36515 -83.61229 -85.84244      14.236
95    -85.21703 -34.53971 -20.75540 -101.44828 -85.04385 -84.89239       -85.21703 -34.53971 -20.75540 -101.44828 -85.04385 -84.89239      11.3888
96    -85.00707 -35.85876 -19.16480 -100.53141 -86.47541 -83.94234       -85.00707 -35.85876 -19.16480 -100.53141 -86.47541 -83.94234      8.54162
97    -84.79711 -37.17781 -17.57420 -99.61454 -87.90697 -82.99228       -84.79711 -37.17781 -17.57420 -99.61454 -87.90697 -82.99228      5.69441
98    -84.58716 -38.49686 -15.98361 -98.69767 -89.33853 -82.04223       -84.58716 -38.49686 -15.98361 -98.69767 -89.33853 -82.04223      2.84721
99    -84.37720 -39.81591 -14.39301 -97.78080 -90.77008 -81.09218       -84.37720 -39.81591 -14.39301 -97.78080 -90.77008 -81.09218      0
