Fol_2018-02-06.13_56_49.5_.txt     Output is probe cell, reduced cell, NCDist distance between
0      8.13578 -63.10465 -27.87347 -82.79504 -28.31492 -85.54765       -54.96887 -20.17914  -8.13578 -19.73769 -77.41188 -90.93081      2.46139e-14
1      7.49836 -62.67106 -27.67410 -82.15809 -28.81085 -85.60203       -55.17270 -21.31249  -7.49836 -20.17574 -78.10367 -89.65645      2.00669
2      6.86094 -62.23747 -27.47473 -81.52115 -29.30678 -85.65641       -55.37653 -22.44584  -6.86094 -20.61379 -78.79547 -88.38209      4.01338
3      6.22351 -61.80388 -27.27536 -80.88421 -29.80271 -85.71078       -55.58036 -23.57919  -6.22351 -21.05184 -79.48727 -87.10772      6.02007
4      5.58609 -61.37028 -27.07599 -80.24727 -30.29864 -85.76516       -55.78419 -24.71254  -5.58609 -21.48989 -80.17906 -85.83336      8.02676
5      4.94867 -60.93669 -26.87662 -79.61032 -30.79456 -85.81953       -55.98802 -25.84589  -4.94867 -21.92794 -80.87086 -84.55900      10.0335
6      4.31125 -60.50310 -26.67725 -78.97338 -31.29049 -85.87391       -56.19185 -26.97924  -4.31125 -22.36599 -81.56265 -83.28463      12.0401
7      3.67383 -60.06951 -26.47788 -78.33644 -31.78642 -85.92828       -56.39568 -28.11259  -3.67383 -22.80404 -82.25445 -82.01027      14.0468
8      3.03641 -59.63592 -26.27851 -77.69949 -32.28235 -85.98266       -56.59951 -29.24594  -3.03641 -23.24209 -82.94625 -80.73591      16.0535
9      2.39899 -59.20233 -26.07913 -77.06255 -32.77828 -86.03703       -56.80334 -30.37929  -2.39899 -23.68014 -83.63804 -79.46154      18.0602
10      1.76157 -58.76874 -25.87976 -76.42561 -33.27421 -86.09141       -57.00717 -31.51264  -1.76157 -24.11819 -84.32984 -78.18718      20.0669
11      1.12415 -58.33515 -25.68039 -75.78867 -33.77014 -86.14578       -57.21100 -32.64599  -1.12415 -24.55624 -85.02163 -76.91282      22.0736
12      0.48673 -57.90156 -25.48102 -75.15172 -34.26607 -86.20016       -57.41483 -33.77934  -0.48673 -24.99429 -85.71343 -75.63845      24.0803
13     -0.15069 -57.46797 -25.28165 -74.51478 -34.76200 -86.25453       -57.46797 -25.28165  -0.15069 -34.76200 -86.25453 -74.51478      25.8067
14     -0.78811 -57.03437 -25.08228 -73.87784 -35.25792 -86.30891       -57.03437 -25.08228  -0.78811 -35.25792 -86.30891 -73.87784      26.3274
15     -1.42553 -56.60078 -24.88291 -73.24089 -35.75385 -86.36328       -56.60078 -24.88291  -1.42553 -35.75385 -86.36328 -73.24089      26.8215
16     -2.06295 -56.16719 -24.68354 -72.60395 -36.24978 -86.41766       -56.16719 -24.68354  -2.06295 -36.24978 -86.41766 -72.60395      27.3538
17     -2.70037 -55.73360 -24.48417 -71.96701 -36.74571 -86.47204       -55.73360 -24.48417  -2.70037 -36.74571 -86.47204 -71.96701      27.9222
18     -3.33780 -55.30001 -24.28480 -71.33007 -37.24164 -86.52641       -55.30001 -24.28480  -3.33780 -37.24164 -86.52641 -71.33007      28.5244
19     -3.97522 -54.86642 -24.08543 -70.69312 -37.73757 -86.58079       -54.86642 -24.08543  -3.97522 -37.73757 -86.58079 -70.69312      29.1583
20     -4.61264 -54.43283 -23.88606 -70.05618 -38.23350 -86.63516       -54.43283 -23.88606  -4.61264 -38.23350 -86.63516 -70.05618      29.8221
21     -5.25006 -53.99924 -23.68669 -69.41924 -38.72943 -86.68954       -53.99924 -23.68669  -5.25006 -38.72943 -86.68954 -69.41924      30.1364
22     -5.88748 -53.56565 -23.48732 -68.78229 -39.22536 -86.74391       -53.56565  -5.88748 -23.48732 -39.22536 -68.78229 -86.74391      30.2268
23     -6.52490 -53.13206 -23.28795 -68.14535 -39.72128 -86.79829       -53.13206  -6.52490 -23.28795 -39.72128 -68.14535 -86.79829      30.3594
24     -7.16232 -52.69847 -23.08857 -67.50841 -40.21721 -86.85266       -52.69847  -7.16232 -23.08857 -40.21721 -67.50841 -86.85266      30.5336
25     -7.79974 -52.26487 -22.88920 -66.87147 -40.71314 -86.90704       -52.26487  -7.79974 -22.88920 -40.71314 -66.87147 -86.90704      30.7487
26     -8.43716 -51.83128 -22.68983 -66.23452 -41.20907 -86.96141       -51.83128  -8.43716 -22.68983 -41.20907 -66.23452 -86.96141      31.004
27     -9.07458 -51.39769 -22.49046 -65.59758 -41.70500 -87.01579       -51.39769  -9.07458 -22.49046 -41.70500 -65.59758 -87.01579      31.2984
28     -9.71200 -50.96410 -22.29109 -64.96064 -42.20093 -87.07016       -50.96410  -9.71200 -22.29109 -42.20093 -64.96064 -87.07016      31.6308
29    -10.34942 -50.53051 -22.09172 -64.32369 -42.69686 -87.12454       -50.53051 -10.34942 -22.09172 -42.69686 -64.32369 -87.12454      32
30    -10.98684 -50.09692 -21.89235 -63.68675 -43.19279 -87.17892       -50.09692 -10.98684 -21.89235 -43.19279 -63.68675 -87.17892      32.4049
31    -11.62426 -49.66333 -21.69298 -63.04981 -43.68872 -87.23329       -49.66333 -11.62426 -21.69298 -43.68872 -63.04981 -87.23329      32.8439
32    -12.26169 -49.22974 -21.49361 -62.41287 -44.18464 -87.28767       -49.22974 -12.26169 -21.49361 -44.18464 -62.41287 -87.28767      33.3159
33    -12.89911 -48.79615 -21.29424 -61.77592 -44.68057 -87.34204       -48.79615 -12.89911 -21.29424 -44.68057 -61.77592 -87.34204      33.8195
34    -13.53653 -48.36256 -21.09487 -61.13898 -45.17650 -87.39642       -48.36256 -13.53653 -21.09487 -45.17650 -61.13898 -87.39642      34.3531
35    -14.17395 -47.92896 -20.89550 -60.50204 -45.67243 -87.45079       -47.92896 -14.17395 -20.89550 -45.67243 -60.50204 -87.45079      34.9156
36    -14.81137 -47.49537 -20.69613 -59.86509 -46.16836 -87.50517       -47.49537 -14.81137 -20.69613 -46.16836 -59.86509 -87.50517      35.5054
37    -15.44879 -47.06178 -20.49676 -59.22815 -46.66429 -87.55954       -47.06178 -15.44879 -20.49676 -46.66429 -59.22815 -87.55954      36.1213
38    -16.08621 -46.62819 -20.29739 -58.59121 -47.16022 -87.61392       -46.62819 -16.08621 -20.29739 -47.16022 -58.59121 -87.61392      36.7619
39    -16.72363 -46.19460 -20.09802 -57.95427 -47.65615 -87.66829       -46.19460 -16.72363 -20.09802 -47.65615 -57.95427 -87.66829      37.426
40    -17.36105 -45.76101 -19.89864 -57.31732 -48.15207 -87.72267       -45.76101 -17.36105 -19.89864 -48.15207 -57.31732 -87.72267      38.1124
41    -17.99847 -45.32742 -19.69927 -56.68038 -48.64800 -87.77704       -45.32742 -17.99847 -19.69927 -48.64800 -56.68038 -87.77704      38.8198
42    -18.63589 -44.89383 -19.49990 -56.04344 -49.14393 -87.83142       -44.89383 -18.63589 -19.49990 -49.14393 -56.04344 -87.83142      39.5471
43    -19.27331 -44.46024 -19.30053 -55.40649 -49.63986 -87.88579       -44.46024 -19.27331 -19.30053 -49.63986 -55.40649 -87.88579      40.2933
44    -19.91073 -44.02665 -19.10116 -54.76955 -50.13579 -87.94017       -44.02665 -19.91073 -19.10116 -50.13579 -54.76955 -87.94017      41.0574
45    -20.54815 -43.59306 -18.90179 -54.13261 -50.63172 -87.99455       -43.59306 -20.54815 -18.90179 -50.63172 -54.13261 -87.99455      41.8383
46    -21.18557 -43.15946 -18.70242 -53.49567 -51.12765 -88.04892       -43.15946 -21.18557 -18.70242 -51.12765 -53.49567 -88.04892      42.6351
47    -21.82300 -42.72587 -18.50305 -52.85872 -51.62358 -88.10330       -42.72587 -21.82300 -18.50305 -51.62358 -52.85872 -88.10330      43.4469
48    -22.46042 -42.29228 -18.30368 -52.22178 -52.11951 -88.15767       -42.29228 -22.46042 -18.30368 -52.11951 -52.22178 -88.15767      44.273
49    -23.09784 -41.85869 -18.10431 -51.58484 -52.61543 -88.21205       -41.85869 -23.09784 -18.10431 -52.61543 -51.58484 -88.21205      45.1125
50    -23.73526 -41.42510 -17.90494 -50.94789 -53.11136 -88.26642       -41.42510 -23.73526 -17.90494 -53.11136 -50.94789 -88.26642      45.9648
51    -24.37268 -40.99151 -17.70557 -50.31095 -53.60729 -88.32080       -40.99151 -24.37268 -17.70557 -53.60729 -50.31095 -88.32080      46.829
52    -25.01010 -40.55792 -17.50620 -49.67401 -54.10322 -88.37517       -40.55792 -25.01010 -17.50620 -54.10322 -49.67401 -88.37517      47.7046
53    -25.64752 -40.12433 -17.30683 -49.03707 -54.59915 -88.42955       -40.12433 -25.64752 -17.30683 -54.59915 -49.03707 -88.42955      48.5909
54    -26.28494 -39.69074 -17.10746 -48.40012 -55.09508 -88.48392       -39.69074 -26.28494 -17.10746 -55.09508 -48.40012 -88.48392      49.4874
55    -26.92236 -39.25715 -16.90809 -47.76318 -55.59101 -88.53830       -39.25715 -26.92236 -16.90809 -55.59101 -47.76318 -88.53830      49.9483
56    -27.55978 -38.82355 -16.70871 -47.12624 -56.08694 -88.59267       -38.82355 -27.55978 -16.70871 -56.08694 -47.12624 -88.59267      48.8131
57    -28.19720 -38.38996 -16.50934 -46.48929 -56.58287 -88.64705       -38.38996 -28.19720 -16.50934 -56.58287 -46.48929 -88.64705      47.6779
58    -28.83462 -37.95637 -16.30997 -45.85235 -57.07879 -88.70143       -28.83462 -37.95637 -16.30997 -45.85235 -57.07879 -88.70143      46.5427
59    -29.47204 -37.52278 -16.11060 -45.21541 -57.57472 -88.75580       -29.47204 -37.52278 -16.11060 -45.21541 -57.57472 -88.75580      45.4075
60    -30.10946 -37.08919 -15.91123 -44.57847 -58.07065 -88.81018       -30.10946 -37.08919 -15.91123 -44.57847 -58.07065 -88.81018      44.2724
61    -30.74689 -36.65560 -15.71186 -43.94152 -58.56658 -88.86455       -30.74689 -36.65560 -15.71186 -43.94152 -58.56658 -88.86455      43.1372
62    -31.38431 -36.22201 -15.51249 -43.30458 -59.06251 -88.91893       -31.38431 -36.22201 -15.51249 -43.30458 -59.06251 -88.91893      42.002
63    -32.02173 -35.78842 -15.31312 -42.66764 -59.55844 -88.97330       -32.02173 -35.78842 -15.31312 -42.66764 -59.55844 -88.97330      40.8668
64    -32.65915 -35.35483 -15.11375 -42.03069 -60.05437 -89.02768       -32.65915 -35.35483 -15.11375 -42.03069 -60.05437 -89.02768      39.7316
65    -33.29657 -34.92124 -14.91438 -41.39375 -60.55030 -89.08205       -33.29657 -34.92124 -14.91438 -41.39375 -60.55030 -89.08205      38.5964
66    -33.93399 -34.48765 -14.71501 -40.75681 -61.04623 -89.13643       -33.93399 -34.48765 -14.71501 -40.75681 -61.04623 -89.13643      37.4612
67    -34.57141 -34.05405 -14.51564 -40.11987 -61.54215 -89.19080       -34.57141 -34.05405 -14.51564 -40.11987 -61.54215 -89.19080      36.326
68    -35.20883 -33.62046 -14.31627 -39.48292 -62.03808 -89.24518       -35.20883 -33.62046 -14.31627 -39.48292 -62.03808 -89.24518      35.1908
69    -35.84625 -33.18687 -14.11690 -38.84598 -62.53401 -89.29955       -35.84625 -33.18687 -14.11690 -38.84598 -62.53401 -89.29955      34.0557
70    -36.48367 -32.75328 -13.91753 -38.20904 -63.02994 -89.35393       -36.48367 -32.75328 -13.91753 -38.20904 -63.02994 -89.35393      32.9205
71    -37.12109 -32.31969 -13.71815 -37.57209 -63.52587 -89.40830       -37.12109 -32.31969 -13.71815 -37.57209 -63.52587 -89.40830      31.7853
72    -37.75851 -31.88610 -13.51878 -36.93515 -64.02180 -89.46268       -37.75851 -31.88610 -13.51878 -36.93515 -64.02180 -89.46268      30.6501
73    -38.39593 -31.45251 -13.31941 -36.29821 -64.51773 -89.51706       -38.39593 -31.45251 -13.31941 -36.29821 -64.51773 -89.51706      29.5149
74    -39.03335 -31.01892 -13.12004 -35.66127 -65.01366 -89.57143       -39.03335 -31.01892 -13.12004 -35.66127 -65.01366 -89.57143      28.3797
75    -39.67077 -30.58533 -12.92067 -35.02432 -65.50959 -89.62581       -39.67077 -30.58533 -12.92067 -35.02432 -65.50959 -89.62581      27.2445
76    -40.30820 -30.15174 -12.72130 -34.38738 -66.00551 -89.68018       -40.30820 -30.15174 -12.72130 -34.38738 -66.00551 -89.68018      26.1093
77    -40.94562 -29.71814 -12.52193 -33.75044 -66.50144 -89.73456       -40.94562 -29.71814 -12.52193 -33.75044 -66.50144 -89.73456      24.9741
78    -41.58304 -29.28455 -12.32256 -33.11349 -66.99737 -89.78893       -41.58304 -29.28455 -12.32256 -33.11349 -66.99737 -89.78893      23.839
79    -42.22046 -28.85096 -12.12319 -32.47655 -67.49330 -89.84331       -42.22046 -28.85096 -12.12319 -32.47655 -67.49330 -89.84331      22.7038
80    -42.85788 -28.41737 -11.92382 -31.83961 -67.98923 -89.89768       -42.85788 -28.41737 -11.92382 -31.83961 -67.98923 -89.89768      21.5686
81    -43.49530 -27.98378 -11.72445 -31.20267 -68.48516 -89.95206       -43.49530 -27.98378 -11.72445 -31.20267 -68.48516 -89.95206      20.4334
82    -44.13272 -27.55019 -11.52508 -30.56572 -68.98109 -90.00643       -44.13272 -27.55019 -11.52508 -30.56572 -68.98109 -90.00643      19.2982
83    -44.77014 -27.11660 -11.32571 -29.92878 -69.47702 -90.06081       -44.77014 -27.11660 -11.32571 -29.92878 -69.47702 -90.06081      18.163
84    -45.40756 -26.68301 -11.12634 -29.29184 -69.97294 -90.11518       -45.40756 -26.68301 -11.12634 -29.29184 -69.97294 -90.11518      17.0278
85    -46.04498 -26.24942 -10.92697 -28.65489 -70.46887 -90.16956       -46.04498 -26.24942 -10.92697 -28.65489 -70.46887 -90.16956      15.8926
86    -46.68240 -25.81583 -10.72760 -28.01795 -70.96480 -90.22393       -46.68240 -25.81583 -10.72760 -28.01795 -70.96480 -90.22393      14.7575
87    -47.31982 -25.38224 -10.52822 -27.38101 -71.46073 -90.27831       -47.31982 -25.38224 -10.52822 -27.38101 -71.46073 -90.27831      13.6223
88    -47.95724 -24.94864 -10.32885 -26.74406 -71.95666 -90.33269       -47.95724 -24.94864 -10.32885 -26.74406 -71.95666 -90.33269      12.4871
89    -48.59466 -24.51505 -10.12948 -26.10712 -72.45259 -90.38706       -48.59466 -24.51505 -10.12948 -26.10712 -72.45259 -90.38706      11.3519
90    -49.23208 -24.08146  -9.93011 -25.47018 -72.94852 -90.44144       -49.23208 -24.08146  -9.93011 -25.47018 -72.94852 -90.44144      10.2167
91    -49.86951 -23.64787  -9.73074 -24.83324 -73.44445 -90.49581       -49.86951 -23.64787  -9.73074 -24.83324 -73.44445 -90.49581      9.08151
92    -50.50693 -23.21428  -9.53137 -24.19629 -73.94038 -90.55019       -50.50693 -23.21428  -9.53137 -24.19629 -73.94038 -90.55019      7.94632
93    -51.14435 -22.78069  -9.33200 -23.55935 -74.43630 -90.60456       -51.14435 -22.78069  -9.33200 -23.55935 -74.43630 -90.60456      6.81113
94    -51.78177 -22.34710  -9.13263 -22.92241 -74.93223 -90.65894       -51.78177 -22.34710  -9.13263 -22.92241 -74.93223 -90.65894      5.67594
95    -52.41919 -21.91351  -8.93326 -22.28546 -75.42816 -90.71331       -52.41919 -21.91351  -8.93326 -22.28546 -75.42816 -90.71331      4.54075
96    -53.05661 -21.47992  -8.73389 -21.64852 -75.92409 -90.76769       -53.05661 -21.47992  -8.73389 -21.64852 -75.92409 -90.76769      3.40557
97    -53.69403 -21.04633  -8.53452 -21.01158 -76.42002 -90.82206       -53.69403 -21.04633  -8.53452 -21.01158 -76.42002 -90.82206      2.27038
98    -54.33145 -20.61273  -8.33515 -20.37464 -76.91595 -90.87644       -54.33145 -20.61273  -8.33515 -20.37464 -76.91595 -90.87644      1.13519
99    -54.96887 -20.17914  -8.13578 -19.73769 -77.41188 -90.93081       -54.96887 -20.17914  -8.13578 -19.73769 -77.41188 -90.93081      0
