Fol_2018-02-13.10_31_34.46_.txt     Output is probe cell, reduced cell, NCDist distance between
0    7528.07422 1010.06369 1152.98525 -2340.86955 -17474.09613 -15037.51406       -15.51697 -12.93813 -142.92156 -21.96092 -77.82586 -352.55162      5.95613e-11
1    7452.16375 1000.14845 1141.69145 -2319.15971 -17299.86948 -14889.88665       -30.10514  -7.78319 -141.54300 -27.99362 -67.61308 -398.99122      50.3847
2    7376.25329 990.23321 1130.39765 -2297.44988 -17125.64283 -14742.25923       -44.69332  -2.62826 -140.16444 -34.02632 -57.40030 -445.43082      100.769
3    7300.34282 980.31797 1119.10385 -2275.74005 -16951.41618 -14594.63181        -2.52668 -56.75482 -37.53235 -49.71420 -136.25920 -489.34374      146.882
4    7224.43235 970.40273 1107.81005 -2254.03021 -16777.18953 -14447.00440        -7.68161 -66.18807 -38.41011 -44.65635 -129.72570 -530.62840      185.466
5    7148.52189 960.48750 1096.51625 -2232.32038 -16602.96288 -14299.37698       -12.83654 -75.62131 -39.28788 -39.59850 -123.19221 -571.91307      225.829
6    7072.61142 950.57226 1085.22245 -2210.61054 -16428.73623 -14151.74957       -17.99148 -85.05455 -40.16565 -34.54066 -116.65871 -613.19773      267.166
7    6996.70096 940.65702 1073.92865 -2188.90071 -16254.50958 -14004.12215       -23.14641 -94.48780 -41.04341 -29.48281 -110.12522 -654.48240      309.087
8    6920.79049 930.74178 1062.63485 -2167.19088 -16080.28293 -13856.49474       -103.59172 -24.42496 -41.92118 -103.92104 -28.30135 -695.76706      350.909
9    6844.88003 920.82654 1051.34105 -2145.48104 -15906.05628 -13708.86732       -19.36712 -97.05823 -42.79895 -33.45628 -113.35429 -737.05172      389.879
10    6768.96956 910.91130 1040.04725 -2123.77121 -15731.82963 -13561.23991       -14.30927 -90.52473 -43.67671 -38.61121 -122.78753 -778.33639      429.713
11    6693.05910 900.99607 1028.75345 -2102.06138 -15557.60298 -13413.61249        -9.25142 -83.99123 -44.55448 -43.76615 -132.22077 -819.62105      470.19
12    6617.14863 891.08083 1017.45965 -2080.35154 -15383.37633 -13265.98508        -4.19357 -77.45774 -45.43225 -48.92108 -141.65402 -860.90571      511.157
13    6541.23816 881.16559 1006.16585 -2058.64171 -15209.14968 -13118.35766       -70.05997  -0.86427 -150.22299 -45.44574 -54.94029 -901.32610      551.655
14    6465.32770 871.25035 994.87205 -2036.93188 -15034.92303 -12970.73024       -58.46863  -5.92212 -154.59839 -41.26566 -65.15307 -937.55292      587.188
15    6389.41723 861.33511 983.57825 -2015.22204 -14860.69638 -12823.10283       -46.87729 -10.97997 -158.97378 -37.08558 -75.36585 -973.77974      622.418
16    6313.50677 851.41987 972.28445 -1993.51221 -14686.46973 -12675.47541       -35.28594 -16.03781 -163.34918 -32.90550 -85.57863 -1010.00655      658.213
17    6237.59630 841.50464 960.99065 -1971.80237 -14512.24308 -12527.84800       -23.69460 -21.09566 -167.72458 -28.72542 -95.79141 -1046.23337      694.486
18    6161.68584 831.58940 949.69685 -1950.09254 -14338.01643 -12380.22058       -12.10326 -26.15351 -172.09997 -24.54534 -106.00419 -1082.46019      731.167
19    6085.77537 821.67416 938.40305 -1928.38271 -14163.78978 -12232.59317        -0.51191 -31.21135 -176.47537 -20.36526 -116.21697 -1118.68700      768.196
20    6009.86491 811.75892 927.10925 -1906.67287 -13989.56313 -12084.96575       -11.07943 -25.18977 -115.35033 -27.26460 -169.77134 -1143.83439      793.185
21    5933.95444 801.84368 915.81545 -1884.96304 -13815.33648 -11937.33834       -22.67077 -18.65628 -113.97177 -34.67586 -162.55539 -1168.46987      817.965
22    5858.04397 791.92844 904.52165 -1863.25321 -13641.10983 -11789.71092       -34.26211 -12.12278 -112.59320 -42.08713 -155.33945 -1193.10534      843.076
23    5782.13351 782.01321 893.22785 -1841.54337 -13466.88318 -11642.08351       -45.85346  -5.58929 -111.21464 -49.49839 -148.12350 -1217.74082      868.489
24    5706.22304 772.09797 881.93405 -1819.83354 -13292.65653 -11494.45609       -56.50059  -0.94421 -55.96544 -108.89187 -141.85176 -1241.43208      892.897
25    5630.31258 762.18273 870.64025 -1798.12371 -13118.42988 -11346.82868       -61.55844  -7.47770 -56.84321 -100.97982 -141.16931 -1259.53406      911.036
26    5554.40211 752.26749 859.34645 -1776.41387 -12944.20323 -11199.20126       -66.61628 -14.01120 -57.72097 -93.06776 -140.48686 -1277.63604      929.317
27    5478.49165 742.35225 848.05265 -1754.70404 -12769.97658 -11051.57384       -71.67413 -20.54470 -58.59874 -85.15570 -139.80441 -1295.73802      947.729
28    5402.58118 732.43701 836.75885 -1732.99421 -12595.74993 -10903.94643       -76.73198 -27.07819 -59.47651 -77.24364 -139.12196 -1313.83999      966.267
29    5326.67072 722.52178 825.46505 -1711.28437 -12421.52328 -10756.31901       -81.78982 -33.61169 -60.35427 -69.33159 -138.43951 -1331.94197      984.923
30    5250.76025 712.60654 814.17125 -1689.57454 -12247.29663 -10608.69160       -86.84767 -40.14518 -61.23204 -61.41953 -137.75706 -1350.04395      1003.69
31    5174.84978 702.69130 802.87745 -1667.86470 -12073.06998 -10461.06418       -91.90552 -46.67868 -62.10981 -53.50747 -137.07461 -1368.14593      1022.44
32    5098.93932 692.77606 791.58365 -1646.15487 -11898.84333 -10313.43677       -96.96337 -53.21217 -62.98757 -45.59541 -136.39216 -1386.24791      1040.97
33    5023.02885 682.86082 780.28985 -1624.44504 -11724.61668 -10165.80935       -102.02121 -59.74567 -63.86534 -37.68336 -135.70971 -1404.34989      1059.61
34    4947.11839 672.94558 768.99605 -1602.73520 -11550.39003 -10018.18194       -135.02726 -29.77130 -64.74311 -66.27916 -107.07906 -1422.45187      1078.36
35    4871.20792 663.03035 757.70225 -1581.02537 -11376.16338 -9870.55452       -134.34481 -21.85924 -65.62087 -72.81266 -112.13691 -1440.55384      1097.2
36    4795.29746 653.11511 746.40845 -1559.31554 -11201.93673 -9722.92711       -133.66236 -13.94719 -66.49864 -79.34616 -117.19475 -1458.65582      1115.85
37    4719.38699 643.19987 735.11465 -1537.60570 -11027.71008 -9575.29969       -132.97991  -6.03513 -67.37641 -85.87965 -122.25260 -1476.75780      1133.7
38    4643.47653 633.28463 723.82085 -1515.89587 -10853.48343 -9427.67227       -130.42053  -1.87693 -90.53622 -66.37724 -129.18738 -1492.98285      1149.46
39    4567.56606 623.36939 712.52705 -1494.18604 -10679.25678 -9280.04486       -121.82603  -9.78899 -89.15766 -59.34295 -142.15728 -1503.17277      1159.17
40    4491.65559 613.45415 701.23325 -1472.47620 -10505.03013 -9132.41744       -113.23152 -17.70104 -87.77909 -52.30866 -155.12719 -1513.36269      1168.44
41    4415.74513 603.53892 689.93945 -1450.76637 -10330.80348 -8984.79003       -104.63701 -25.61310 -86.40053 -45.27437 -168.09709 -1523.55261      1177.75
42    4339.83466 593.62368 678.64565 -1429.05653 -10156.57683 -8837.16261       -96.04250 -33.52516 -85.02197 -38.24008 -181.06699 -1533.74253      1187.37
43    4263.92420 583.70844 667.35185 -1407.34670 -9982.35018 -8689.53520       -87.44800 -41.43722 -83.64341 -31.20579 -194.03690 -1543.93246      1197.3
44    4188.01373 573.79320 656.05805 -1385.63687 -9808.12353 -8541.90778       -78.85349 -49.34927 -82.26485 -24.17150 -207.00680 -1554.12238      1207.53
45    4112.10327 563.87796 644.76425 -1363.92703 -9633.89688 -8394.28037       -70.25898 -57.26133 -80.88629 -17.13721 -219.97671 -1564.31230      1218.05
46    4036.19280 553.96272 633.47045 -1342.21720 -9459.67023 -8246.65295       -61.66447 -65.17339 -79.50773 -10.10292 -232.94661 -1574.50222      1228.86
47    3960.28234 544.04749 622.17665 -1320.50737 -9285.44358 -8099.02554       -53.06997 -73.08544 -78.12916  -3.06862 -245.91652 -1584.69214      1239.94
48    3884.37187 534.13225 610.88285 -1298.79753 -9111.21693 -7951.39812       -48.44113 -72.78494 -77.03184  -3.96567 -254.92075 -1590.91640      1246.63
49    3808.46140 524.21701 599.58905 -1277.08770 -8936.99028 -7803.77070       -46.88091 -64.37208 -77.90960 -10.99996 -260.85637 -1594.07203      1249.78
50    3732.55094 514.30177 588.29525 -1255.37787 -8762.76363 -7656.14329       -45.32069 -55.95923 -78.78737 -18.03425 -266.79198 -1597.22766      1253.05
51    3656.64047 504.38653 577.00145 -1233.66803 -8588.53698 -7508.51587       -43.76048 -47.54638 -79.66513 -25.06854 -272.72759 -1600.38329      1256.45
52    3580.73001 494.47129 565.70765 -1211.95820 -8414.31033 -7360.88846       -42.20026 -39.13353 -80.54290 -32.10283 -278.66321 -1603.53892      1259.97
53    3504.81954 484.55606 554.41385 -1190.24836 -8240.08368 -7213.26104       -40.64004 -30.72067 -81.42067 -39.13712 -284.59882 -1606.69455      1263.62
54    3428.90908 474.64082 543.12005 -1168.53853 -8065.85703 -7065.63363       -39.07983 -22.30782 -82.29843 -46.17141 -290.53443 -1609.85018      1267.38
55    3352.99861 464.72558 531.82625 -1146.82870 -7891.63038 -6918.00621       -37.51961 -13.89497 -83.17620 -53.20570 -296.47005 -1613.00581      1271.28
56    3277.08814 454.81034 520.53245 -1125.11886 -7717.40373 -6770.37880       -35.95939  -5.48212 -84.05397 -60.23999 -302.40566 -1616.16144      1275.29
57    3201.17768 444.89510 509.23865 -1103.40903 -7543.17708 -6622.75138       -31.46844  -2.93074 -64.34355 -82.00100 -311.27201 -1616.38633      1276.54
58    3125.26721 434.97986 497.94485 -1081.69920 -7368.95043 -6475.12397       -21.49537 -11.34359 -62.96499 -74.46591 -325.62048 -1611.12911      1272.91
59    3049.35675 425.06463 486.65105 -1059.98936 -7194.72378 -6327.49655       -11.52230 -19.75644 -61.58642 -66.93082 -339.96894 -1605.87189      1269.62
60    2973.44628 415.14939 475.35725 -1038.27953 -7020.49713 -6179.86913        -1.54923 -28.16929 -60.20786 -59.39574 -354.31741 -1600.61466      1266.7
61    2897.53582 405.23415 464.06345 -1016.56970 -6846.27048 -6032.24172       -28.15831  -8.42384 -360.24204 -50.40546 -60.28449 -1586.93360      1253.88
62    2821.62535 395.31891 452.76965 -994.85986 -6672.04383 -5884.61430       -26.59809 -18.39691 -364.61743 -39.05383 -62.72247 -1571.70331      1239.42
63    2745.71489 385.40367 441.47585 -973.15003 -6497.81718 -5736.98689       -25.03788 -28.36998 -368.99283 -27.70220 -65.16045 -1556.47302      1225.18
64    2669.80442 375.48843 430.18205 -951.44020 -6323.59053 -5589.35947       -23.47766 -38.34304 -373.36823 -16.35057 -67.59844 -1541.24273      1211.17
65    2593.89395 365.57320 418.88825 -929.73036 -6149.36388 -5441.73206       -21.91744 -48.31611 -377.74362  -4.99894 -70.03642 -1526.01244      1197.41
66    2517.98349 355.65796 407.59445 -908.02053 -5975.13723 -5294.10464        -6.35269 -66.12171 -51.93649 -26.70992 -375.76633 -1504.42946      1176.28
67    2442.07302 345.74272 396.30065 -886.31069 -5800.91058 -5146.47723       -17.70432 -57.20806 -50.55793 -36.50133 -368.79010 -1477.84753      1149.42
68    2366.16256 335.82748 385.00685 -864.60086 -5626.68393 -4998.84981       -29.05595 -48.29442 -49.17937 -46.29275 -361.81386 -1451.26561      1122.35
69    2290.25209 325.91224 373.71305 -842.89103 -5452.45728 -4851.22240       -40.40758 -39.38077 -47.80081 -56.08416 -354.83763 -1424.68369      1094.96
70    2214.34163 315.99700 362.41925 -821.18119 -5278.23063 -4703.59498       -51.75921 -30.46712 -46.42225 -65.87558 -347.86140 -1398.10177      1067.86
71    2138.43116 306.08177 351.12545 -799.47136 -5104.00398 -4555.96757       -63.11084 -21.55347 -45.04368 -75.66699 -340.88516 -1371.51984      1041.08
72    2062.52070 296.16653 339.83165 -777.76153 -4929.77733 -4408.34015       -74.46248 -12.63983 -43.66512 -85.45840 -333.90893 -1344.93792      1014.63
73    1986.61023 286.25129 328.53785 -756.05169 -4755.55068 -4260.71273       -85.81411  -3.72618 -42.28656 -95.24982 -326.93269 -1318.35600      988.558
74    1910.69976 276.33605 317.24405 -734.34186 -4581.32403 -4113.08532       -91.97827  -5.18747 -99.85376 -35.72053 -325.14393 -1286.58661      958.079
75    1834.78930 266.42081 305.95025 -712.63203 -4407.09738 -3965.45790       -94.41625 -14.10112 -100.73153 -25.42832 -327.08134 -1251.09104      924.073
76    1758.87883 256.50557 294.65645 -690.92219 -4232.87073 -3817.83049       -96.85423 -23.01477 -101.60929 -15.13611 -329.01876 -1215.59547      890.403
77    1682.96837 246.59034 283.36265 -669.21236 -4058.64408 -3670.20307       -99.29222 -31.92841 -102.48706  -4.84390 -330.95617 -1180.09990      857.109
78    1607.05790 236.67510 272.06885 -647.50252 -3884.41743 -3522.57566       -107.17851 -97.91652 -35.39375  -5.44831 -327.44528 -1139.15602      818.829
79    1531.14744 226.75986 260.77505 -625.79269 -3710.19078 -3374.94824       -119.90870 -88.50207 -34.01519 -15.74052 -319.09048 -1093.36824      774.939
80    1455.23697 216.84462 249.48125 -604.08286 -3535.96413 -3227.32083       -132.63889 -79.08763 -32.63663 -26.03273 -310.73569 -1047.58046      731.866
81    1379.32651 206.92938 238.18745 -582.37302 -3361.73748 -3079.69341       -145.36908 -69.67319 -31.25807 -36.32494 -302.38089 -1001.79268      689.765
82    1303.41604 197.01414 226.89365 -560.66319 -3187.51083 -2932.06600       -158.09928 -60.25875 -29.87951 -46.61715 -294.02609 -956.00490      647.519
83    1227.50557 187.09891 215.59985 -538.95336 -3013.28418 -2784.43858       -170.82947 -50.84430 -28.50094 -56.90936 -285.67130 -910.21712      605.696
84    1151.59511 177.18367 204.30605 -517.24352 -2839.05753 -2636.81116       -183.55966 -41.42986 -27.12238 -67.20157 -277.31650 -864.42934      565.246
85    1075.68464 167.26843 193.01225 -495.53369 -2664.83088 -2489.18375       -196.28985 -32.01542 -25.74382 -77.49378 -268.96171 -818.64156      526.487
86    999.77418 157.35319 181.71845 -473.82386 -2490.60423 -2341.55633       -209.02005 -22.60097 -24.36526 -87.78599 -260.60691 -772.85378      489.821
87    923.86371 147.43795 170.42465 -452.11402 -2316.37758 -2193.92892       -221.75024 -13.18653 -22.98670 -98.07819 -252.25212 -727.06600      455.752
88    847.95325 137.52271 159.13085 -430.40419 -2142.15093 -2046.30150       -234.48043  -3.77209 -21.60814 -108.37040 -243.89732 -681.27822      424.905
89    772.04278 127.60747 147.83705 -408.69436 -1967.92428 -1898.67409       -241.56827  -5.64236 -113.02026 -14.58722 -241.18488 -629.84809      392.413
90    696.13232 117.69224 136.54325 -386.98452 -1793.69763 -1751.04667       -242.24453  -3.79421 -113.89802 -15.05680 -244.88402 -574.64587      357.205
91    620.22185 107.77700 125.24945 -365.27469 -1619.47098 -1603.41926       -236.30538  -6.99879 -17.47245 -107.77700 -255.19856 -512.44485      318.252
92    544.31138  97.86176 113.95565 -343.56485 -1445.24433 -1455.79184       -226.57203 -17.79180 -16.09389 -97.86176 -269.30731 -446.44962      287.396
93    468.40092  87.94652 102.66185 -321.85502 -1271.01768 -1308.16443       -216.83867 -28.58480 -14.71533 -87.94652 -283.41607 -380.45440      271.368
94    392.49045  78.03128  91.36805 -300.14519 -1096.79103 -1160.53701       -207.10531 -39.37781 -13.33677 -78.03128 -297.52482 -314.45917      272.793
95    316.57999  68.11604  80.07425 -278.43535 -922.56438 -1012.90959       -197.37196 -11.95820 -50.17081 -68.11604 -248.46394 -311.63357      240.721    *****
96    240.66952  58.20081  68.78045 -256.72552 -748.33773 -865.28218       -187.63860 -10.57964 -60.96382 -58.20081 -182.46872 -325.74233      210.664
97    164.75906  48.28557  57.48665 -235.01569 -574.11108 -717.65476       -116.47349 -48.28557 -71.75682  -9.20108 -177.90524 -339.85108      142.323
98     88.84859  38.37033  46.19285 -213.30585 -399.88443 -570.02735       -50.47826 -38.37033 -82.54982  -7.82252 -168.17188 -353.95984      76.5764
99     12.93813  28.45509  34.89905 -191.59602 -225.65778 -422.39993       -15.51697 -12.93813 -142.92156 -21.96092 -77.82586 -352.55162      2.14579e-13
