Fol_2018-02-06.13_12_35.11_.txt     Output is probe cell, reduced cell, NCDist distance between
0    -190.25010  95.45091 -123.83633 -156.61595  18.84579 -175.94516       -76.60512 -61.16504 -28.38542 -95.45091 -80.49425 -94.79919      5.50384e-14
1    -189.10217  93.86893 -122.87218 -155.99813  17.84236 -175.12550       -76.02658 -62.12919 -29.00325 -93.86893 -81.25657 -95.23324      2.2177
2    -187.95424  92.28695 -121.90803 -155.38030  16.83892 -174.30585       -75.44803 -63.09335 -29.62108 -92.28695 -82.01889 -95.66729      4.43541
3    -186.80631  90.70497 -120.94388 -154.76247  15.83549 -173.48619       -74.86949 -64.05750 -30.23890 -90.70497 -82.78122 -96.10134      6.65311
4    -185.65838  89.12299 -119.97973 -154.14464  14.83205 -172.66653       -74.29094 -65.02165 -30.85673 -89.12299 -83.54354 -96.53539      8.87081
5    -184.51045  87.54101 -119.01558 -153.52681  13.82862 -171.84688       -73.71240 -65.98580 -31.47456 -87.54101 -84.30586 -96.96944      11.0885
6    -183.36252  85.95903 -118.05143 -152.90898  12.82518 -171.02722       -73.13385 -66.94995 -32.09239 -85.95903 -85.06819 -97.40349      13.3062
7    -182.21460  84.37706 -117.08727 -152.29115  11.82175 -170.20756       -72.55531 -67.91410 -32.71022 -84.37706 -85.83051 -97.83754      15.5239
8    -181.06667  82.79508 -116.12312 -151.67333  10.81831 -169.38791       -71.97676 -68.87825 -33.32805 -82.79508 -86.59283 -98.27159      17.2292
9    -179.91874  81.21310 -115.15897 -151.05550   9.81488 -168.56825       -71.39822 -69.84240 -33.94588 -81.21310 -87.35515 -98.70564      16.2077
10    -178.77081  79.63112 -114.19482 -150.43767   8.81144 -167.74860       -70.81967 -70.80655 -34.56371 -79.63112 -88.11748 -99.13969      15.4393
11    -177.62288  78.04914 -113.23067 -149.81984   7.80801 -166.92894       -70.24113 -71.77070 -35.18153 -78.04914 -88.87980 -99.57374      14.9629
12    -176.47495  76.46716 -112.26652 -149.20201   6.80457 -166.10928       -69.66259 -72.73485 -35.79936 -76.46716 -89.64212 -100.00779      14.8068
13    -175.32702  74.88518 -111.30237 -148.58418   5.80114 -165.28963       -69.08404 -73.69900 -36.41719 -74.88518 -90.40445 -100.44184      14.9811
14    -174.17909  73.30320 -110.33822 -147.96635   4.79770 -164.46997       -68.50550 -74.66315 -37.03502 -73.30320 -91.16677 -100.87589      15.4745    *****
15    -173.03116  71.72122 -109.37407 -147.34852   3.79427 -163.65031       -67.92695 -75.62730 -37.65285 -71.72122 -91.92909 -101.30994      16.258
16    -171.88323  70.13924 -108.40992 -146.73070   2.79083 -162.83066       -67.34841 -76.59145 -38.27068 -70.13924 -92.69142 -101.74399      17.2923
17    -170.73530  68.55726 -107.44577 -146.11287   1.78740 -162.01100       -66.76986 -77.55560 -38.88851 -68.55726 -93.45374 -102.17804      18.5354
18    -169.58738  66.97528 -106.48162 -145.49504   0.78397 -161.19135       -66.19132 -78.51976 -39.50634 -66.97528 -94.21606 -102.61209      19.9483
19    -168.43945  65.39330 -105.51747 -144.87721  -0.21947 -160.37169       -65.61277 -79.48391 -40.12416 -65.39330 -94.97839 -103.04614      21.4975
20    -167.29152  63.81132 -104.55332 -144.25938  -1.22290 -159.55203       -65.03423 -80.44806 -40.74199 -63.81132 -95.74071 -103.48019      23.1557
21    -166.14359  62.22934 -103.58917 -143.64155  -2.22634 -158.73238       -64.45568 -81.41221 -41.35982 -62.22934 -96.50303 -103.91424      24.9012
22    -164.99566  60.64737 -102.62502 -143.02372  -3.22977 -157.91272       -63.87714 -82.37636 -41.97765 -60.64737 -97.26536 -104.34829      26.7168
23    -163.84773  59.06539 -101.66086 -142.40589  -4.23321 -157.09306       -63.29859 -83.34051 -42.59548 -59.06539 -98.02768 -104.78234      28.5892
24    -162.69980  57.48341 -100.69671 -141.78807  -5.23664 -156.27341       -62.72005 -84.30466 -43.21331 -57.48341 -98.79000 -105.21639      30.5079
25    -161.55187  55.90143 -99.73256 -141.17024  -6.24008 -155.45375       -62.14151 -85.26881 -43.83114 -55.90143 -99.55232 -105.65044      32.4648
26    -160.40394  54.31945 -98.76841 -140.55241  -7.24351 -154.63410       -61.56296 -86.23296 -44.44897 -54.31945 -100.31465 -106.08450      34.4532
27    -159.25601  52.73747 -97.80426 -139.93458  -8.24695 -153.81444       -60.98442 -87.19711 -45.06679 -52.73747 -101.07697 -106.51855      36.4681
28    -158.10809  51.15549 -96.84011 -139.31675  -9.25038 -152.99478       -60.40587 -88.16126 -45.68462 -51.15549 -101.83929 -106.95260      38.5054
29    -156.96016  49.57351 -95.87596 -138.69892 -10.25382 -152.17513       -59.82733 -89.12541 -46.30245 -49.57351 -102.60162 -107.38665      40.5615
30    -155.81223  47.99153 -94.91181 -138.08109 -11.25725 -151.35547       -59.24878 -90.08956 -46.92028 -47.99153 -103.36394 -107.82070      42.6339
31    -154.66430  46.40955 -93.94766 -137.46326 -12.26069 -150.53581       -58.67024 -91.05371 -47.53811 -46.40955 -104.12626 -108.25475      44.7201
32    -153.51637  44.82757 -92.98351 -136.84544 -13.26412 -149.71616       -104.88859 -44.82757 -48.15594 -92.01786 -58.09169 -108.68880      46.5223
33    -152.36844  43.24559 -92.01936 -136.22761 -14.26756 -148.89650       -105.65091 -43.24559 -48.77377 -92.98201 -57.51315 -109.12285      48.1647
34    -151.22051  41.66361 -91.05521 -135.60978 -15.27099 -148.07685       -106.41323 -41.66361 -49.39159 -93.94616 -56.93460 -109.55690      49.8518
35    -150.07258  40.08163 -90.09106 -134.99195 -16.27443 -147.25719       -107.17556 -40.08163 -50.00942 -94.91032 -56.35606 -109.99095      51.579
36    -148.92465  38.49965 -89.12691 -134.37412 -17.27786 -146.43753       -107.93788 -38.49965 -50.62725 -95.87447 -55.77751 -110.42500      53.3425
37    -147.77672  36.91768 -88.16276 -133.75629 -18.28129 -145.61788       -108.70020 -36.91768 -51.24508 -96.83862 -55.19897 -110.85905      55.1388
38    -146.62879  35.33570 -87.19861 -133.13846 -19.28473 -144.79822       -109.46252 -35.33570 -51.86291 -97.80277 -54.62043 -111.29310      56.9648
39    -145.48087  33.75372 -86.23446 -132.52063 -20.28816 -143.97856       -110.22485 -33.75372 -52.48074 -98.76692 -54.04188 -111.72715      58.8178
40    -144.33294  32.17174 -85.27030 -131.90281 -21.29160 -143.15891       -110.98717 -32.17174 -53.09857 -99.73107 -53.46334 -112.16120      60.6952
41    -143.18501  30.58976 -84.30615 -131.28498 -22.29503 -142.33925       -111.74949 -30.58976 -53.71640 -100.69522 -52.88479 -112.59525      62.5949
42    -142.03708  29.00778 -83.34200 -130.66715 -23.29847 -141.51960       -112.51182 -29.00778 -54.33422 -101.65937 -52.30625 -113.02930      64.5149
43    -140.88915  27.42580 -82.37785 -130.04932 -24.30190 -140.69994       -113.27414 -27.42580 -54.95205 -102.62352 -51.72770 -113.46335      66.1642
44    -139.74122  25.84382 -81.41370 -129.43149 -25.30534 -139.88028       -114.03646 -25.84382 -55.56988 -103.58767 -51.14916 -113.89740      67.2768
45    -138.59329  24.26184 -80.44955 -128.81366 -26.30877 -139.06063       -114.79879 -24.26184 -56.18771 -104.55182 -50.57061 -114.33145      68.4433
46    -137.44536  22.67986 -79.48540 -128.19583 -27.31221 -138.24097       -115.56111 -22.67986 -56.80554 -105.51597 -49.99207 -114.76550      69.6608
47    -136.29743  21.09788 -78.52125 -127.57800 -28.31564 -137.42131       -116.32343 -21.09788 -57.42337 -106.48012 -49.41352 -115.19955      70.9268
48    -135.14950  19.51590 -77.55710 -126.96018 -29.31908 -136.60166       -117.08576 -19.51590 -58.04120 -107.44427 -48.83498 -115.63360      72.2387
49    -134.00157  17.93392 -76.59295 -126.34235 -30.32251 -135.78200       -117.84808 -17.93392 -58.65903 -108.40842 -48.25643 -116.06765      73.5941
50    -132.85365  16.35194 -75.62880 -125.72452 -31.32595 -134.96235       -118.61040 -16.35194 -59.27685 -109.37257 -47.67789 -116.50170      74.9905
51    -131.70572  14.76996 -74.66465 -125.10669 -32.32938 -134.14269       -119.37272 -14.76996 -59.89468 -110.33673 -47.09935 -116.93575      76.4258
52    -130.55779  13.18799 -73.70050 -124.48886 -33.33282 -133.32303       -120.13505 -13.18799 -60.51251 -111.30088 -46.52080 -117.36980      77.8978
53    -129.40986  11.60601 -72.73635 -123.87103 -34.33625 -132.50338       -120.89737 -11.60601 -61.13034 -112.26503 -45.94226 -117.80385      79.4045
54    -128.26193  10.02403 -71.77220 -123.25320 -35.33968 -131.68372       -121.65969 -10.02403 -61.74817 -113.22918 -45.36371 -118.23790      80.9439
55    -127.11400   8.44205 -70.80805 -122.63537 -36.34312 -130.86406       -122.42202  -8.44205 -62.36600 -114.19333 -44.78517 -118.67195      82.5142
56    -125.96607   6.86007 -69.84389 -122.01755 -37.34655 -130.04441       -123.18434  -6.86007 -62.98383 -115.15748 -44.20662 -119.10600      84.1136
57    -124.81814   5.27809 -68.87974 -121.39972 -38.34999 -129.22475       -123.94666  -5.27809 -63.60166 -116.12163 -43.62808 -119.54005      85.7406
58    -123.67021   3.69611 -67.91559 -120.78189 -39.35342 -128.40509       -124.70899  -3.69611 -64.21948 -117.08578 -43.04953 -119.97410      87.3935
59    -122.52228   2.11413 -66.95144 -120.16406 -40.35686 -127.58544       -125.47131  -2.11413 -64.83731 -118.04993 -42.47099 -120.40815      89.071
60    -121.37435   0.53215 -65.98729 -119.54623 -41.36029 -126.76578       -126.23363  -0.53215 -65.45514 -119.01408 -41.89244 -120.84220      90.7717
61    -120.22643  -1.04983 -65.02314 -118.92840 -42.36373 -125.94613       -120.22643  -1.04983 -65.02314 -118.92840 -42.36373 -125.94613      89.6185
62    -119.07850  -2.63181 -64.05899 -118.31057 -43.36716 -125.12647       -119.07850  -2.63181 -64.05899 -118.31057 -43.36716 -125.12647      87.3811
63    -117.93057  -4.21379 -63.09484 -117.69275 -44.37060 -124.30681       -117.93057  -4.21379 -63.09484 -117.69275 -44.37060 -124.30681      85.1649
64    -116.78264  -5.79577 -62.13069 -117.07492 -45.37403 -123.48716       -116.78264  -5.79577 -62.13069 -117.07492 -45.37403 -123.48716      82.9716
65    -115.63471  -7.37775 -61.16654 -116.45709 -46.37747 -122.66750       -115.63471  -7.37775 -61.16654 -116.45709 -46.37747 -122.66750      80.8031
66    -114.48678  -8.95973 -60.20239 -115.83926 -47.38090 -121.84784       -114.48678  -8.95973 -60.20239 -115.83926 -47.38090 -121.84784      78.6613
67    -113.33885 -10.54171 -59.23824 -115.22143 -48.38434 -121.02819       -113.33885 -10.54171 -59.23824 -115.22143 -48.38434 -121.02819      76.5486
68    -112.19092 -12.12368 -58.27409 -114.60360 -49.38777 -120.20853       -112.19092 -12.12368 -58.27409 -114.60360 -49.38777 -120.20853      74.4674
69    -111.04299 -13.70566 -57.30994 -113.98577 -50.39121 -119.38888       -111.04299 -13.70566 -57.30994 -113.98577 -50.39121 -119.38888      72.4205
70    -109.89506 -15.28764 -56.34579 -113.36794 -51.39464 -118.56922       -109.89506 -15.28764 -56.34579 -113.36794 -51.39464 -118.56922      70.4108
71    -108.74713 -16.86962 -55.38164 -112.75012 -52.39808 -117.74956       -108.74713 -16.86962 -55.38164 -112.75012 -52.39808 -117.74956      68.4416
72    -107.59921 -18.45160 -54.41748 -112.13229 -53.40151 -116.92991       -107.59921 -18.45160 -54.41748 -112.13229 -53.40151 -116.92991      66.5164
73    -106.45128 -20.03358 -53.45333 -111.51446 -54.40494 -116.11025       -106.45128 -20.03358 -53.45333 -111.51446 -54.40494 -116.11025      64.6394
74    -105.30335 -21.61556 -52.48918 -110.89663 -55.40838 -115.29059       -105.30335 -21.61556 -52.48918 -110.89663 -55.40838 -115.29059      62.8147
75    -104.15542 -23.19754 -51.52503 -110.27880 -56.41181 -114.47094       -104.15542 -23.19754 -51.52503 -110.27880 -56.41181 -114.47094      61.047
76    -103.00749 -24.77952 -50.56088 -109.66097 -57.41525 -113.65128       -103.00749 -24.77952 -50.56088 -109.66097 -57.41525 -113.65128      59.3415
77    -101.85956 -26.36150 -49.59673 -109.04314 -58.41868 -112.83163       -101.85956 -26.36150 -49.59673 -109.04314 -58.41868 -112.83163      57.4129
78    -100.71163 -27.94348 -48.63258 -108.42531 -59.42212 -112.01197       -100.71163 -27.94348 -48.63258 -108.42531 -59.42212 -112.01197      54.8032
79    -99.56370 -29.52546 -47.66843 -107.80749 -60.42555 -111.19231       -99.56370 -29.52546 -47.66843 -107.80749 -60.42555 -111.19231      52.1935
80    -98.41577 -31.10744 -46.70428 -107.18966 -61.42899 -110.37266       -98.41577 -31.10744 -46.70428 -107.18966 -61.42899 -110.37266      49.5839
81    -97.26784 -32.68942 -45.74013 -106.57183 -62.43242 -109.55300       -97.26784 -32.68942 -45.74013 -106.57183 -62.43242 -109.55300      46.9742
82    -96.11992 -34.27140 -44.77598 -105.95400 -63.43586 -108.73334       -96.11992 -34.27140 -44.77598 -105.95400 -63.43586 -108.73334      44.3645
83    -94.97199 -35.85337 -43.81183 -105.33617 -64.43929 -107.91369       -94.97199 -35.85337 -43.81183 -105.33617 -64.43929 -107.91369      41.7548
84    -93.82406 -37.43535 -42.84768 -104.71834 -65.44273 -107.09403       -93.82406 -37.43535 -42.84768 -104.71834 -65.44273 -107.09403      39.1452
85    -92.67613 -39.01733 -41.88353 -104.10051 -66.44616 -106.27438       -92.67613 -39.01733 -41.88353 -104.10051 -66.44616 -106.27438      36.5355
86    -91.52820 -40.59931 -40.91938 -103.48268 -67.44960 -105.45472       -91.52820 -40.59931 -40.91938 -103.48268 -67.44960 -105.45472      33.9258
87    -90.38027 -42.18129 -39.95523 -102.86486 -68.45303 -104.63506       -90.38027 -42.18129 -39.95523 -102.86486 -68.45303 -104.63506      31.3161
88    -89.23234 -43.76327 -38.99107 -102.24703 -69.45647 -103.81541       -89.23234 -43.76327 -38.99107 -102.24703 -69.45647 -103.81541      28.7065
89    -88.08441 -45.34525 -38.02692 -101.62920 -70.45990 -102.99575       -88.08441 -45.34525 -38.02692 -101.62920 -70.45990 -102.99575      26.0968
90    -86.93648 -46.92723 -37.06277 -101.01137 -71.46333 -102.17609       -86.93648 -46.92723 -37.06277 -101.01137 -71.46333 -102.17609      23.4871
91    -85.78855 -48.50921 -36.09862 -100.39354 -72.46677 -101.35644       -85.78855 -48.50921 -36.09862 -100.39354 -72.46677 -101.35644      20.8774
92    -84.64062 -50.09119 -35.13447 -99.77571 -73.47020 -100.53678       -84.64062 -50.09119 -35.13447 -99.77571 -73.47020 -100.53678      18.2677
93    -83.49270 -51.67317 -34.17032 -99.15788 -74.47364 -99.71713       -83.49270 -51.67317 -34.17032 -99.15788 -74.47364 -99.71713      15.6581
94    -82.34477 -53.25515 -33.20617 -98.54005 -75.47707 -98.89747       -82.34477 -53.25515 -33.20617 -98.54005 -75.47707 -98.89747      13.0484
95    -81.19684 -54.83713 -32.24202 -97.92223 -76.48051 -98.07781       -81.19684 -54.83713 -32.24202 -97.92223 -76.48051 -98.07781      10.4387
96    -80.04891 -56.41911 -31.27787 -97.30440 -77.48394 -97.25816       -80.04891 -56.41911 -31.27787 -97.30440 -77.48394 -97.25816      7.82903
97    -78.90098 -58.00109 -30.31372 -96.68657 -78.48738 -96.43850       -78.90098 -58.00109 -30.31372 -96.68657 -78.48738 -96.43850      5.21935
98    -77.75305 -59.58306 -29.34957 -96.06874 -79.49081 -95.61884       -77.75305 -59.58306 -29.34957 -96.06874 -79.49081 -95.61884      2.60968
99    -76.60512 -61.16504 -28.38542 -95.45091 -80.49425 -94.79919       -76.60512 -61.16504 -28.38542 -95.45091 -80.49425 -94.79919      0
