Fol_2018-02-06.14_43_10.82_.txt     Output is probe cell, reduced cell, NCDist distance between
0    -163.84427 -168.45275  59.13658 -155.81162 -138.26020  65.73420       -90.07742 -72.52600  -6.59762 -102.71854 -98.11007 -65.73420      2.23793e-13
1    -163.09915 -167.48379  58.47260 -155.27533 -137.85465  64.40624       -90.86909 -73.44841  -5.93364 -103.07755 -98.69291 -64.40624      2.03728
2    -162.35403 -166.51483  57.80862 -154.73903 -137.44909  63.07828       -91.66076 -74.37081  -5.26966 -103.43656 -99.27576 -63.07828      4.07457
3    -161.60891 -165.54588  57.14464 -154.20274 -137.04353  61.75031       -92.45243 -75.29322  -4.60567 -103.79556 -99.85860 -61.75031      6.11185
4    -160.86379 -164.57692  56.48066 -153.66644 -136.63798  60.42235       -93.24410 -76.21563  -3.94169 -104.15457 -100.44144 -60.42235      8.14914
5    -160.11867 -163.60796  55.81667 -153.13015 -136.23242  59.09438       -94.03577 -77.13804  -3.27771 -104.51358 -101.02429 -59.09438      10.1864
6    -159.37355 -162.63901  55.15269 -152.59386 -135.82686  57.76642       -94.82744 -78.06044  -2.61373 -104.87258 -101.60713 -57.76642      12.2237
7    -158.62843 -161.67005  54.48871 -152.05756 -135.42131  56.43846       -95.61911 -78.98285  -1.94975 -105.23159 -102.18998 -56.43846      14.261
8    -157.88331 -160.70109  53.82473 -151.52127 -135.01575  55.11049       -96.41078 -79.90526  -1.28576 -105.59060 -102.77282 -55.11049      16.2983
9    -157.13819 -159.73213  53.16075 -150.98498 -134.61019  53.78253       -97.20245 -80.82766  -0.62178 -105.94960 -103.35566 -53.78253      18.3356
10    -156.39307 -158.76318  52.49677 -150.44868 -134.20464  52.45457       -103.89631 -81.70787  -0.04220 -106.26641 -97.95192 -52.49677      20.2904
11    -155.64795 -157.79422  51.83278 -149.91239 -133.79908  51.12660       -103.81517 -81.96629  -0.70618 -105.96144 -98.07960 -51.83278      21.0431
12    -154.90283 -156.82526  51.16880 -149.37609 -133.39352  49.79864       -103.73403 -82.22472  -1.37016 -105.65646 -98.20729 -51.16880      21.8187
13    -154.15771 -155.85631  50.50482 -148.83980 -132.98796  48.47068       -103.65289 -82.48314  -2.03414 -105.35149 -98.33498 -50.50482      22.6148
14    -153.41259 -154.88735  49.84084 -148.30351 -132.58241  47.14271       -103.57176 -82.74157  -2.69813 -105.04651 -98.46267 -49.84084      23.4292
15    -152.66747 -153.91839  49.17686 -147.76721 -132.17685  45.81475       -103.49062 -82.99999  -3.36211 -104.74154 -98.59036 -49.17686      24.0532
16    -151.92236 -152.94944  48.51287 -147.23092 -131.77129  44.48678       -103.40948 -83.25842  -4.02609 -104.43656 -98.71805 -48.51287      24.4834
17    -151.17724 -151.98048  47.84889 -146.69463 -131.36574  43.15882       -103.32834 -83.51684  -4.69007 -104.13159 -98.84573 -47.84889      24.9489
18    -150.43212 -151.01152  47.18491 -146.15833 -130.96018  41.83086       -103.24720 -83.77527  -5.35405 -103.82661 -98.97342 -47.18491      25.4477
19    -149.68700 -150.04256  46.52093 -145.62204 -130.55462  40.50289       -103.16607 -84.03369  -6.01804 -103.52164 -99.10111 -46.52093      25.9779
20    -148.94188 -149.07361  45.85695 -145.08575 -130.14907  39.17493       -103.08493 -84.29212  -6.68202 -103.21666 -99.22880 -45.85695      26.5377
21    -148.19676 -148.10465  45.19297 -144.54945 -129.74351  37.84697       -103.00379 -84.55054  -7.34600 -102.91169 -99.35649 -45.19297      27.1252
22    -147.45164 -147.13569  44.52898 -144.01316 -129.33795  36.51900       -102.92265 -84.80897  -8.00998 -102.60671 -99.48417 -44.52898      27.7386
23    -146.70652 -146.16674  43.86500 -143.47686 -128.93240  35.19104       -102.84152 -85.06739  -8.67396 -102.30173 -99.61186 -43.86500      28.3762
24    -145.96140 -145.19778  43.20102 -142.94057 -128.52684  33.86307       -102.76038 -85.32582  -9.33795 -101.99676 -99.73955 -43.20102      29.0366
25    -145.21628 -144.22882  42.53704 -142.40428 -128.12128  32.53511       -102.67924 -85.58424 -10.00193 -101.69178 -99.86724 -42.53704      29.7181
26    -144.47116 -143.25987  41.87306 -141.86798 -127.71572  31.20715       -102.59810 -85.84267 -10.66591 -101.38681 -99.99493 -41.87306      30.4193
27    -143.72604 -142.29091  41.20907 -141.33169 -127.31017  29.87918       -102.51696 -86.10109 -11.32989 -101.08183 -100.12262 -41.20907      31.1389
28    -142.98092 -141.32195  40.54509 -140.79540 -126.90461  28.55122       -102.43583 -86.35952 -11.99387 -100.77686 -100.25030 -40.54509      31.8757
29    -142.23580 -140.35299  39.88111 -140.25910 -126.49905  27.22326       -102.35469 -86.61794 -12.65785 -100.47188 -100.37799 -39.88111      32.6284
30    -141.49068 -139.38404  39.21713 -139.72281 -126.09350  25.89529       -102.27355 -86.87637 -13.32184 -100.16691 -100.50568 -39.21713      33.3961
31    -140.74556 -138.41508  38.55315 -139.18651 -125.68794  24.56733       -102.19241 -87.13479 -13.98582 -99.86193 -100.63337 -38.55315      34.1777
32    -140.00044 -137.44612  37.88916 -138.65022 -125.28238  23.23936       -102.11127 -87.39322 -14.64980 -99.55696 -100.76106 -37.88916      34.9722
33    -139.25532 -136.47717  37.22518 -138.11393 -124.87683  21.91140       -102.03014 -87.65164 -15.31378 -99.25198 -100.88874 -37.22518      35.7789
34    -138.51020 -135.50821  36.56120 -137.57763 -124.47127  20.58344       -101.94900 -87.91007 -15.97776 -98.94701 -101.01643 -36.56120      36.5968
35    -137.76508 -134.53925  35.89722 -137.04134 -124.06571  19.25547       -101.86786 -88.16849 -16.64175 -98.64203 -101.14412 -35.89722      37.4253
36    -137.01996 -133.57029  35.23324 -136.50505 -123.66015  17.92751       -101.78672 -88.42692 -17.30573 -98.33706 -101.27181 -35.23324      38.2637
37    -136.27484 -132.60134  34.56926 -135.96875 -123.25460  16.59955       -101.70558 -88.68534 -17.96971 -98.03208 -101.39950 -34.56926      39.1114
38    -135.52972 -131.63238  33.90527 -135.43246 -122.84904  15.27158       -101.62445 -88.94377 -18.63369 -97.72711 -101.52719 -33.90527      39.9677
39    -134.78460 -130.66342  33.24129 -134.89617 -122.44348  13.94362       -101.54331 -89.20219 -19.29767 -97.42213 -101.65487 -33.24129      40.8321
40    -134.03948 -129.69447  32.57731 -134.35987 -122.03793  12.61566       -101.46217 -89.46062 -19.96165 -97.11716 -101.78256 -32.57731      41.7041
41    -133.29436 -128.72551  31.91333 -133.82358 -121.63237  11.28769       -101.38103 -20.62564 -89.71904 -96.81218 -31.91333 -101.91025      42.5833
42    -132.54924 -127.75655  31.24935 -133.28728 -121.22681   9.95973       -101.29990 -21.28962 -89.97747 -96.50721 -31.24935 -102.03794      43.4691
43    -131.80412 -126.78760  30.58536 -132.75099 -120.82126   8.63176       -101.21876 -21.95360 -90.23589 -96.20223 -30.58536 -102.16563      44.3613
44    -131.05900 -125.81864  29.92138 -132.21470 -120.41570   7.30380       -101.13762 -22.61758 -90.49432 -95.89726 -29.92138 -102.29331      45.2594
45    -130.31388 -124.84968  29.25740 -131.67840 -120.01014   5.97584       -101.05648 -23.28156 -90.75274 -95.59228 -29.25740 -102.42100      46.1631
46    -129.56876 -123.88072  28.59342 -131.14211 -119.60459   4.64787       -28.59342 -95.28731 -91.01117 -23.94555 -100.97534 -102.54869      47.0721
47    -128.82364 -122.91177  27.92944 -130.60582 -119.19903   3.31991       -27.92944 -94.98233 -91.26959 -24.60953 -100.89421 -102.67638      47.986
48    -128.07852 -121.94281  27.26546 -130.06952 -118.79347   1.99195       -27.26546 -94.67736 -91.52802 -25.27351 -100.81307 -102.80407      48.9046
49    -127.33340 -120.97385  26.60147 -129.53323 -118.38791   0.66398       -26.60147 -94.37238 -91.78644 -25.93749 -100.73193 -102.93176      48.9953
50    -126.58828 -120.00490  25.93749 -128.99693 -117.98236  -0.66398       -25.93749 -94.06740 -92.04487 -26.60147 -100.65079 -103.05944      48.2813
51    -125.84316 -119.03594  25.27351 -128.46064 -117.57680  -1.99195       -25.27351 -93.76243 -92.30329 -27.26546 -100.56965 -103.18713      47.5789
52    -125.09804 -118.06698  24.60953 -127.92435 -117.17124  -3.31991       -24.60953 -93.45745 -92.56172 -27.92944 -100.48852 -103.31482      46.8887
53    -124.35292 -117.09803  23.94555 -127.38805 -116.76569  -4.64787       -23.94555 -93.15248 -92.82014 -28.59342 -100.40738 -103.44251      46.0344
54    -123.60780 -116.12907  23.28156 -126.85176 -116.36013  -5.97584       -23.28156 -92.84750 -93.07857 -29.25740 -100.32624 -103.57020      45.1278
55    -122.86268 -115.16011  22.61758 -126.31547 -115.95457  -7.30380       -22.61758 -92.54253 -93.33699 -29.92138 -100.24510 -103.69788      44.2267
56    -122.11756 -114.19115  21.95360 -125.77917 -115.54902  -8.63176       -92.23755 -21.95360 -93.59542 -100.16396 -30.58536 -103.82557      43.3314
57    -121.37245 -113.22220  21.28962 -125.24288 -115.14346  -9.95973       -91.93258 -21.28962 -93.85384 -100.08283 -31.24935 -103.95326      42.4424
58    -120.62733 -112.25324  20.62564 -124.70659 -114.73790 -11.28769       -91.62760 -94.11227 -20.62564 -100.00169 -104.08095 -31.91333      41.5599
59    -119.88221 -111.28428  19.96165 -124.17029 -114.33235 -12.61566       -91.32263 -94.37069 -19.96165 -99.92055 -104.20864 -32.57731      40.6844
60    -119.13709 -110.31533  19.29767 -123.63400 -113.92679 -13.94362       -91.01765 -94.62912 -19.29767 -99.83941 -104.33633 -33.24129      39.8164
61    -118.39197 -109.34637  18.63369 -123.09770 -113.52123 -15.27158       -90.71268 -94.88754 -18.63369 -99.75828 -104.46401 -33.90527      38.9564
62    -117.64685 -108.37741  17.96971 -122.56141 -113.11567 -16.59955       -90.40770 -95.14597 -17.96971 -99.67714 -104.59170 -34.56926      38.105
63    -116.90173 -107.40845  17.30573 -122.02512 -112.71012 -17.92751       -95.40439 -90.10273 -17.30573 -104.71939 -99.59600 -35.23324      37.2626
64    -116.15661 -106.43950  16.64175 -121.48882 -112.30456 -19.25547       -95.66282 -89.79775 -16.64175 -104.84708 -99.51486 -35.89722      36.43
65    -115.41149 -105.47054  15.97776 -120.95253 -111.89900 -20.58344       -95.92124 -89.49278 -15.97776 -104.97477 -99.43372 -36.56120      35.6078
66    -114.66637 -104.50158  15.31378 -120.41624 -111.49345 -21.91140       -96.17966 -89.18780 -15.31378 -105.10245 -99.35259 -37.22518      34.7968
67    -113.92125 -103.53263  14.64980 -119.87994 -111.08789 -23.23936       -96.43809 -88.88283 -14.64980 -105.23014 -99.27145 -37.88916      33.9977
68    -113.17613 -102.56367  13.98582 -119.34365 -110.68233 -24.56733       -96.69651 -88.57785 -13.98582 -105.35783 -99.19031 -38.55315      33.2115
69    -112.43101 -101.59471  13.32184 -118.80736 -110.27678 -25.89529       -96.95494 -88.27288 -13.32184 -105.48552 -99.10917 -39.21713      32.439
70    -111.68589 -100.62576  12.65785 -118.27106 -109.87122 -27.22326       -97.21336 -87.96790 -12.65785 -105.61321 -99.02803 -39.88111      31.6813
71    -110.94077 -99.65680  11.99387 -117.73477 -109.46566 -28.55122       -97.47179 -87.66293 -11.99387 -105.74090 -98.94690 -40.54509      30.9394
72    -110.19565 -98.68784  11.32989 -117.19847 -109.06011 -29.87918       -97.73021 -87.35795 -11.32989 -105.86858 -98.86576 -41.20907      30.2146
73    -109.45053 -97.71888  10.66591 -116.66218 -108.65455 -31.20715       -97.98864 -87.05298 -10.66591 -105.99627 -98.78462 -41.87306      29.508
74    -108.70541 -96.74993  10.00193 -116.12589 -108.24899 -32.53511       -98.24706 -86.74800 -10.00193 -106.12396 -98.70348 -42.53704      28.8211
75    -107.96029 -95.78097   9.33795 -115.58959 -107.84343 -33.86307       -98.50549 -86.44303  -9.33795 -106.25165 -98.62234 -43.20102      28.1552
76    -107.21517 -94.81201   8.67396 -115.05330 -107.43788 -35.19104       -98.76391 -86.13805  -8.67396 -106.37934 -98.54121 -43.86500      27.5119
77    -106.47005 -93.84306   8.00998 -114.51701 -107.03232 -36.51900       -99.02234 -85.83307  -8.00998 -106.50702 -98.46007 -44.52898      26.8928
78    -105.72493 -92.87410   7.34600 -113.98071 -106.62676 -37.84697       -99.28076 -85.52810  -7.34600 -106.63471 -98.37893 -45.19297      26.2996
79    -104.97981 -91.90514   6.68202 -113.44442 -106.22121 -39.17493       -99.53919 -85.22312  -6.68202 -106.76240 -98.29779 -45.85695      25.7341
80    -104.23469 -90.93618   6.01804 -112.90812 -105.81565 -40.50289       -99.79761 -84.91815  -6.01804 -106.89009 -98.21665 -46.52093      25.1981
81    -103.48957 -89.96723   5.35405 -112.37183 -105.41009 -41.83086       -100.05604 -84.61317  -5.35405 -107.01778 -98.13552 -47.18491      24.6937
82    -102.74445 -88.99827   4.69007 -111.83554 -105.00454 -43.15882       -100.31446 -84.30820  -4.69007 -107.14547 -98.05438 -47.84889      24.2227
83    -101.99933 -88.02931   4.02609 -111.29924 -104.59898 -44.48678       -100.57289 -84.00322  -4.02609 -107.27315 -97.97324 -48.51287      23.7872
84    -101.25421 -87.06036   3.36211 -110.76295 -104.19342 -45.81475       -100.83131 -83.69825  -3.36211 -107.40084 -97.89210 -49.17686      23.3891
85    -100.50909 -86.09140   2.69813 -110.22666 -103.78787 -47.14271       -101.08974 -83.39327  -2.69813 -107.52853 -97.81097 -49.84084      23.0304
86    -99.76397 -85.12244   2.03414 -109.69036 -103.38231 -48.47068       -101.34816 -83.08830  -2.03414 -107.65622 -97.72983 -50.50482      22.6148
87    -99.01885 -84.15349   1.37016 -109.15407 -102.97675 -49.79864       -101.60659 -82.78332  -1.37016 -107.78391 -97.64869 -51.16880      21.8187    *****
88    -98.27373 -83.18453   0.70618 -108.61778 -102.57119 -51.12660       -101.86501 -82.47835  -0.70618 -107.91159 -97.56755 -51.83278      21.0431
89    -97.52861 -82.21557   0.04220 -108.08148 -102.16564 -52.45457       -102.12344 -82.17337  -0.04220 -108.03928 -97.48641 -52.49677      20.2904
90    -96.78349 -81.24661  -0.62178 -107.54519 -101.76008 -53.78253       -96.78349 -81.24661  -0.62178 -107.54519 -101.76008 -53.78253      18.3356    *****
91    -96.03837 -80.27766  -1.28576 -107.00889 -101.35452 -55.11049       -96.03837 -80.27766  -1.28576 -107.00889 -101.35452 -55.11049      16.2983
92    -95.29325 -79.30870  -1.94975 -106.47260 -100.94897 -56.43846       -95.29325 -79.30870  -1.94975 -106.47260 -100.94897 -56.43846      14.261
93    -94.54813 -78.33974  -2.61373 -105.93631 -100.54341 -57.76642       -94.54813 -78.33974  -2.61373 -105.93631 -100.54341 -57.76642      12.2237
94    -93.80301 -77.37079  -3.27771 -105.40001 -100.13785 -59.09438       -93.80301 -77.37079  -3.27771 -105.40001 -100.13785 -59.09438      10.1864
95    -93.05789 -76.40183  -3.94169 -104.86372 -99.73230 -60.42235       -93.05789 -76.40183  -3.94169 -104.86372 -99.73230 -60.42235      8.14914
96    -92.31277 -75.43287  -4.60567 -104.32743 -99.32674 -61.75031       -92.31277 -75.43287  -4.60567 -104.32743 -99.32674 -61.75031      6.11185
97    -91.56765 -74.46392  -5.26966 -103.79113 -98.92118 -63.07828       -91.56765 -74.46392  -5.26966 -103.79113 -98.92118 -63.07828      4.07457
98    -90.82254 -73.49496  -5.93364 -103.25484 -98.51562 -64.40624       -90.82254 -73.49496  -5.93364 -103.25484 -98.51562 -64.40624      2.03728
99    -90.07742 -72.52600  -6.59762 -102.71854 -98.11007 -65.73420       -90.07742 -72.52600  -6.59762 -102.71854 -98.11007 -65.73420      0
