Fol_2018-02-06.14_29_12.54_.txt     Output is probe cell, reduced cell, NCDist distance between
0     20.59108  30.19080 -307.74672  66.13894 -231.87900 -290.02120       -52.74303 -32.15342 -18.62845 -64.17631 -62.34422 -126.11322      7.94411e-14
1     19.85033  29.56106 -304.82634  64.82262 -230.16653 -288.36556       -58.63537 -27.86255 -21.54884 -66.52113 -57.42361 -132.11917      11.289
2     19.10958  28.93132 -301.90595  63.50631 -228.45406 -286.70992       -64.52770 -23.57167 -24.46923 -68.86595 -52.50299 -138.12513      22.578
3     18.36883  28.30158 -298.98556  62.18999 -226.74159 -285.05429       -70.42004 -19.28080 -27.38961 -71.21077 -47.58238 -144.13108      33.8671
4     17.62808  27.67184 -296.06518  60.87367 -225.02911 -283.39865       -76.31238 -14.98992 -30.31000 -73.55559 -42.66176 -150.13704      45.1561
5     16.88734  27.04210 -293.14479  59.55736 -223.31664 -281.74301       -82.20472 -10.69905 -33.23039 -75.90041 -37.74115 -156.14299      56.4451
6     16.14659  26.41236 -290.22440  58.24104 -221.60417 -280.08738       -88.09706  -6.40818 -36.15077 -78.24523 -32.82054 -162.14895      67.7341
7     15.40584  25.78262 -287.30402  56.92473 -219.89170 -278.43174       -93.98940  -2.11730 -39.07116 -80.59005 -27.89992 -168.15490      79.0232
8     14.66509  25.15288 -284.38363  55.60841 -218.17922 -276.77611       -25.15288 -39.81797 -80.76129  -2.17357 -97.70816 -171.98728      86.0923
9     13.92434  24.52314 -281.46324  54.29210 -216.46675 -275.12047       -24.52314 -38.44748 -78.81524  -6.46445 -99.30962 -173.70236      89.2303
10     13.18359  23.89340 -278.54286  52.97578 -214.75428 -273.46483       -23.89340 -37.07700 -76.86918 -10.75532 -100.91109 -175.41744      92.5859
11     12.44284  23.26366 -275.62247  51.65946 -213.04181 -271.80920       -23.26366 -35.70651 -74.92313 -15.04620 -102.51255 -177.13252      96.1365
12     11.70210  22.63392 -272.70208  50.34315 -211.32933 -270.15356       -22.63392 -34.33602 -72.97707 -19.33707 -104.11401 -178.84760      98.0243
13     10.96135  22.00418 -269.78170  49.02683 -209.61686 -268.49793       -22.00418 -32.96553 -71.03102 -23.62795 -105.71548 -180.56268      97.105
14     10.22060  21.37444 -266.86131  47.71052 -207.90439 -266.84229       -21.37444 -31.59504 -69.08496 -27.91882 -107.31694 -182.27776      96.4881
15      9.47985  20.74470 -263.94092  46.39420 -206.19192 -265.18665       -20.74470 -30.22455 -67.13891 -32.20970 -108.91841 -183.99284      96.1795
16      8.73910  20.11497 -261.02054  45.07789 -204.47944 -263.53102       -20.11497 -28.85407 -65.19285 -36.50057 -110.51987 -185.70792      96.1821
17      7.99835  19.48523 -258.10015  43.76157 -202.76697 -261.87538       -19.48523 -27.48358 -63.24680 -40.79145 -112.12133 -187.42300      96.4959
18      7.25760  18.85549 -255.17976  42.44526 -201.05450 -260.21975       -18.85549 -26.11309 -61.30074 -45.08232 -113.72280 -189.13808      97.1178
19      6.51686  18.22575 -252.25938  41.12894 -199.34203 -258.56411       -18.22575 -24.74260 -59.35469 -49.37320 -115.32426 -190.85316      98.0421
20      5.77611  17.59601 -249.33899  39.81262 -197.62955 -256.90847       -17.59601 -23.37211 -57.40863 -53.66407 -116.92572 -192.56824      99.2602
21      5.03536  16.96627 -246.41860  38.49631 -195.91708 -255.25284       -16.96627 -22.00163 -55.46258 -57.95495 -118.52719 -194.28332      100.762
22      4.29461  16.33653 -243.49822  37.17999 -194.20461 -253.59720       -16.33653 -20.63114 -53.51652 -62.24582 -120.12865 -195.99840      102.534
23      3.55386  15.70679 -240.57783  35.86368 -192.49214 -251.94156       -15.70679 -19.26065 -51.57046 -66.53670 -121.73011 -197.71348      104.563
24      2.81311  15.07705 -237.65744  34.54736 -190.77966 -250.28593       -15.07705 -17.89016 -49.62441 -70.82757 -123.33158 -199.42856      106.834
25      2.07236  14.44731 -234.73706  33.23105 -189.06719 -248.63029       -14.44731 -16.51967 -47.67835 -75.11844 -124.93304 -201.14364      109.333
26      1.33162  13.81757 -231.81667  31.91473 -187.35472 -246.97466       -13.81757 -15.14918 -45.73230 -79.40932 -126.53451 -202.85872      112.044
27      0.59087  13.18783 -228.89629  30.59841 -185.64224 -245.31902       -13.18783 -13.77870 -43.78624 -83.70019 -128.13597 -204.57380      114.951
28     -0.14988  12.55809 -225.97590  29.28210 -183.92977 -243.66338       -12.55809 -12.40821 -41.84019 -87.99107 -129.73743 -206.28888      118.042
29     -0.89063  11.92835 -223.05551  27.96578 -182.21730 -242.00775       -11.92835 -11.03772 -39.89413 -92.28194 -131.33890 -208.00396      121.3
30     -1.63138  11.29861 -220.13513  26.64947 -180.50483 -240.35211       -11.29861  -9.66723 -37.94808 -96.57282 -132.94036 -209.71904      124.715
31     -2.37213  10.66887 -217.21474  25.33315 -178.79235 -238.69648       -10.66887  -8.29674 -36.00202 -100.86369 -134.54182 -211.43412      128.272
32     -3.11288  10.03913 -214.29435  24.01684 -177.07988 -237.04084       -10.03913  -6.92626 -34.05597 -105.15457 -136.14329 -213.14920      131.905
33     -3.85362   9.40939 -211.37397  22.70052 -175.36741 -235.38520        -9.40939  -5.55577 -32.10991 -109.44544 -137.74475 -214.86428      135.566
34     -4.59437   8.77965 -208.45358  21.38420 -173.65494 -233.72957        -8.77965  -4.18528 -30.16386 -113.73632 -139.34621 -216.57936      139.347
35     -5.33512   8.14991 -205.53319  20.06789 -171.94246 -232.07393        -8.14991  -2.81479 -28.21780 -118.02719 -140.94768 -218.29444      143.238
36     -6.07587   7.52017 -202.61281  18.75157 -170.22999 -230.41830        -7.52017  -1.44430 -26.27175 -122.31807 -142.54914 -220.00952      147.229
37     -6.81662   6.89043 -199.69242  17.43526 -168.51752 -228.76266        -6.89043  -0.07381 -24.32569 -126.60894 -144.15060 -221.72460      151.313
38     -7.55737   6.26069 -196.77203  16.11894 -166.80505 -227.10702        -4.96402 -129.60314  -1.29667 -21.08296 -222.14300 -147.04874      155.193
39     -8.29812   5.63095 -193.85165  14.80263 -165.09257 -225.45139        -2.96379 -132.52353  -2.66716 -17.76642 -222.48759 -150.02069      159.178
40     -9.03886   5.00121 -190.93126  13.48631 -163.38010 -223.79575        -0.96356 -135.44392  -4.03765 -14.44988 -222.83219 -152.99265      163.276
41     -9.77961   4.37147 -188.01087  12.17000 -161.66763 -222.14011        -1.03666 -154.92793  -4.37147 -12.17000 -222.14011 -137.32764      164.708
42    -10.52036   3.74173 -185.09049  10.85368 -159.95516 -220.48448        -3.03689 -155.89966  -3.74173 -10.85368 -220.48448 -138.24780      164.012
43    -11.26111   3.11200 -182.17010   9.53736 -158.24268 -218.82884        -5.03712 -156.87138  -3.11200  -9.53736 -218.82884 -139.16796      163.379
44    -12.00186   2.48226 -179.24971   8.22105 -156.53021 -217.17321        -7.03735 -157.84311  -2.48226  -8.22105 -217.17321 -140.08812      162.808
45    -12.74261   1.85252 -176.32933   6.90473 -154.81774 -215.51757        -9.03757 -158.81483  -1.85252  -6.90473 -215.51757 -141.00827      162.301
46    -13.48336   1.22278 -173.40894   5.58842 -153.10527 -213.86193       -11.03780 -159.78655  -1.22278  -5.58842 -213.86193 -141.92843      161.858
47    -14.22410   0.59304 -170.48855   4.27210 -151.39279 -212.20630       -13.03803 -160.75828  -0.59304  -4.27210 -212.20630 -142.84859      161.481
48    -14.96485  -0.03670 -167.56817   2.95579 -149.68032 -210.55066        -0.03670 -15.00155  -2.91908 -143.80545 -161.69330 -210.51396      161.157
49    -15.70560  -0.66644 -164.64778   1.63947 -147.96785 -208.89503        -0.66644 -16.37204  -0.97303 -145.35535 -162.03528 -208.22858      160.736
50    -16.44635  -1.29618 -161.72739   0.32315 -146.25538 -207.23939       -145.93222  -0.32315  -0.97303 -161.40424 -16.76950 -206.91624      160.19
51    -17.18710  -1.92592 -158.80701  -0.99316 -144.54290 -205.58375       -17.18710 -158.80701  -1.92592  -0.99316 -205.58375 -144.54290      157.365
52    -17.92785  -2.55566 -155.88662  -2.30948 -142.83043 -203.92812       -17.92785 -155.88662  -2.55566  -2.30948 -203.92812 -142.83043      153.711
53    -18.66859  -3.18540 -152.96623  -3.62579 -141.11796 -202.27248       -18.66859 -152.96623  -3.18540  -3.62579 -202.27248 -141.11796      150.081
54    -19.40934  -3.81514 -150.04585  -4.94211 -139.40549 -200.61684       -19.40934 -150.04585  -3.81514  -4.94211 -200.61684 -139.40549      146.475
55    -20.15009  -4.44488 -147.12546  -6.25842 -137.69301 -198.96121       -20.15009 -147.12546  -4.44488  -6.25842 -198.96121 -137.69301      142.897
56    -20.89084  -5.07462 -144.20508  -7.57474 -135.98054 -197.30557       -20.89084 -144.20508  -5.07462  -7.57474 -197.30557 -135.98054      139.348
57    -21.63159  -5.70436 -141.28469  -8.89106 -134.26807 -195.64994       -21.63159 -141.28469  -5.70436  -8.89106 -195.64994 -134.26807      135.831
58    -22.37234  -6.33410 -138.36430 -10.20737 -132.55560 -193.99430       -22.37234 -138.36430  -6.33410 -10.20737 -193.99430 -132.55560      132.348
59    -23.11309  -6.96384 -135.44392 -11.52369 -130.84312 -192.33866       -23.11309 -135.44392  -6.96384 -11.52369 -192.33866 -130.84312      128.901
60    -23.85383  -7.59358 -132.52353 -12.84000 -129.13065 -190.68303       -23.85383 -132.52353  -7.59358 -12.84000 -190.68303 -129.13065      125.495
61    -24.59458  -8.22332 -129.60314 -14.15632 -127.41818 -189.02739       -24.59458 -129.60314  -8.22332 -14.15632 -189.02739 -127.41818      122.131
62    -25.33533  -8.85306 -126.68276 -15.47263 -125.70571 -187.37176       -25.33533 -126.68276  -8.85306 -15.47263 -187.37176 -125.70571      118.815
63    -26.07608  -9.48280 -123.76237 -16.78895 -123.99323 -185.71612       -26.07608 -123.76237  -9.48280 -16.78895 -185.71612 -123.99323      115.55
64    -26.81683 -10.11254 -120.84198 -18.10526 -122.28076 -184.06048       -26.81683 -120.84198 -10.11254 -18.10526 -184.06048 -122.28076      112.339
65    -27.55758 -10.74228 -117.92160 -19.42158 -120.56829 -182.40485       -27.55758 -117.92160 -10.74228 -19.42158 -182.40485 -120.56829      109.189
66    -28.29833 -11.37202 -115.00121 -20.73790 -118.85582 -180.74921       -28.29833 -115.00121 -11.37202 -20.73790 -180.74921 -118.85582      106.105
67    -29.03907 -12.00176 -112.08082 -22.05421 -117.14334 -179.09358       -29.03907 -112.08082 -12.00176 -22.05421 -179.09358 -117.14334      103.092
68    -29.77982 -12.63150 -109.16044 -23.37053 -115.43087 -177.43794       -29.77982 -109.16044 -12.63150 -23.37053 -177.43794 -115.43087      100.157
69    -30.52057 -13.26123 -106.24005 -24.68684 -113.71840 -175.78230       -30.52057 -106.24005 -13.26123 -24.68684 -175.78230 -113.71840      97.3073
70    -31.26132 -13.89097 -103.31966 -26.00316 -112.00593 -174.12667       -31.26132 -103.31966 -13.89097 -26.00316 -174.12667 -112.00593      94.5501
71    -32.00207 -14.52071 -100.39928 -27.31947 -110.29345 -172.47103       -32.00207 -100.39928 -14.52071 -27.31947 -172.47103 -110.29345      91.8938
72    -32.74282 -15.15045 -97.47889 -28.63579 -108.58098 -170.81539       -32.74282 -97.47889 -15.15045 -28.63579 -170.81539 -108.58098      89.3476
73    -33.48357 -15.78019 -94.55850 -29.95211 -106.86851 -169.15976       -33.48357 -94.55850 -15.78019 -29.95211 -169.15976 -106.86851      86.9211
74    -34.22431 -16.40993 -91.63812 -31.26842 -105.15604 -167.50412       -34.22431 -91.63812 -16.40993 -31.26842 -167.50412 -105.15604      84.6246
75    -34.96506 -17.03967 -88.71773 -32.58474 -103.44356 -165.84849       -34.96506 -88.71773 -17.03967 -32.58474 -165.84849 -103.44356      82.4689
76    -35.70581 -17.66941 -85.79734 -33.90105 -101.73109 -164.19285       -35.70581 -85.79734 -17.66941 -33.90105 -164.19285 -101.73109      80.4654
77    -36.44656 -18.29915 -82.87696 -35.21737 -100.01862 -162.53721       -36.44656 -82.87696 -18.29915 -35.21737 -162.53721 -100.01862      78.6258
78    -37.18731 -18.92889 -79.95657 -36.53368 -98.30615 -160.88158       -37.18731 -18.92889 -79.95657 -36.53368 -98.30615 -160.88158      76.9617
79    -37.92806 -19.55863 -77.03618 -37.85000 -96.59367 -159.22594       -37.92806 -19.55863 -77.03618 -37.85000 -96.59367 -159.22594      75.4847
80    -38.66881 -20.18837 -74.11580 -39.16632 -94.88120 -157.57031       -38.66881 -20.18837 -74.11580 -39.16632 -94.88120 -157.57031      74.2061
81    -39.40955 -20.81811 -71.19541 -40.48263 -93.16873 -155.91467       -39.40955 -20.81811 -71.19541 -40.48263 -93.16873 -155.91467      73.1363
82    -40.15030 -21.44785 -68.27502 -41.79895 -91.45626 -154.25903       -40.15030 -21.44785 -68.27502 -41.79895 -91.45626 -154.25903      69.8456
83    -40.89105 -22.07759 -65.35464 -43.11526 -89.74378 -152.60340       -40.89105 -22.07759 -65.35464 -43.11526 -89.74378 -152.60340      65.7371
84    -41.63180 -22.70733 -62.43425 -44.43158 -88.03131 -150.94776       -41.63180 -22.70733 -62.43425 -44.43158 -88.03131 -150.94776      61.6285
85    -42.37255 -23.33707 -59.51387 -45.74789 -86.31884 -149.29213       -42.37255 -23.33707 -59.51387 -45.74789 -86.31884 -149.29213      57.5199
86    -43.11330 -23.96681 -56.59348 -47.06421 -84.60637 -147.63649       -43.11330 -23.96681 -56.59348 -47.06421 -84.60637 -147.63649      53.4114
87    -43.85405 -24.59655 -53.67309 -48.38052 -82.89389 -145.98085       -43.85405 -24.59655 -53.67309 -48.38052 -82.89389 -145.98085      49.3028
88    -44.59479 -25.22629 -50.75271 -49.69684 -81.18142 -144.32522       -44.59479 -25.22629 -50.75271 -49.69684 -81.18142 -144.32522      45.1942
89    -45.33554 -25.85603 -47.83232 -51.01316 -79.46895 -142.66958       -45.33554 -25.85603 -47.83232 -51.01316 -79.46895 -142.66958      41.0857
90    -46.07629 -26.48577 -44.91193 -52.32947 -77.75648 -141.01394       -46.07629 -26.48577 -44.91193 -52.32947 -77.75648 -141.01394      36.9771
91    -46.81704 -27.11551 -41.99155 -53.64579 -76.04400 -139.35831       -46.81704 -27.11551 -41.99155 -53.64579 -76.04400 -139.35831      32.8685
92    -47.55779 -27.74525 -39.07116 -54.96210 -74.33153 -137.70267       -47.55779 -27.74525 -39.07116 -54.96210 -74.33153 -137.70267      28.76
93    -48.29854 -28.37499 -36.15077 -56.27842 -72.61906 -136.04704       -48.29854 -28.37499 -36.15077 -56.27842 -72.61906 -136.04704      24.6514
94    -49.03929 -29.00473 -33.23039 -57.59473 -70.90658 -134.39140       -49.03929 -29.00473 -33.23039 -57.59473 -70.90658 -134.39140      20.5428
95    -49.78003 -29.63446 -30.31000 -58.91105 -69.19411 -132.73576       -49.78003 -29.63446 -30.31000 -58.91105 -69.19411 -132.73576      16.4343
96    -50.52078 -30.26420 -27.38961 -60.22737 -67.48164 -131.08013       -50.52078 -30.26420 -27.38961 -60.22737 -67.48164 -131.08013      12.3257
97    -51.26153 -30.89394 -24.46923 -61.54368 -65.76917 -129.42449       -51.26153 -30.89394 -24.46923 -61.54368 -65.76917 -129.42449      8.21713
98    -52.00228 -31.52368 -21.54884 -62.86000 -64.05669 -127.76886       -52.00228 -31.52368 -21.54884 -62.86000 -64.05669 -127.76886      4.10857
99    -52.74303 -32.15342 -18.62845 -64.17631 -62.34422 -126.11322       -52.74303 -32.15342 -18.62845 -64.17631 -62.34422 -126.11322      0
