Fol_2018-02-13.10_30_28.44_.txt     Output is probe cell, reduced cell, NCDist distance between
0    -1499.56359 -234.45606 -522.96666 488.22046 -2685.81678 -5455.71085       -1724.81371 -219.01821 -15.43785 -34.74620 -1953.03786 -5002.23659      1.26596e-12
1    -1466.83819 -231.58091 -517.52823 479.90688 -2713.72751 -5487.14478       -1909.12372 -37.62135 -20.87628 -210.70462 -1774.79003 -5044.85925      79.6852
2    -1434.11278 -228.70575 -512.08980 471.59330 -2741.63824 -5518.57871       -1865.20958 -40.49650 -26.31471 -202.39104 -1824.76635 -5087.48192      159.37
3    -1401.38738 -225.83060 -506.65137 463.27972 -2769.54897 -5550.01264       -1821.29544 -43.37166 -31.75314 -194.07746 -1874.74267 -5130.10458      186.313
4    -1368.66197 -222.95545 -501.21295 454.96614 -2797.45970 -5581.44657       -1777.38130 -46.24681 -37.19157 -185.76388 -1924.71899 -5172.72725      191.417
5    -1335.93657 -220.08030 -495.77452 446.65255 -2825.37042 -5612.88050       -1733.46716 -49.12196 -42.63000 -177.45030 -1974.69531 -5215.34991      226.424    *****
6    -1303.21116 -217.20514 -490.33609 438.33897 -2853.28115 -5644.31443       -1689.55302 -51.99711 -48.06843 -169.13671 -2024.67164 -5257.97258      280.347
7    -1270.48576 -214.32999 -484.89766 430.02539 -2881.19188 -5675.74836       -1645.63888 -54.87227 -53.50686 -160.82313 -2074.64796 -5300.59524      344.413
8    -1237.76035 -211.45484 -479.45923 421.71181 -2909.10261 -5707.18229       -1601.72474 -57.74742 -58.94529 -152.50955 -2124.62428 -5343.21791      413.94
9    -1205.03494 -208.57968 -474.02080 413.39823 -2937.01333 -5738.61622       -1557.81060 -60.62257 -64.38372 -144.19597 -2174.60060 -5385.84057      486.592
10    -1172.30954 -205.70453 -468.58237 405.08464 -2964.92406 -5770.05015       -1513.89646 -63.49773 -69.82215 -135.88239 -2224.57692 -5428.46324      561.156
11    -1139.58413 -202.82938 -463.14394 396.77106 -2992.83479 -5801.48408       -1469.98232 -66.37288 -75.26058 -127.56880 -2274.55324 -5471.08590      636.962
12    -1106.85873 -199.95423 -457.70551 388.45748 -3020.74552 -5832.91802       -1426.06818 -69.24803 -80.69901 -119.25522 -2324.52956 -5513.70857      713.613
13    -1074.13332 -197.07907 -452.26708 380.14390 -3048.65624 -5864.35195       -1382.15404 -72.12318 -86.13743 -110.94164 -2374.50589 -5556.33123      790.865
14    -1041.40792 -194.20392 -446.82865 371.83032 -3076.56697 -5895.78588       -1338.23990 -74.99834 -91.57586 -102.62806 -2424.48221 -5598.95390      868.556
15    -1008.68251 -191.32877 -441.39022 363.51673 -3104.47770 -5927.21981       -1294.32576 -77.87349 -97.01429 -94.31448 -2474.45853 -5641.57656      946.579
16    -975.95711 -188.45362 -435.95179 355.20315 -3132.38843 -5958.65374       -1250.41162 -80.74864 -102.45272 -86.00089 -2524.43485 -5684.19923      1022.71
17    -943.23170 -185.57846 -430.51336 346.88957 -3160.29916 -5990.08767       -1206.49747 -83.62379 -107.89115 -77.68731 -2574.41117 -5726.82189      1099.32
18    -910.50629 -182.70331 -425.07493 338.57599 -3188.20988 -6021.52160       -1162.58333 -86.49895 -113.32958 -69.37373 -2624.38749 -5769.44456      1175.79
19    -877.78089 -179.82816 -419.63650 330.26240 -3216.12061 -6052.95553       -1118.66919 -89.37410 -118.76801 -61.06015 -2674.36381 -5812.06722      1252.3
20    -845.05548 -176.95301 -414.19807 321.94882 -3244.03134 -6084.38946       -1074.75505 -92.24925 -124.20644 -52.74657 -2724.34013 -5854.68989      1329.17
21    -812.33008 -174.07785 -408.75964 313.63524 -3271.94207 -6115.82339       -1030.84091 -95.12440 -129.64487 -44.43298 -2774.31646 -5897.31255      1406.37
22    -779.60467 -171.20270 -403.32122 305.32166 -3299.85279 -6147.25732       -986.92677 -97.99956 -135.08330 -36.11940 -2824.29278 -5939.93522      1483.82
23    -746.87927 -168.32755 -397.88279 297.00808 -3327.76352 -6178.69125       -943.01263 -100.87471 -140.52173 -27.80582 -2874.26910 -5982.55788      1561.5
24    -714.15386 -165.45240 -392.44436 288.69449 -3355.67425 -6210.12518       -899.09849 -103.74986 -145.96016 -19.49224 -2924.24542 -6025.18055      1639.37
25    -681.42845 -162.57724 -387.00593 280.38091 -3383.58498 -6241.55911       -855.18435 -106.62501 -151.39859 -11.17866 -2974.22174 -6067.80321      1717.41
26    -648.70305 -159.70209 -381.56750 272.06733 -3411.49571 -6272.99304       -811.27021 -109.50017 -156.83702  -2.86507 -3024.19806 -6110.42588      1795.59
27    -615.97764 -156.82694 -376.12907 263.75375 -3439.40643 -6304.42697       -772.80458 -156.82694 -106.92681  -5.44851 -3068.72587 -6147.60003      1864.41
28    -583.25224 -153.95178 -370.69064 255.44017 -3467.31716 -6335.86090       -737.20402 -153.95178 -101.48838 -13.76209 -3110.38861 -6181.90912      1928.35
29    -550.52683 -151.07663 -365.25221 247.12658 -3495.22789 -6367.29483       -701.60346 -151.07663 -96.04995 -22.07567 -3152.05135 -6216.21820      1992.39
30    -517.80143 -148.20148 -359.81378 238.81300 -3523.13862 -6398.72876       -666.00291 -148.20148 -90.61152 -30.38926 -3193.71409 -6250.52728      2056.52
31    -485.07602 -145.32633 -354.37535 230.49942 -3551.04934 -6430.16269       -630.40235 -145.32633 -85.17309 -38.70284 -3235.37683 -6284.83636      2120.73
32    -452.35062 -142.45117 -348.93692 222.18584 -3578.96007 -6461.59662       -594.80179 -142.45117 -79.73466 -47.01642 -3277.03957 -6319.14545      2185.02
33    -419.62521 -139.57602 -343.49849 213.87226 -3606.87080 -6493.03055       -559.20123 -139.57602 -74.29623 -55.33000 -3318.70231 -6353.45453      2249.37
34    -386.89980 -136.70087 -338.06006 205.55867 -3634.78153 -6524.46448       -523.60067 -136.70087 -68.85780 -63.64358 -3360.36505 -6387.76361      2313.79
35    -354.17440 -133.82572 -332.62163 197.24509 -3662.69226 -6555.89841       -488.00012 -133.82572 -63.41938 -71.95717 -3402.02779 -6422.07270      2378.27
36    -321.44899 -130.95056 -327.18320 188.93151 -3690.60298 -6587.33234       -452.39956 -130.95056 -57.98095 -80.27075 -3443.69053 -6456.38178      2442.8
37    -288.72359 -128.07541 -321.74477 180.61793 -3718.51371 -6618.76627       -416.79900 -128.07541 -52.54252 -88.58433 -3485.35327 -6490.69086      2507.38
38    -255.99818 -125.20026 -316.30634 172.30435 -3746.42444 -6650.20020       -381.19844 -125.20026 -47.10409 -96.89791 -3527.01601 -6524.99995      2572
39    -223.27278 -122.32511 -310.86791 163.99076 -3774.33517 -6681.63413       -345.59788 -122.32511 -41.66566 -105.21149 -3568.67875 -6559.30903      2636.67
40    -190.54737 -119.44995 -305.42949 155.67718 -3802.24589 -6713.06807       -309.99732 -119.44995 -36.22723 -113.52508 -3610.34148 -6593.61811      2701.37
41    -157.82196 -116.57480 -299.99106 147.36360 -3830.15662 -6744.50200       -274.39677 -116.57480 -30.78880 -121.83866 -3652.00422 -6627.92719      2766.11
42    -125.09656 -113.69965 -294.55263 139.05002 -3858.06735 -6775.93593       -238.79621 -113.69965 -25.35037 -130.15224 -3693.66696 -6662.23628      2830.09
43    -92.37115 -110.82450 -289.11420 130.73644 -3885.97808 -6807.36986       -203.19565 -110.82450 -19.91194 -138.46582 -3735.32970 -6696.54536      2894.15
44    -59.64575 -107.94934 -283.67577 122.42285 -3913.88881 -6838.80379       -167.59509 -107.94934 -14.47351 -146.77940 -3776.99244 -6730.85444      2958.26
45    -26.92034 -105.07419 -278.23734 114.10927 -3941.79953 -6870.23772       -131.99453 -105.07419  -9.03508 -155.09299 -3818.65518 -6765.16353      3022.44
46      5.80506 -102.19904 -272.79891 105.79569 -3969.71026 -6901.67165       -96.39397 -102.19904  -3.59665 -163.40657 -3860.31792 -6799.47261      3086.67
47     38.53047 -99.32389 -267.36048  97.48211 -3997.62099 -6933.10558       -58.95164 -169.87837  -1.84178 -97.48211 -3900.13888 -6835.62347      3151.85
48     71.25587 -96.44873 -261.92205  89.16853 -4025.53172 -6964.53951       -17.91265 -172.75352  -7.28021 -89.16853 -3936.36319 -6875.37098      3218.83
49    103.98128 -93.57358 -256.48362  80.85494 -4053.44244 -6995.97344       -10.40770 -93.57358 -12.71864 -162.91004 -3939.05346 -6881.58446      3228.44
50    136.70669 -90.69843 -251.04519  72.54136 -4081.35317 -7027.40737       -46.00826 -90.69843 -18.15707 -160.34676 -3898.63823 -6844.69243      3163.24
51    169.43209 -87.82327 -245.60676  64.22778 -4109.26390 -7058.84130       -81.60882 -87.82327 -23.59550 -157.78349 -3858.22299 -6807.80039      3098.06
52    202.15750 -84.94812 -240.16833  55.91420 -4137.17463 -7090.27523       -117.20937 -84.94812 -29.03393 -155.22021 -3817.80776 -6770.90836      3032.91
53    234.88290 -82.07297 -234.72990  47.60061 -4165.08535 -7121.70916       -152.80993 -82.07297 -34.47235 -152.65693 -3777.39252 -6734.01632      2967.77
54    267.60831 -79.19782 -229.29147  39.28703 -4192.99608 -7153.14309       -188.41049 -79.19782 -39.91078 -150.09366 -3736.97728 -6697.12429      2902.66
55    300.33371 -76.32266 -223.85304  30.97345 -4220.90681 -7184.57702       -224.01105 -76.32266 -45.34921 -147.53038 -3696.56205 -6660.23226      2837.56
56    333.05912 -73.44751 -218.41461  22.65987 -4248.81754 -7216.01095       -259.61161 -73.44751 -50.78764 -144.96710 -3656.14681 -6623.34022      2772.5
57    365.78452 -70.57236 -212.97618  14.34629 -4276.72827 -7247.44488       -295.21217 -70.57236 -56.22607 -142.40383 -3615.73158 -6586.44819      2707.46
58    398.50993 -67.69721 -207.53776   6.03270 -4304.63899 -7278.87881       -330.81272 -67.69721 -61.66450 -139.84055 -3575.31634 -6549.55616      2642.45
59    431.23534 -64.82205 -202.09933  -2.28088 -4332.54972 -7310.31274       -366.41328 -64.82205 -67.10293 -137.27727 -3534.90110 -6512.66412      2577.47
60    463.96074 -61.94690 -196.66090 -10.59446 -4360.46045 -7341.74667       -402.01384 -61.94690 -72.54136 -134.71400 -3494.48587 -6475.77209      2512.52
61    496.68615 -59.07175 -191.22247 -18.90804 -4388.37118 -7373.18060       -437.61440 -59.07175 -77.97979 -132.15072 -3454.07063 -6438.88006      2447.61
62    529.41155 -56.19660 -185.78404 -27.22162 -4416.28190 -7404.61453       -473.21496 -56.19660 -83.41822 -129.58744 -3413.65540 -6401.98802      2382.74
63    562.13696 -53.32144 -180.34561 -35.53521 -4444.19263 -7436.04846       -508.81551 -53.32144 -88.85665 -127.02416 -3373.24016 -6365.09599      2317.91
64    594.86236 -50.44629 -174.90718 -43.84879 -4472.10336 -7467.48239       -544.41607 -50.44629 -94.29508 -124.46089 -3332.82492 -6328.20396      2253.12
65    627.58777 -47.57114 -169.46875 -52.16237 -4500.01409 -7498.91632       -580.01663 -47.57114 -99.73351 -121.89761 -3292.40969 -6291.31192      2188.39
66    660.31318 -44.69599 -164.03032 -60.47595 -4527.92482 -7530.35025       -615.61719 -44.69599 -105.17194 -119.33433 -3251.99445 -6254.41989      2123.71
67    693.03858 -41.82083 -158.59189 -68.78953 -4555.83554 -7561.78418       -651.21775 -41.82083 -110.61037 -116.77106 -3211.57921 -6217.52786      2059.09
68    725.76399 -38.94568 -153.15346 -77.10312 -4583.74627 -7593.21811       -686.81831 -38.94568 -116.04880 -114.20778 -3171.16398 -6180.63582      1994.54
69    758.48939 -36.07053 -147.71503 -85.41670 -4611.65700 -7624.65205       -722.41886 -36.07053 -121.48723 -111.64450 -3130.74874 -6143.74379      1930.06
70    791.21480 -33.19538 -142.27660 -93.73028 -4639.56773 -7656.08598       -758.01942 -33.19538 -126.92566 -109.08123 -3090.33351 -6106.85176      1864.88
71    823.94020 -30.32022 -136.83817 -102.04386 -4667.47845 -7687.51991       -793.61998 -30.32022 -132.36408 -106.51795 -3049.91827 -6069.95972      1799.44
72    856.66561 -27.44507 -131.39974 -110.35744 -4695.38918 -7718.95384       -829.22054 -27.44507 -137.80251 -103.95467 -3009.50303 -6033.06769      1734.01
73    889.39101 -24.56992 -125.96131 -118.67103 -4723.29991 -7750.38777       -864.82110 -24.56992 -143.24094 -101.39140 -2969.08780 -5996.17566      1668.6
74    922.11642 -21.69476 -120.52288 -126.98461 -4751.21064 -7781.82170       -900.42166 -21.69476 -148.67937 -98.82812 -2928.67256 -5959.28362      1603.2
75    954.84183 -18.81961 -115.08445 -135.29819 -4779.12137 -7813.25563       -936.02221 -18.81961 -154.11780 -96.26484 -2888.25733 -5922.39159      1537.82
76    987.56723 -15.94446 -109.64603 -143.61177 -4807.03209 -7844.68956       -971.62277 -15.94446 -159.55623 -93.70157 -2847.84209 -5885.49955      1472.47
77    1020.29264 -13.06931 -104.20760 -151.92535 -4834.94282 -7876.12349       -1007.22333 -13.06931 -164.99466 -91.13829 -2807.42685 -5848.60752      1407.14
78    1053.01804 -10.19415 -98.76917 -160.23894 -4862.85355 -7907.55742       -1042.82389 -10.19415 -170.43309 -88.57501 -2767.01162 -5811.71549      1341.83
79    1085.74345  -7.31900 -93.33074 -168.55252 -4890.76428 -7938.99135       -1078.42445  -7.31900 -175.87152 -86.01174 -2726.59638 -5774.82345      1276.56
80    1118.46885  -4.44385 -87.89231 -176.86610 -4918.67500 -7970.42528       -1114.02500  -4.44385 -181.30995 -83.44846 -2686.18115 -5737.93142      1211.33
81    1151.19426  -1.56870 -82.45388 -185.17968 -4946.58573 -8001.85921       -1149.62556  -1.56870 -186.74838 -80.88518 -2645.76591 -5701.03939      1146.14
82    1183.91966   1.30646 -77.01545 -193.49326 -4974.49646 -8033.29314       -1183.91966  -1.30646 -77.01545 -190.88035 -2606.65713 -5662.84090      1080.11
83    1216.64507   4.18161 -71.57702 -201.80685 -5002.40719 -8064.72707       -1216.64507  -4.18161 -71.57702 -193.44363 -2569.11705 -5623.07371      1016.06
84    1249.37048   7.05676 -66.13859 -210.12043 -5030.31791 -8096.16100       -1249.37048  -7.05676 -66.13859 -196.00691 -2531.57696 -5583.30653      952.023
85    1282.09588   9.93191 -60.70016 -218.43401 -5058.22864 -8127.59493       -1282.09588  -9.93191 -60.70016 -198.57018 -2494.03688 -5543.53934      887.986
86    1314.82129  12.80707 -55.26173 -226.74759 -5086.13937 -8159.02886       -1314.82129 -12.80707 -55.26173 -201.13346 -2456.49680 -5503.77215      823.955
87    1347.54669  15.68222 -49.82330 -235.06118 -5114.05010 -8190.46279       -1347.54669 -15.68222 -49.82330 -203.69674 -2418.95671 -5464.00497      759.933
88    1380.27210  18.55737 -44.38487 -243.37476 -5141.96083 -8221.89672       -1380.27210 -18.55737 -44.38487 -206.26001 -2381.41663 -5424.23778      695.921
89    1412.99750  21.43252 -38.94644 -251.68834 -5169.87155 -8253.33065       -1412.99750 -21.43252 -38.94644 -208.82329 -2343.87655 -5384.47060      631.922
90    1445.72291  24.30768 -33.50801 -260.00192 -5197.78228 -8284.76458       -1445.72291 -24.30768 -33.50801 -211.38657 -2306.33646 -5344.70341      567.942
91    1478.44832  27.18283 -28.06958 -268.31550 -5225.69301 -8316.19851       -1478.44832 -27.18283 -28.06958 -213.94984 -2268.79638 -5304.93622      503.986
92    1511.17372  30.05798 -22.63115 -276.62909 -5253.60374 -8347.63244       -1511.17372 -30.05798 -22.63115 -216.51312 -2231.25630 -5265.16904      440.066
93    1543.89913  32.93314 -17.19272 -284.94267 -5281.51446 -8379.06637       -1543.89913 -32.93314 -17.19272 -219.07640 -2193.71621 -5225.40185      376.201
94    1576.62453  35.80829 -11.75430 -293.25625 -5309.42519 -8410.50030       -1576.62453 -35.80829 -11.75430 -221.63967 -2156.17613 -5185.63466      312.422
95    1609.34994  38.68344  -6.31587 -301.56983 -5337.33592 -8441.93423       -1609.34994 -38.68344  -6.31587 -224.20295 -2118.63605 -5145.86748      248.797
96    1642.07534  41.55859  -0.87744 -309.88341 -5365.24665 -8473.36816       -1642.07534 -41.55859  -0.87744 -226.76623 -2081.09596 -5106.10029      185.485
97    1674.80075  44.43375   4.56099 -318.19700 -5393.15738 -8504.80210       -1670.23976 -224.76851  -4.56099 -39.87275 -2038.99489 -5070.89410      123.525
98    1707.52615  47.30890   9.99942 -326.51058 -5421.06810 -8536.23603       -1697.52673 -221.89336  -9.99942 -37.30948 -1996.01637 -5036.56534      61.7625
99    1740.25156  50.18405  15.43785 -334.82416 -5448.97883 -8567.66996       -1724.81371 -219.01821 -15.43785 -34.74620 -1953.03786 -5002.23659      1.73163e-12
