Fol_2018-02-06.15_18_24.0_.txt     Output is probe cell, reduced cell, NCDist distance between
0    -132.53023  67.56863 -116.47464 -117.61741  83.94579 -129.57153       -33.67162 -45.62574 -16.37716 -32.52886 -48.58444 -83.94579      3.09718e-14
1    -131.53166  66.42525 -115.46356 -116.75793  82.60710 -129.11066       -34.15083 -46.50357 -16.18185 -32.85646 -48.92456 -82.60710      1.74741
2    -130.53309  65.28187 -114.45247 -115.89845  81.26841 -128.64980       -34.63004 -47.38139 -15.98654 -33.18406 -49.26468 -81.26841      3.49483
3    -129.53452  64.13849 -113.44139 -115.03897  79.92972 -128.18893       -49.60480 -33.51167 -15.79123 -48.25921 -35.10925 -79.92972      5.24224
4    -128.53594  62.99512 -112.43030 -114.17949  78.59103 -127.72807       -49.94491 -33.83927 -15.59591 -49.13704 -35.58846 -78.59103      6.98965
5    -127.53737  61.85174 -111.41922 -113.32001  77.25234 -127.26720       -50.28503 -34.16687 -15.40060 -50.01486 -36.06767 -77.25234      8.73707
6    -126.53880  60.70836 -110.40813 -112.46053  75.91365 -126.80633       -50.62515 -34.49448 -15.20529 -50.89268 -36.54688 -75.91365      10.4845
7    -125.54023  59.56498 -109.39704 -111.60105  74.57496 -126.34547       -50.96527 -34.82208 -15.00998 -51.77051 -37.02609 -74.57496      12.2319
8    -124.54166  58.42161 -108.38596 -110.74157  73.23627 -125.88460       -51.30538 -35.14969 -14.81467 -52.64833 -37.50529 -73.23627      13.8873
9    -123.54309  57.27823 -107.37487 -109.88209  71.89758 -125.42374       -51.64550 -35.47729 -14.61935 -53.52615 -37.98450 -71.89758      15.5541
10    -122.54451  56.13485 -106.36379 -109.02261  70.55890 -124.96287       -51.98562 -35.80489 -14.42404 -54.40397 -38.46371 -70.55890      17.2369
11    -121.54594  54.99147 -105.35270 -108.16313  69.22021 -124.50200       -36.13250 -52.32574 -14.22873 -38.94292 -55.28180 -69.22021      18.9314
12    -120.54737  53.84810 -104.34162 -107.30365  67.88152 -124.04114       -36.46010 -52.66585 -14.03342 -39.42213 -56.15962 -67.88152      20.6348
13    -119.54880  52.70472 -103.33053 -106.44417  66.54283 -123.58027       -36.78770 -53.00597 -13.83811 -39.90134 -57.03744 -66.54283      22.3449
14    -118.55023  51.56134 -102.31944 -105.58469  65.20414 -123.11941       -37.11531 -53.34609 -13.64280 -40.38055 -57.91527 -65.20414      24.0604
15    -117.55166  50.41796 -101.30836 -104.72521  63.86545 -122.65854       -37.44291 -53.68621 -13.44748 -40.85976 -58.79309 -63.86545      25.7802
16    -116.55308  49.27459 -100.29727 -103.86573  62.52676 -122.19767       -37.77051 -54.02632 -13.25217 -41.33897 -59.67091 -62.52676      27.5034
17    -115.55451  48.13121 -99.28619 -103.00624  61.18807 -121.73681       -38.09812 -54.36644 -13.05686 -41.81817 -60.54874 -61.18807      29.2296
18    -114.55594  46.98783 -98.27510 -102.14676  59.84938 -121.27594       -38.42572 -54.70656 -12.86155 -42.29738 -61.42656 -59.84938      30.9581
19    -113.55737  45.84445 -97.26402 -101.28728  58.51069 -120.81507       -38.75332 -55.04668 -12.66624 -42.77659 -62.30438 -58.51069      32.6886
20    -112.55880  44.70108 -96.25293 -100.42780  57.17200 -120.35421       -39.08093 -55.38679 -12.47093 -43.25580 -63.18221 -57.17200      34.4208
21    -111.56022  43.55770 -95.24184 -99.56832  55.83331 -119.89334       -39.40853 -55.72691 -12.27561 -43.73501 -64.06003 -55.83331      36.1545
22    -110.56165  42.41432 -94.23076 -98.70884  54.49462 -119.43248       -39.73613 -56.06703 -12.08030 -44.21422 -64.93785 -54.49462      37.8895
23    -109.56308  41.27094 -93.21967 -97.84936  53.15594 -118.97161       -40.06374 -56.40715 -11.88499 -44.69343 -65.81568 -53.15594      39.6256
24    -108.56451  40.12757 -92.20859 -96.98988  51.81725 -118.51074       -40.39134 -56.74726 -11.68968 -45.17264 -66.69350 -51.81725      41.3626
25    -107.56594  38.98419 -91.19750 -96.13040  50.47856 -118.04988       -40.71895 -57.08738 -11.49437 -45.65185 -67.57132 -50.47856      43.1004
26    -106.56737  37.84081 -90.18642 -95.27092  49.13987 -117.58901       -41.04655 -57.42750 -11.29906 -46.13105 -68.44914 -49.13987      44.839
27    -105.56879  36.69743 -89.17533 -94.41144  47.80118 -117.12815       -41.37415 -57.76761 -11.10374 -46.61026 -69.32697 -47.80118      46.5783
28    -104.57022  35.55406 -88.16424 -93.55196  46.46249 -116.66728       -41.70176 -58.10773 -10.90843 -47.08947 -70.20479 -46.46249      48.3181
29    -103.57165  34.41068 -87.15316 -92.69248  45.12380 -116.20641       -42.02936 -58.44785 -10.71312 -47.56868 -71.08261 -45.12380      50.0585
30    -102.57308  33.26730 -86.14207 -91.83300  43.78511 -115.74555       -42.35696 -58.78797 -10.51781 -48.04789 -71.96044 -43.78511      50.7321
31    -101.57451  32.12392 -85.13099 -90.97352  42.44642 -115.28468       -42.68457 -59.12808 -10.32250 -48.52710 -72.83826 -42.44642      50.6396
32    -100.57593  30.98055 -84.11990 -90.11404  41.10773 -114.82382       -43.01217 -59.46820 -10.12718 -49.00631 -73.71608 -41.10773      50.6073
33    -99.57736  29.83717 -83.10882 -89.25456  39.76904 -114.36295       -43.33977 -59.80832  -9.93187 -49.48552 -74.59391 -39.76904      50.6353
34    -98.57879  28.69379 -82.09773 -88.39508  38.43035 -113.90208       -43.66738 -60.14844  -9.73656 -49.96473 -75.47173 -38.43035      50.7235
35    -97.58022  27.55041 -81.08664 -87.53560  37.09166 -113.44122       -43.99498 -60.48855  -9.54125 -50.44393 -76.34955 -37.09166      50.8716
36    -96.58165  26.40704 -80.07556 -86.67612  35.75298 -112.98035       -44.32258 -60.82867  -9.34594 -50.92314 -77.22738 -35.75298      51.0791
37    -95.58308  25.26366 -79.06447 -85.81664  34.41429 -112.51949       -44.65019 -61.16879  -9.15063 -51.40235 -78.10520 -34.41429      51.3453
38    -94.58450  24.12028 -78.05339 -84.95716  33.07560 -112.05862       -44.97779 -61.50891  -8.95531 -51.88156 -78.98302 -33.07560      51.6693
39    -93.58593  22.97690 -77.04230 -84.09768  31.73691 -111.59775       -45.30539 -61.84902  -8.76000 -52.36077 -79.86085 -31.73691      52.0499
40    -92.58736  21.83353 -76.03122 -83.23820  30.39822 -111.13689       -45.63300 -62.18914  -8.56469 -52.83998 -80.73867 -30.39822      52.486
41    -91.58879  20.69015 -75.02013 -82.37872  29.05953 -110.67602       -45.96060 -62.52926  -8.36938 -53.31919 -81.61649 -29.05953      52.9761
42    -90.59022  19.54677 -74.00905 -81.51924  27.72084 -110.21515       -46.28820  -8.17407 -62.86938 -53.79840 -27.72084 -82.49431      53.5188
43    -89.59164  18.40340 -72.99796 -80.65976  26.38215 -109.75429       -46.61581  -7.97876 -63.20949 -54.27761 -26.38215 -83.37214      54.0823
44    -88.59307  17.26002 -71.98687 -79.80028  25.04346 -109.29342       -46.94341  -7.78344 -63.54961 -54.75681 -25.04346 -84.24996      54.6937
45    -87.59450  16.11664 -70.97579 -78.94080  23.70477 -108.83256       -47.27102  -7.58813 -63.88973 -55.23602 -23.70477 -85.12778      55.3535
46    -86.59593  14.97326 -69.96470 -78.08131  22.36608 -108.37169       -47.59862  -7.39282 -64.22985 -55.71523 -22.36608 -86.00561      56.06
47    -85.59736  13.82989 -68.95362 -77.22183  21.02739 -107.91082       -47.92622  -7.19751 -64.56996 -56.19444 -21.02739 -86.88343      56.8115
48    -84.59879  12.68651 -67.94253 -76.36235  19.68870 -107.44996       -48.25383  -7.00220 -64.91008 -56.67365 -19.68870 -87.76125      57.6062
49    -83.60021  11.54313 -66.93145 -75.50287  18.35002 -106.98909       -48.58143  -6.80689 -65.25020 -57.15286 -18.35002 -88.63908      58.4423
50    -82.60164  10.39975 -65.92036 -74.64339  17.01133 -106.52823       -48.90903  -6.61157 -65.59032 -57.63207 -17.01133 -89.51690      59.3182
51    -81.60307   9.25638 -64.90927 -73.78391  15.67264 -106.06736       -49.23664  -6.41626 -65.93043 -58.11128 -15.67264 -90.39472      60.2321
52    -80.60450   8.11300 -63.89819 -72.92443  14.33395 -105.60649        -6.22095 -49.56424 -66.27055 -14.33395 -58.59048 -91.27255      61.1822
53    -79.60593   6.96962 -62.88710 -72.06495  12.99526 -105.14563        -6.02564 -49.89184 -66.61067 -12.99526 -59.06969 -92.15037      62.1669
54    -78.60735   5.82624 -61.87602 -71.20547  11.65657 -104.68476        -5.83033 -50.21945 -66.95078 -11.65657 -59.54890 -93.02819      63.1846
55    -77.60878   4.68287 -60.86493 -70.34599  10.31788 -104.22390        -5.63502 -50.54705 -67.29090 -10.31788 -60.02811 -93.90602      64.2337
56    -76.61021   3.53949 -59.85385 -69.48651   8.97919 -103.76303        -5.43970 -50.87465 -67.63102  -8.97919 -60.50732 -94.78384      65.3128
57    -75.61164   2.39611 -58.84276 -68.62703   7.64050 -103.30216        -5.24439 -51.20226 -67.97114  -7.64050 -60.98653 -95.66166      66.4202
58    -74.61307   1.25273 -57.83167 -67.76755   6.30181 -102.84130        -5.04908 -51.52986 -68.31125  -6.30181 -61.46574 -96.53948      66.2373
59    -73.61450   0.10936 -56.82059 -66.90807   4.96312 -102.38043        -4.85377 -51.85746 -68.65137  -4.96312 -61.94495 -97.41731      66.09
60    -72.61592  -1.03402 -55.80950 -66.04859   3.62443 -101.91956        -4.65846 -52.18507 -68.99149  -3.62443 -62.42416 -98.29513      65.9886
61    -71.61735  -2.17740 -54.79842 -65.18911   2.28575 -101.45870        -4.46314 -52.51267 -69.33161  -2.28575 -62.90336 -99.17295      65.9334
62    -70.61878  -3.32078 -53.78733 -64.32963   0.94706 -100.99783        -4.26783 -52.84028 -69.67172  -0.94706 -63.38257 -100.05078      65.9245
63    -69.62021  -4.46415 -52.77625 -63.47015  -0.39163 -100.53697        -0.39163 -63.47015 -52.77625  -4.46415 -69.62021 -100.53697      65.2401
64    -68.62164  -5.60753 -51.76516 -62.61067  -1.73032 -100.07610        -1.73032 -62.61067 -51.76516  -5.60753 -68.62164 -100.07610      62.829    *****
65    -67.62306  -6.75091 -50.75407 -61.75119  -3.06901 -99.61523        -3.06901 -61.75119 -50.75407  -6.75091 -67.62306 -99.61523      60.4221
66    -66.62449  -7.89429 -49.74299 -60.89171  -4.40770 -99.15437        -4.40770 -60.89171 -49.74299  -7.89429 -66.62449 -99.15437      58.0199
67    -65.62592  -9.03766 -48.73190 -60.03223  -5.74639 -98.69350        -5.74639 -60.03223 -48.73190  -9.03766 -65.62592 -98.69350      55.6232
68    -64.62735 -10.18104 -47.72082 -59.17275  -7.08508 -98.23264        -7.08508 -59.17275 -47.72082 -10.18104 -64.62735 -98.23264      53.2325
69    -63.62878 -11.32442 -46.70973 -58.31327  -8.42377 -97.77177        -8.42377 -58.31327 -46.70973 -11.32442 -63.62878 -97.77177      50.8489
70    -62.63021 -12.46780 -45.69865 -57.45379  -9.76246 -97.31090        -9.76246 -57.45379 -45.69865 -12.46780 -62.63021 -97.31090      48.4733
71    -61.63163 -13.61117 -44.68756 -56.59431 -11.10115 -96.85004       -11.10115 -56.59431 -44.68756 -13.61117 -61.63163 -96.85004      46.1069
72    -60.63306 -14.75455 -43.67647 -55.73483 -12.43984 -96.38917       -12.43984 -55.73483 -43.67647 -14.75455 -60.63306 -96.38917      43.7512
73    -59.63449 -15.89793 -42.66539 -54.87535 -13.77853 -95.92831       -13.77853 -54.87535 -42.66539 -15.89793 -59.63449 -95.92831      41.4081
74    -58.63592 -17.04131 -41.65430 -54.01587 -15.11721 -95.46744       -15.11721 -54.01587 -41.65430 -17.04131 -58.63592 -95.46744      39.0799
75    -57.63735 -18.18468 -40.64322 -53.15639 -16.45590 -95.00657       -16.45590 -53.15639 -40.64322 -18.18468 -57.63735 -95.00657      36.7693
76    -56.63877 -19.32806 -39.63213 -52.29690 -17.79459 -94.54571       -17.79459 -52.29690 -39.63213 -19.32806 -56.63877 -94.54571      34.48
77    -55.64020 -20.47144 -38.62105 -51.43742 -19.13328 -94.08484       -19.13328 -51.43742 -38.62105 -20.47144 -55.64020 -94.08484      32.2164
78    -54.64163 -21.61482 -37.60996 -50.57794 -20.47197 -93.62398       -20.47197 -50.57794 -37.60996 -21.61482 -54.64163 -93.62398      29.9843
79    -53.64306 -22.75819 -36.59887 -49.71846 -21.81066 -93.16311       -21.81066 -49.71846 -36.59887 -22.75819 -53.64306 -93.16311      27.7915
80    -52.64449 -23.90157 -35.58779 -48.85898 -23.14935 -92.70224       -23.14935 -48.85898 -35.58779 -23.90157 -52.64449 -92.70224      25.6478
81    -51.64592 -25.04495 -34.57670 -47.99950 -24.48804 -92.24138       -24.48804 -47.99950 -34.57670 -25.04495 -51.64592 -92.24138      23.5668
82    -50.64734 -26.18833 -33.56562 -47.14002 -25.82673 -91.78051       -25.82673 -47.14002 -33.56562 -26.18833 -50.64734 -91.78051      21.5666
83    -49.64877 -27.33170 -32.55453 -46.28054 -27.16542 -91.31964       -27.16542 -46.28054 -32.55453 -27.33170 -49.64877 -91.31964      19.6719
84    -48.65020 -28.47508 -31.54345 -45.42106 -28.50411 -90.85878       -28.50411 -45.42106 -31.54345 -28.47508 -48.65020 -90.85878      17.9161
85    -47.65163 -29.61846 -30.53236 -44.56158 -29.84280 -90.39791       -29.84280 -44.56158 -30.53236 -29.61846 -47.65163 -90.39791      16.3442
86    -46.65306 -30.76184 -29.52127 -43.70210 -31.18149 -89.93705       -31.18149 -43.70210 -29.52127 -30.76184 -46.65306 -89.93705      15.0139
87    -45.65449 -31.90521 -28.51019 -42.84262 -32.52017 -89.47618       -32.52017 -42.84262 -28.51019 -31.90521 -45.65449 -89.47618      13.9943
88    -44.65591 -33.04859 -27.49910 -41.98314 -33.85886 -89.01531       -33.85886 -41.98314 -27.49910 -33.04859 -44.65591 -89.01531      13.3568
89    -43.65734 -34.19197 -26.48802 -41.12366 -35.19755 -88.55445       -35.19755 -41.12366 -26.48802 -34.19197 -43.65734 -88.55445      13.1571
90    -42.65877 -35.33535 -25.47693 -40.26418 -36.53624 -88.09358       -36.53624 -40.26418 -25.47693 -35.33535 -42.65877 -88.09358      13.4146
91    -41.66020 -36.47872 -24.46585 -39.40470 -37.87493 -87.63272       -37.87493 -39.40470 -24.46585 -36.47872 -41.66020 -87.63272      14.1045
92    -40.66163 -37.62210 -23.45476 -38.54522 -39.21362 -87.17185       -39.21362 -38.54522 -23.45476 -37.62210 -40.66163 -87.17185      15.1677
93    -39.66305 -38.76548 -22.44367 -37.68574 -40.55231 -86.71098       -40.55231 -37.68574 -22.44367 -38.76548 -39.66305 -86.71098      14.7824
94    -38.66448 -39.90886 -21.43259 -36.82626 -41.89100 -86.25012       -38.66448 -39.90886 -21.43259 -36.82626 -41.89100 -86.25012      12.3186    *****
95    -37.66591 -41.05223 -20.42150 -35.96678 -43.22969 -85.78925       -37.66591 -41.05223 -20.42150 -35.96678 -43.22969 -85.78925      9.8549
96    -36.66734 -42.19561 -19.41042 -35.10730 -44.56838 -85.32839       -36.66734 -42.19561 -19.41042 -35.10730 -44.56838 -85.32839      7.39118
97    -35.66877 -43.33899 -18.39933 -34.24782 -45.90707 -84.86752       -35.66877 -43.33899 -18.39933 -34.24782 -45.90707 -84.86752      4.92745
98    -34.67020 -44.48237 -17.38825 -33.38834 -47.24576 -84.40665       -34.67020 -44.48237 -17.38825 -33.38834 -47.24576 -84.40665      2.46373
99    -33.67162 -45.62574 -16.37716 -32.52886 -48.58444 -83.94579       -33.67162 -45.62574 -16.37716 -32.52886 -48.58444 -83.94579      0
