Fol_2018-02-06.15_27_39.18_.txt     Output is probe cell, reduced cell, NCDist distance between
0    -100.35178  43.02039 -113.81212 -69.44542 -19.65973 -128.43621       -57.33139 -43.02039 -26.42503 -70.79172 -62.68012 -85.41582      2.46139e-14
1    -99.91723  42.15129 -112.92942 -69.45902 -20.09428 -128.00166       -57.76594 -42.15129 -27.30772 -70.77813 -62.24557 -85.85037      1.44954
2    -99.48268  41.28219 -112.04672 -69.47262 -20.52883 -127.56711       -58.20049 -41.28219 -28.19042 -70.76453 -61.81102 -86.28492      2.89908
3    -99.04813  40.41309 -111.16402 -69.48621 -20.96338 -127.13257       -58.63504 -40.41309 -29.07312 -70.75093 -61.37647 -86.71947      4.34863
4    -98.61358  39.54400 -110.28132 -69.49981 -21.39793 -126.69802       -59.06958 -39.54400 -29.95582 -70.73733 -60.94192 -87.15402      5.79817
5    -98.17903  38.67490 -109.39863 -69.51341 -21.83247 -126.26347       -59.50413 -38.67490 -30.83852 -70.72373 -60.50737 -87.58857      7.24771
6    -97.74448  37.80580 -108.51593 -69.52701 -22.26702 -125.82892       -59.93868 -37.80580 -31.72121 -70.71013 -60.07282 -88.02312      8.69725
7    -97.30993  36.93670 -107.63323 -69.54061 -22.70157 -125.39437       -60.37323 -36.93670 -32.60391 -70.69653 -59.63827 -88.45767      10.1468
8    -96.87538  36.06760 -106.75053 -69.55421 -23.13612 -124.95982       -60.80778 -36.06760 -33.48661 -70.68293 -59.20372 -88.89222      11.5963
9    -96.44083  35.19850 -105.86783 -69.56781 -23.57067 -124.52527       -61.24233 -35.19850 -34.36931 -70.66933 -58.76917 -89.32677      13.0459
10    -96.00628  34.32940 -104.98514 -69.58141 -24.00522 -124.09072       -61.67688 -34.32940 -35.25200 -70.65573 -58.33462 -89.76132      14.4954
11    -95.57173  33.46030 -104.10244 -69.59501 -24.43977 -123.65617       -62.11143 -33.46030 -36.13470 -70.64213 -57.90008 -90.19587      15.945
12    -95.13719  32.59121 -103.21974 -69.60861 -24.87432 -123.22162       -62.54598 -32.59121 -37.01740 -70.62854 -57.46553 -90.63042      17.3945
13    -94.70264  31.72211 -102.33704 -69.62220 -25.30887 -122.78707       -62.98053 -31.72211 -37.90010 -70.61494 -57.03098 -91.06496      18.844
14    -94.26809  30.85301 -101.45435 -69.63580 -25.74342 -122.35252       -63.41508 -30.85301 -38.78280 -70.60134 -56.59643 -91.49951      20.2936
15    -93.83354  29.98391 -100.57165 -69.64940 -26.17797 -121.91797       -63.84963 -29.98391 -39.66549 -70.58774 -56.16188 -91.93406      21.7431
16    -93.39899  29.11481 -99.68895 -69.66300 -26.61252 -121.48342       -64.28418 -29.11481 -40.54819 -70.57414 -55.72733 -92.36861      23.1927
17    -92.96444  28.24571 -98.80625 -69.67660 -27.04707 -121.04887       -64.71873 -28.24571 -41.43089 -70.56054 -55.29278 -92.80316      24.6422
18    -92.52989  27.37661 -97.92355 -69.69020 -27.48162 -120.61432       -65.15328 -27.37661 -42.31359 -70.54694 -54.85823 -93.23771      26.0918
19    -92.09534  26.50751 -97.04086 -69.70380 -27.91617 -120.17978       -65.58783 -26.50751 -43.19629 -70.53334 -54.42368 -93.67226      27.5413
20    -91.66079  25.63842 -96.15816 -69.71740 -28.35072 -119.74523       -66.02238 -25.63842 -44.07898 -70.51974 -53.98913 -94.10681      28.9908
21    -91.22624  24.76932 -95.27546 -69.73100 -28.78526 -119.31068       -66.45692 -24.76932 -44.96168 -70.50614 -53.55458 -94.54136      30.4404
22    -90.79169  23.90022 -94.39276 -69.74460 -29.21981 -118.87613       -66.89147 -23.90022 -45.84438 -70.49254 -53.12003 -94.97591      31.8899
23    -90.35714  23.03112 -93.51006 -69.75820 -29.65436 -118.44158       -67.32602 -23.03112 -46.72708 -70.47895 -52.68548 -95.41046      33.3395
24    -89.92259  22.16202 -92.62737 -69.77179 -30.08891 -118.00703       -67.76057 -22.16202 -47.60977 -70.46535 -52.25093 -95.84501      34.789
25    -89.48804  21.29292 -91.74467 -69.78539 -30.52346 -117.57248       -68.19512 -21.29292 -48.49247 -70.45175 -51.81638 -96.27956      36.2386
26    -89.05349  20.42382 -90.86197 -69.79899 -30.95801 -117.13793       -68.62967 -20.42382 -49.37517 -70.43815 -51.38183 -96.71411      37.6881
27    -88.61894  19.55472 -89.97927 -69.81259 -31.39256 -116.70338       -69.06422 -19.55472 -50.25787 -70.42455 -50.94728 -97.14866      39.1376
28    -88.18439  18.68562 -89.09658 -69.82619 -31.82711 -116.26883       -69.49877 -18.68562 -51.14057 -70.41095 -50.51274 -97.58321      40.5872
29    -87.74985  17.81653 -88.21388 -69.83979 -32.26166 -115.83428       -69.93332 -17.81653 -52.02326 -70.39735 -50.07819 -98.01776      42.0367
30    -87.31530  16.94743 -87.33118 -69.85339 -32.69621 -115.39973       -70.36787 -16.94743 -52.90596 -70.38375 -49.64364 -98.45230      43.4863
31    -86.88075  16.07833 -86.44848 -69.86699 -33.13076 -114.96518       -70.80242 -16.07833 -53.78866 -70.37015 -49.20909 -98.88685      44.9358
32    -86.44620  15.20923 -85.56578 -69.88059 -33.56531 -114.53063       -71.23697 -15.20923 -54.67136 -70.35655 -48.77454 -99.32140      46.3854
33    -86.01165  14.34013 -84.68309 -69.89419 -33.99986 -114.09608       -71.67152 -14.34013 -55.55406 -70.34296 -48.33999 -99.75595      47.8349
34    -85.57710  13.47103 -83.80039 -69.90779 -34.43441 -113.66153       -72.10607 -13.47103 -56.43675 -70.32936 -47.90544 -100.19050      49.2844
35    -85.14255  12.60193 -82.91769 -69.92138 -34.86896 -113.22698       -72.54062 -12.60193 -57.31945 -70.31576 -47.47089 -100.62505      50.734
36    -84.70800  11.73283 -82.03499 -69.93498 -35.30351 -112.79244       -72.97517 -11.73283 -58.20215 -70.30216 -47.03634 -101.05960      52.1835
37    -84.27345  10.86374 -81.15229 -69.94858 -35.73806 -112.35789       -73.40971 -10.86374 -59.08485 -70.28856 -46.60179 -101.49415      53.6331
38    -83.83890   9.99464 -80.26960 -69.96218 -36.17260 -111.92334       -73.84426  -9.99464 -59.96755 -70.27496 -46.16724 -101.92870      55.0826
39    -83.40435   9.12554 -79.38690 -69.97578 -36.60715 -111.48879       -74.27881  -9.12554 -60.85024 -70.26136 -45.73269 -102.36325      56.5321
40    -82.96980   8.25644 -78.50420 -69.98938 -37.04170 -111.05424       -74.71336  -8.25644 -61.73294 -70.24776 -45.29814 -102.79780      57.9817
41    -82.53525   7.38734 -77.62150 -70.00298 -37.47625 -110.61969       -75.14791  -7.38734 -62.61564 -70.23416 -44.86359 -103.23235      59.4312
42    -82.10070   6.51824 -76.73880 -70.01658 -37.91080 -110.18514       -75.58246  -6.51824 -63.49834 -70.22056 -44.42904 -103.66690      60.8808
43    -81.66615   5.64914 -75.85611 -70.03018 -38.34535 -109.75059       -76.01701  -5.64914 -64.38103 -70.20696 -43.99449 -104.10145      62.3303
44    -81.23160   4.78004 -74.97341 -70.04378 -38.77990 -109.31604       -76.45156  -4.78004 -65.26373 -70.19337 -43.55994 -104.53600      63.7799
45    -80.79705   3.91094 -74.09071 -70.05737 -39.21445 -108.88149       -76.88611 -66.14643  -3.91094 -70.17977 -104.97055 -43.12540      65.2294
46    -80.36251   3.04185 -73.20801 -70.07097 -39.64900 -108.44694       -77.32066 -67.02913  -3.04185 -70.16617 -105.40510 -42.69085      66.6789
47    -79.92796   2.17275 -72.32532 -70.08457 -40.08355 -108.01239       -77.75521 -67.91183  -2.17275 -70.15257 -105.83964 -42.25630      68.1285
48    -79.49341   1.30365 -71.44262 -70.09817 -40.51810 -107.57784       -78.18976 -68.79452  -1.30365 -70.13897 -106.27419 -41.82175      69.578
49    -79.05886   0.43455 -70.55992 -70.11177 -40.95265 -107.14329       -78.62431 -69.67722  -0.43455 -70.12537 -106.70874 -41.38720      71.0276
50    -78.62431  -0.43455 -69.67722 -70.12537 -41.38720 -106.70874       -78.62431 -69.67722  -0.43455 -70.12537 -106.70874 -41.38720      71.0276
51    -78.18976  -1.30365 -68.79452 -70.13897 -41.82175 -106.27419       -78.18976 -68.79452  -1.30365 -70.13897 -106.27419 -41.82175      69.578
52    -77.75521  -2.17275 -67.91183 -70.15257 -42.25630 -105.83964       -77.75521 -67.91183  -2.17275 -70.15257 -105.83964 -42.25630      68.1285
53    -77.32066  -3.04185 -67.02913 -70.16617 -42.69085 -105.40510       -77.32066 -67.02913  -3.04185 -70.16617 -105.40510 -42.69085      66.6789
54    -76.88611  -3.91094 -66.14643 -70.17977 -43.12540 -104.97055       -76.88611 -66.14643  -3.91094 -70.17977 -104.97055 -43.12540      65.2294
55    -76.45156  -4.78004 -65.26373 -70.19337 -43.55994 -104.53600       -76.45156  -4.78004 -65.26373 -70.19337 -43.55994 -104.53600      63.7799
56    -76.01701  -5.64914 -64.38103 -70.20696 -43.99449 -104.10145       -76.01701  -5.64914 -64.38103 -70.20696 -43.99449 -104.10145      62.3303
57    -75.58246  -6.51824 -63.49834 -70.22056 -44.42904 -103.66690       -75.58246  -6.51824 -63.49834 -70.22056 -44.42904 -103.66690      60.8808
58    -75.14791  -7.38734 -62.61564 -70.23416 -44.86359 -103.23235       -75.14791  -7.38734 -62.61564 -70.23416 -44.86359 -103.23235      59.4312
59    -74.71336  -8.25644 -61.73294 -70.24776 -45.29814 -102.79780       -74.71336  -8.25644 -61.73294 -70.24776 -45.29814 -102.79780      57.9817
60    -74.27881  -9.12554 -60.85024 -70.26136 -45.73269 -102.36325       -74.27881  -9.12554 -60.85024 -70.26136 -45.73269 -102.36325      56.5321
61    -73.84426  -9.99464 -59.96755 -70.27496 -46.16724 -101.92870       -73.84426  -9.99464 -59.96755 -70.27496 -46.16724 -101.92870      55.0826
62    -73.40971 -10.86374 -59.08485 -70.28856 -46.60179 -101.49415       -73.40971 -10.86374 -59.08485 -70.28856 -46.60179 -101.49415      53.6331
63    -72.97517 -11.73283 -58.20215 -70.30216 -47.03634 -101.05960       -72.97517 -11.73283 -58.20215 -70.30216 -47.03634 -101.05960      52.1835
64    -72.54062 -12.60193 -57.31945 -70.31576 -47.47089 -100.62505       -72.54062 -12.60193 -57.31945 -70.31576 -47.47089 -100.62505      50.734
65    -72.10607 -13.47103 -56.43675 -70.32936 -47.90544 -100.19050       -72.10607 -13.47103 -56.43675 -70.32936 -47.90544 -100.19050      49.2844
66    -71.67152 -14.34013 -55.55406 -70.34296 -48.33999 -99.75595       -71.67152 -14.34013 -55.55406 -70.34296 -48.33999 -99.75595      47.8349
67    -71.23697 -15.20923 -54.67136 -70.35655 -48.77454 -99.32140       -71.23697 -15.20923 -54.67136 -70.35655 -48.77454 -99.32140      46.3854
68    -70.80242 -16.07833 -53.78866 -70.37015 -49.20909 -98.88685       -70.80242 -16.07833 -53.78866 -70.37015 -49.20909 -98.88685      44.9358
69    -70.36787 -16.94743 -52.90596 -70.38375 -49.64364 -98.45230       -70.36787 -16.94743 -52.90596 -70.38375 -49.64364 -98.45230      43.4863
70    -69.93332 -17.81653 -52.02326 -70.39735 -50.07819 -98.01776       -69.93332 -17.81653 -52.02326 -70.39735 -50.07819 -98.01776      42.0367
71    -69.49877 -18.68562 -51.14057 -70.41095 -50.51274 -97.58321       -69.49877 -18.68562 -51.14057 -70.41095 -50.51274 -97.58321      40.5872
72    -69.06422 -19.55472 -50.25787 -70.42455 -50.94728 -97.14866       -69.06422 -19.55472 -50.25787 -70.42455 -50.94728 -97.14866      39.1376
73    -68.62967 -20.42382 -49.37517 -70.43815 -51.38183 -96.71411       -68.62967 -20.42382 -49.37517 -70.43815 -51.38183 -96.71411      37.6881
74    -68.19512 -21.29292 -48.49247 -70.45175 -51.81638 -96.27956       -68.19512 -21.29292 -48.49247 -70.45175 -51.81638 -96.27956      36.2386
75    -67.76057 -22.16202 -47.60977 -70.46535 -52.25093 -95.84501       -67.76057 -22.16202 -47.60977 -70.46535 -52.25093 -95.84501      34.789
76    -67.32602 -23.03112 -46.72708 -70.47895 -52.68548 -95.41046       -67.32602 -23.03112 -46.72708 -70.47895 -52.68548 -95.41046      33.3395
77    -66.89147 -23.90022 -45.84438 -70.49254 -53.12003 -94.97591       -66.89147 -23.90022 -45.84438 -70.49254 -53.12003 -94.97591      31.8899
78    -66.45692 -24.76932 -44.96168 -70.50614 -53.55458 -94.54136       -66.45692 -24.76932 -44.96168 -70.50614 -53.55458 -94.54136      30.4404
79    -66.02238 -25.63842 -44.07898 -70.51974 -53.98913 -94.10681       -66.02238 -25.63842 -44.07898 -70.51974 -53.98913 -94.10681      28.9908
80    -65.58783 -26.50751 -43.19629 -70.53334 -54.42368 -93.67226       -65.58783 -26.50751 -43.19629 -70.53334 -54.42368 -93.67226      27.5413
81    -65.15328 -27.37661 -42.31359 -70.54694 -54.85823 -93.23771       -65.15328 -27.37661 -42.31359 -70.54694 -54.85823 -93.23771      26.0918
82    -64.71873 -28.24571 -41.43089 -70.56054 -55.29278 -92.80316       -64.71873 -28.24571 -41.43089 -70.56054 -55.29278 -92.80316      24.6422
83    -64.28418 -29.11481 -40.54819 -70.57414 -55.72733 -92.36861       -64.28418 -29.11481 -40.54819 -70.57414 -55.72733 -92.36861      23.1927
84    -63.84963 -29.98391 -39.66549 -70.58774 -56.16188 -91.93406       -63.84963 -29.98391 -39.66549 -70.58774 -56.16188 -91.93406      21.7431
85    -63.41508 -30.85301 -38.78280 -70.60134 -56.59643 -91.49951       -63.41508 -30.85301 -38.78280 -70.60134 -56.59643 -91.49951      20.2936
86    -62.98053 -31.72211 -37.90010 -70.61494 -57.03098 -91.06496       -62.98053 -31.72211 -37.90010 -70.61494 -57.03098 -91.06496      18.844
87    -62.54598 -32.59121 -37.01740 -70.62854 -57.46553 -90.63042       -62.54598 -32.59121 -37.01740 -70.62854 -57.46553 -90.63042      17.3945
88    -62.11143 -33.46030 -36.13470 -70.64213 -57.90008 -90.19587       -62.11143 -33.46030 -36.13470 -70.64213 -57.90008 -90.19587      15.945
89    -61.67688 -34.32940 -35.25200 -70.65573 -58.33462 -89.76132       -61.67688 -34.32940 -35.25200 -70.65573 -58.33462 -89.76132      14.4954
90    -61.24233 -35.19850 -34.36931 -70.66933 -58.76917 -89.32677       -61.24233 -35.19850 -34.36931 -70.66933 -58.76917 -89.32677      13.0459
91    -60.80778 -36.06760 -33.48661 -70.68293 -59.20372 -88.89222       -60.80778 -36.06760 -33.48661 -70.68293 -59.20372 -88.89222      11.5963
92    -60.37323 -36.93670 -32.60391 -70.69653 -59.63827 -88.45767       -60.37323 -36.93670 -32.60391 -70.69653 -59.63827 -88.45767      10.1468
93    -59.93868 -37.80580 -31.72121 -70.71013 -60.07282 -88.02312       -59.93868 -37.80580 -31.72121 -70.71013 -60.07282 -88.02312      8.69725
94    -59.50413 -38.67490 -30.83852 -70.72373 -60.50737 -87.58857       -59.50413 -38.67490 -30.83852 -70.72373 -60.50737 -87.58857      7.24771
95    -59.06958 -39.54400 -29.95582 -70.73733 -60.94192 -87.15402       -59.06958 -39.54400 -29.95582 -70.73733 -60.94192 -87.15402      5.79817
96    -58.63504 -40.41309 -29.07312 -70.75093 -61.37647 -86.71947       -58.63504 -40.41309 -29.07312 -70.75093 -61.37647 -86.71947      4.34863
97    -58.20049 -41.28219 -28.19042 -70.76453 -61.81102 -86.28492       -58.20049 -41.28219 -28.19042 -70.76453 -61.81102 -86.28492      2.89908
98    -57.76594 -42.15129 -27.30772 -70.77813 -62.24557 -85.85037       -57.76594 -42.15129 -27.30772 -70.77813 -62.24557 -85.85037      1.44954
99    -57.33139 -43.02039 -26.42503 -70.79172 -62.68012 -85.41582       -57.33139 -43.02039 -26.42503 -70.79172 -62.68012 -85.41582      0
