RANDOM_2017-10-17.11_06_13.0_.txt     Output is probe cell, reduced cell, NCDist distance between
0    1.66753 0.915839 0.0108015 -8.16176 -17.661 -11.3997      -1.65673 -0.0108015 -6.31928 -0.905038 -6.24381 -14.3152     4.25955e-15
1    1.66753 0.906697 0.0199433 -8.16176 -17.5978 -11.463      -1.64759 -0.0199433 -6.32842 -0.886754 -6.33448 -14.2428     0.0935525
2    1.66753 0.897555 0.0290851 -8.16176 -17.5345 -11.5262      -1.63844 -0.0290851 -6.33757 -0.86847 -6.42515 -14.1704     0.187105
3    1.66753 0.888414 0.0382269 -8.16176 -17.4713 -11.5895      -1.6293 -0.0382269 -6.34671 -0.850187 -6.51582 -14.098     0.280658
4    1.66753 0.879272 0.0473686 -8.16176 -17.408 -11.6527      -1.62016 -0.0473686 -6.35585 -0.831903 -6.60649 -14.0256     0.37421
5    1.66753 0.87013 0.0565104 -8.16176 -17.3448 -11.716      -1.61102 -0.0565104 -6.36499 -0.81362 -6.69716 -13.9532     0.467763
6    1.66753 0.860988 0.0656522 -8.16176 -17.2816 -11.7792      -1.60188 -0.0656522 -6.37413 -0.795336 -6.78783 -13.8808     0.561315
7    1.66753 0.851847 0.074794 -8.16176 -17.2183 -11.8425      -1.59274 -0.074794 -6.38327 -0.777052 -6.8785 -13.8085     0.654868
8    1.66753 0.842705 0.0839358 -8.16176 -17.1551 -11.9057      -1.58359 -0.0839358 -6.39242 -0.758769 -6.96917 -13.7361     0.74842
9    1.66753 0.833563 0.0930776 -8.16176 -17.0918 -11.969      -1.57445 -0.0930776 -6.40156 -0.740485 -7.05984 -13.6637     0.841973
10    1.66753 0.824421 0.102219 -8.16176 -17.0286 -12.0322      -1.56531 -0.102219 -6.4107 -0.722202 -7.15051 -13.5913     0.935525
11    1.66753 0.815279 0.111361 -8.16176 -16.9653 -12.0954      -1.55617 -6.41984 -0.111361 -0.703918 -13.5189 -7.24118     1.02908
12    1.66753 0.806138 0.120503 -8.16176 -16.9021 -12.1587      -1.54703 -6.42898 -0.120503 -0.685635 -13.4465 -7.33185     1.12263
13    1.66753 0.796996 0.129645 -8.16176 -16.8388 -12.2219      -1.53789 -6.43813 -0.129645 -0.667351 -13.3741 -7.42253     1.21618
14    1.66753 0.787854 0.138787 -8.16176 -16.7756 -12.2852      -1.52874 -6.44727 -0.138787 -0.649067 -13.3017 -7.5132     1.30974
15    1.66753 0.778712 0.147928 -8.16176 -16.7123 -12.3484      -1.5196 -6.45641 -0.147928 -0.630784 -13.2294 -7.60387     1.40329
16    1.66753 0.76957 0.15707 -8.16176 -16.6491 -12.4117      -1.51046 -6.46555 -0.15707 -0.6125 -13.157 -7.69454     1.49684
17    1.66753 0.760429 0.166212 -8.16176 -16.5859 -12.4749      -1.50132 -6.47469 -0.166212 -0.594217 -13.0846 -7.78521     1.59039
18    1.66753 0.751287 0.175354 -8.16176 -16.5226 -12.5382      -1.49218 -6.48383 -0.175354 -0.575933 -13.0122 -7.87588     1.68395
19    1.66753 0.742145 0.184496 -8.16176 -16.4594 -12.6014      -1.48303 -6.49298 -0.184496 -0.557649 -12.9398 -7.96655     1.7775
20    1.66753 0.733003 0.193637 -8.16176 -16.3961 -12.6646      -1.47389 -6.50212 -0.193637 -0.539366 -12.8674 -8.05722     1.87105
21    1.66753 0.723861 0.202779 -8.16176 -16.3329 -12.7279      -1.46475 -6.51126 -0.202779 -0.521082 -12.795 -8.14789     1.9646
22    1.66753 0.71472 0.211921 -8.16176 -16.2696 -12.7911      -1.45561 -6.5204 -0.211921 -0.502799 -12.7226 -8.23856     2.05816
23    1.66753 0.705578 0.221063 -8.16176 -16.2064 -12.8544      -1.44647 -6.52954 -0.221063 -0.484515 -12.6503 -8.32923     2.15171
24    1.66753 0.696436 0.230205 -8.16176 -16.1431 -12.9176      -1.43733 -6.53868 -0.230205 -0.466231 -12.5779 -8.4199     2.24526
25    1.66753 0.687294 0.239346 -8.16176 -16.0799 -12.9809      -1.42818 -6.54783 -0.239346 -0.447948 -12.5055 -8.51057     2.33881
26    1.66753 0.678152 0.248488 -8.16176 -16.0166 -13.0441      -1.41904 -6.55697 -0.248488 -0.429664 -12.4331 -8.60124     2.43237
27    1.66753 0.669011 0.25763 -8.16176 -15.9534 -13.1074      -1.4099 -6.56611 -0.25763 -0.411381 -12.3607 -8.69191     2.52592
28    1.66753 0.659869 0.266772 -8.16176 -15.8902 -13.1706      -1.40076 -6.57525 -0.266772 -0.393097 -12.2883 -8.78258     2.61947
29    1.66753 0.650727 0.275914 -8.16176 -15.8269 -13.2339      -1.39162 -6.58439 -0.275914 -0.374814 -12.2159 -8.87326     2.71302
30    1.66753 0.641585 0.285055 -8.16176 -15.7637 -13.2971      -1.38247 -6.59354 -0.285055 -0.35653 -12.1436 -8.96393     2.80658
31    1.66753 0.632443 0.294197 -8.16176 -15.7004 -13.3603      -1.37333 -6.60268 -0.294197 -0.338246 -12.0712 -9.0546     2.87745
32    1.66753 0.623302 0.303339 -8.16176 -15.6372 -13.4236      -1.36419 -6.61182 -0.303339 -0.319963 -11.9988 -9.14527     2.9294
33    1.66753 0.61416 0.312481 -8.16176 -15.5739 -13.4868      -1.35505 -6.62096 -0.312481 -0.301679 -11.9264 -9.23594     2.98418
34    1.66753 0.605018 0.321622 -8.16176 -15.5107 -13.5501      -1.34591 -6.6301 -0.321622 -0.283396 -11.854 -9.32661     3.04164
35    1.66753 0.595876 0.330764 -8.16176 -15.4474 -13.6133      -1.33677 -6.63924 -0.330764 -0.265112 -11.7816 -9.41728     3.10163
36    1.66753 0.586734 0.339906 -8.16176 -15.3842 -13.6766      -1.32762 -6.64839 -0.339906 -0.246828 -11.7092 -9.50795     3.16401
37    1.66753 0.577593 0.349048 -8.16176 -15.3209 -13.7398      -1.31848 -6.65753 -0.349048 -0.228545 -11.6368 -9.59862     3.22864
38    1.66753 0.568451 0.35819 -8.16176 -15.2577 -13.8031      -1.30934 -6.66667 -0.35819 -0.210261 -11.5645 -9.68929     3.29538
39    1.66753 0.559309 0.367331 -8.16176 -15.1945 -13.8663      -1.3002 -6.67581 -0.367331 -0.191978 -11.4921 -9.77996     3.36412
40    1.66753 0.550167 0.376473 -8.16176 -15.1312 -13.9296      -1.29106 -6.68495 -0.376473 -0.173694 -11.4197 -9.87063     3.43472
41    1.66753 0.541026 0.385615 -8.16176 -15.068 -13.9928      -1.28191 -6.6941 -0.385615 -0.15541 -11.3473 -9.9613     3.50709
42    1.66753 0.531884 0.394757 -8.16176 -15.0047 -14.056      -1.27277 -6.70324 -0.394757 -0.137127 -11.2749 -10.052     3.5811
43    1.66753 0.522742 0.403899 -8.16176 -14.9415 -14.1193      -1.26363 -6.71238 -0.403899 -0.118843 -11.2025 -10.1426     3.65667
44    1.66753 0.5136 0.41304 -8.16176 -14.8782 -14.1825      -1.25449 -6.72152 -0.41304 -0.10056 -11.1301 -10.2333     3.73369
45    1.66753 0.504458 0.422182 -8.16176 -14.815 -14.2458      -1.24535 -6.73066 -0.422182 -0.0822761 -11.0577 -10.324     3.81208
46    1.66753 0.495317 0.431324 -8.16176 -14.7517 -14.309      -1.23621 -6.7398 -0.431324 -0.0639926 -10.9854 -10.4147     3.89175
47    1.66753 0.486175 0.440466 -8.16176 -14.6885 -14.3723      -1.22706 -6.74895 -0.440466 -0.045709 -10.913 -10.5053     3.97264
48    1.66753 0.477033 0.449608 -8.16176 -14.6253 -14.4355      -1.21792 -6.75809 -0.449608 -0.0274254 -10.8406 -10.596     4.05466
49    1.66753 0.467891 0.458749 -8.16176 -14.562 -14.4988      -1.20878 -6.76723 -0.458749 -0.00914179 -10.7682 -10.6867     4.13775
50    1.66753 0.458749 0.467891 -8.16176 -14.4988 -14.562      -1.20878 -6.76723 -0.458749 -0.00914179 -10.7682 -10.6867     4.13775
51    1.66753 0.449608 0.477033 -8.16176 -14.4355 -14.6253      -1.21792 -6.75809 -0.449608 -0.0274254 -10.8406 -10.596     4.05466
52    1.66753 0.440466 0.486175 -8.16176 -14.3723 -14.6885      -1.22706 -6.74895 -0.440466 -0.045709 -10.913 -10.5053     3.97264
53    1.66753 0.431324 0.495317 -8.16176 -14.309 -14.7517      -1.23621 -6.7398 -0.431324 -0.0639926 -10.9854 -10.4147     3.89175
54    1.66753 0.422182 0.504458 -8.16176 -14.2458 -14.815      -1.24535 -6.73066 -0.422182 -0.0822761 -11.0577 -10.324     3.81208
55    1.66753 0.41304 0.5136 -8.16176 -14.1825 -14.8782      -1.25449 -6.72152 -0.41304 -0.10056 -11.1301 -10.2333     3.73369
56    1.66753 0.403899 0.522742 -8.16176 -14.1193 -14.9415      -1.26363 -6.71238 -0.403899 -0.118843 -11.2025 -10.1426     3.65667
57    1.66753 0.394757 0.531884 -8.16176 -14.056 -15.0047      -1.27277 -6.70324 -0.394757 -0.137127 -11.2749 -10.052     3.5811
58    1.66753 0.385615 0.541026 -8.16176 -13.9928 -15.068      -1.28191 -6.6941 -0.385615 -0.15541 -11.3473 -9.9613     3.50709
59    1.66753 0.376473 0.550167 -8.16176 -13.9296 -15.1312      -1.29106 -6.68495 -0.376473 -0.173694 -11.4197 -9.87063     3.43472
60    1.66753 0.367331 0.559309 -8.16176 -13.8663 -15.1945      -1.3002 -6.67581 -0.367331 -0.191978 -11.4921 -9.77996     3.36412
61    1.66753 0.35819 0.568451 -8.16176 -13.8031 -15.2577      -1.30934 -6.66667 -0.35819 -0.210261 -11.5645 -9.68929     3.29538
62    1.66753 0.349048 0.577593 -8.16176 -13.7398 -15.3209      -1.31848 -6.65753 -0.349048 -0.228545 -11.6368 -9.59862     3.22864
63    1.66753 0.339906 0.586734 -8.16176 -13.6766 -15.3842      -1.32762 -6.64839 -0.339906 -0.246828 -11.7092 -9.50795     3.16401
64    1.66753 0.330764 0.595876 -8.16176 -13.6133 -15.4474      -1.33677 -6.63924 -0.330764 -0.265112 -11.7816 -9.41728     3.10163
65    1.66753 0.321622 0.605018 -8.16176 -13.5501 -15.5107      -1.34591 -6.6301 -0.321622 -0.283396 -11.854 -9.32661     3.04164
66    1.66753 0.312481 0.61416 -8.16176 -13.4868 -15.5739      -1.35505 -6.62096 -0.312481 -0.301679 -11.9264 -9.23594     2.98418
67    1.66753 0.303339 0.623302 -8.16176 -13.4236 -15.6372      -1.36419 -6.61182 -0.303339 -0.319963 -11.9988 -9.14527     2.9294
68    1.66753 0.294197 0.632443 -8.16176 -13.3603 -15.7004      -1.37333 -6.60268 -0.294197 -0.338246 -12.0712 -9.0546     2.87745
69    1.66753 0.285055 0.641585 -8.16176 -13.2971 -15.7637      -1.38247 -6.59354 -0.285055 -0.35653 -12.1436 -8.96393     2.80658
70    1.66753 0.275914 0.650727 -8.16176 -13.2339 -15.8269      -1.39162 -6.58439 -0.275914 -0.374814 -12.2159 -8.87326     2.71302
71    1.66753 0.266772 0.659869 -8.16176 -13.1706 -15.8902      -1.40076 -6.57525 -0.266772 -0.393097 -12.2883 -8.78258     2.61947
72    1.66753 0.25763 0.669011 -8.16176 -13.1074 -15.9534      -1.4099 -6.56611 -0.25763 -0.411381 -12.3607 -8.69191     2.52592
73    1.66753 0.248488 0.678152 -8.16176 -13.0441 -16.0166      -1.41904 -6.55697 -0.248488 -0.429664 -12.4331 -8.60124     2.43237
74    1.66753 0.239346 0.687294 -8.16176 -12.9809 -16.0799      -1.42818 -6.54783 -0.239346 -0.447948 -12.5055 -8.51057     2.33881
75    1.66753 0.230205 0.696436 -8.16176 -12.9176 -16.1431      -1.43733 -6.53868 -0.230205 -0.466231 -12.5779 -8.4199     2.24526
76    1.66753 0.221063 0.705578 -8.16176 -12.8544 -16.2064      -1.44647 -6.52954 -0.221063 -0.484515 -12.6503 -8.32923     2.15171
77    1.66753 0.211921 0.71472 -8.16176 -12.7911 -16.2696      -1.45561 -6.5204 -0.211921 -0.502799 -12.7226 -8.23856     2.05816
78    1.66753 0.202779 0.723861 -8.16176 -12.7279 -16.3329      -1.46475 -6.51126 -0.202779 -0.521082 -12.795 -8.14789     1.9646
79    1.66753 0.193637 0.733003 -8.16176 -12.6646 -16.3961      -1.47389 -6.50212 -0.193637 -0.539366 -12.8674 -8.05722     1.87105
80    1.66753 0.184496 0.742145 -8.16176 -12.6014 -16.4594      -1.48303 -6.49298 -0.184496 -0.557649 -12.9398 -7.96655     1.7775
81    1.66753 0.175354 0.751287 -8.16176 -12.5382 -16.5226      -1.49218 -6.48383 -0.175354 -0.575933 -13.0122 -7.87588     1.68395
82    1.66753 0.166212 0.760429 -8.16176 -12.4749 -16.5859      -1.50132 -6.47469 -0.166212 -0.594217 -13.0846 -7.78521     1.59039
83    1.66753 0.15707 0.76957 -8.16176 -12.4117 -16.6491      -1.51046 -6.46555 -0.15707 -0.6125 -13.157 -7.69454     1.49684
84    1.66753 0.147928 0.778712 -8.16176 -12.3484 -16.7123      -1.5196 -6.45641 -0.147928 -0.630784 -13.2294 -7.60387     1.40329
85    1.66753 0.138787 0.787854 -8.16176 -12.2852 -16.7756      -1.52874 -6.44727 -0.138787 -0.649067 -13.3017 -7.5132     1.30974
86    1.66753 0.129645 0.796996 -8.16176 -12.2219 -16.8388      -1.53789 -6.43813 -0.129645 -0.667351 -13.3741 -7.42253     1.21618
87    1.66753 0.120503 0.806138 -8.16176 -12.1587 -16.9021      -1.54703 -6.42898 -0.120503 -0.685635 -13.4465 -7.33185     1.12263
88    1.66753 0.111361 0.815279 -8.16176 -12.0954 -16.9653      -1.55617 -6.41984 -0.111361 -0.703918 -13.5189 -7.24118     1.02908
89    1.66753 0.102219 0.824421 -8.16176 -12.0322 -17.0286      -1.56531 -0.102219 -6.4107 -0.722202 -7.15051 -13.5913     0.935525
90    1.66753 0.0930776 0.833563 -8.16176 -11.969 -17.0918      -1.57445 -0.0930776 -6.40156 -0.740485 -7.05984 -13.6637     0.841973
91    1.66753 0.0839358 0.842705 -8.16176 -11.9057 -17.1551      -1.58359 -0.0839358 -6.39242 -0.758769 -6.96917 -13.7361     0.74842
92    1.66753 0.074794 0.851847 -8.16176 -11.8425 -17.2183      -1.59274 -0.074794 -6.38327 -0.777052 -6.8785 -13.8085     0.654868
93    1.66753 0.0656522 0.860988 -8.16176 -11.7792 -17.2816      -1.60188 -0.0656522 -6.37413 -0.795336 -6.78783 -13.8808     0.561315
94    1.66753 0.0565104 0.87013 -8.16176 -11.716 -17.3448      -1.61102 -0.0565104 -6.36499 -0.81362 -6.69716 -13.9532     0.467763
95    1.66753 0.0473686 0.879272 -8.16176 -11.6527 -17.408      -1.62016 -0.0473686 -6.35585 -0.831903 -6.60649 -14.0256     0.37421
96    1.66753 0.0382269 0.888414 -8.16176 -11.5895 -17.4713      -1.6293 -0.0382269 -6.34671 -0.850187 -6.51582 -14.098     0.280658
97    1.66753 0.0290851 0.897555 -8.16176 -11.5262 -17.5345      -1.63844 -0.0290851 -6.33757 -0.86847 -6.42515 -14.1704     0.187105
98    1.66753 0.0199433 0.906697 -8.16176 -11.463 -17.5978      -1.64759 -0.0199433 -6.32842 -0.886754 -6.33448 -14.2428     0.0935525
99    1.66753 0.0108015 0.915839 -8.16176 -11.3997 -17.661      -1.65673 -0.0108015 -6.31928 -0.905038 -6.24381 -14.3152     0
RANDOM_2017-10-17.11_06_13.0_.txt     Output is probe cell, reduced cell, NCDist distance between
0    -0.553276 0.382127 0.0468582 -0.815998 -2.62085 -19.533      -0.595248 -0.00488591 -0.340155 -0.0419723 -2.48516 -18.7268     0
1    -0.541625 0.378317 0.0468582 -0.812188 -2.6325 -19.537      -0.579787 -0.00869642 -0.340155 -0.0381618 -2.50062 -18.7422     0.0208866
2    -0.529974 0.374506 0.0468582 -0.808377 -2.64415 -19.541      -0.564326 -0.0125069 -0.340155 -0.0343513 -2.51608 -18.7577     0.0417732
3    -0.518324 0.370695 0.0468582 -0.804567 -2.6558 -19.5451      -0.548865 -0.0163175 -0.340155 -0.0305407 -2.53155 -18.7731     0.0626598
4    -0.506673 0.366885 0.0468582 -0.800756 -2.66745 -19.5491      -0.533403 -0.020128 -0.340155 -0.0267302 -2.54701 -18.7886     0.0835463
5    -0.495023 0.363074 0.0468582 -0.796946 -2.6791 -19.5531      -0.517942 -0.0239385 -0.340155 -0.0229197 -2.56247 -18.8041     0.104433
6    -0.483372 0.359264 0.0468582 -0.793135 -2.69075 -19.5572      -0.502481 -0.027749 -0.340155 -0.0191092 -2.57793 -18.8195     0.12532
7    -0.471721 0.355453 0.0468582 -0.789325 -2.7024 -19.5612      -0.48702 -0.0315595 -0.340155 -0.0152987 -2.59339 -18.835     0.146206
8    -0.460071 0.351643 0.0468582 -0.785514 -2.71406 -19.5652      -0.471559 -0.03537 -0.340155 -0.0114882 -2.60885 -18.8505     0.163954
9    -0.44842 0.347832 0.0468582 -0.781704 -2.72571 -19.5693      -0.456098 -0.0391806 -0.340155 -0.00767765 -2.62431 -18.8659     0.179774
10    -0.43677 0.344022 0.0468582 -0.777893 -2.73736 -19.5733      -0.440637 -0.0429911 -0.340155 -0.00386713 -2.63977 -18.8814     0.197739
11    -0.425119 0.340211 0.0468582 -0.774083 -2.74901 -19.5773      -0.425176 -0.0468016 -0.340155 -5.66134e-05 -2.65523 -18.8968     0.217316
12    -0.413468 0.336401 0.0468582 -0.770272 -2.76066 -19.5813      -0.413468 -0.336401 -0.0468582 -0.0037539 -2.66694 -18.9085     0.250639
13    -0.401818 0.33259 0.0468582 -0.766461 -2.77231 -19.5854      -0.401818 -0.33259 -0.0468582 -0.00756442 -2.67859 -18.9202     0.271526
14    -0.390167 0.32878 0.0468582 -0.762651 -2.78396 -19.5894      -0.390167 -0.32878 -0.0468582 -0.0113749 -2.69024 -18.9318     0.292412
15    -0.378517 0.324969 0.0468582 -0.75884 -2.79561 -19.5934      -0.378517 -0.324969 -0.0468582 -0.0151855 -2.70189 -18.9435     0.313299
16    -0.366866 0.321159 0.0468582 -0.75503 -2.80726 -19.5975      -0.366866 -0.321159 -0.0468582 -0.018996 -2.71354 -18.9551     0.332957
17    -0.355215 0.317348 0.0468582 -0.751219 -2.81891 -19.6015      -0.355215 -0.317348 -0.0468582 -0.0228065 -2.72519 -18.9668     0.346073
18    -0.343565 0.313538 0.0468582 -0.747409 -2.83056 -19.6055      -0.343565 -0.313538 -0.0468582 -0.026617 -2.73685 -18.9784     0.360794
19    -0.331914 0.309727 0.0468582 -0.743598 -2.84221 -19.6096      -0.331914 -0.309727 -0.0468582 -0.0304275 -2.7485 -18.9901     0.376931
20    -0.320264 0.305917 0.0468582 -0.739788 -2.85386 -19.6136      -0.320264 -0.305917 -0.0468582 -0.034238 -2.76015 -19.0017     0.394311
21    -0.308613 0.302106 0.0468582 -0.735977 -2.86551 -19.6176      -0.308613 -0.302106 -0.0468582 -0.0380486 -2.7718 -19.0134     0.412776
22    -0.296962 0.298296 0.0468582 -0.732167 -2.87716 -19.6216      -0.296962 -0.298296 -0.0468582 -0.0418591 -2.78345 -19.025     0.42886
23    -0.285312 0.294485 0.0468582 -0.728356 -2.88881 -19.6257      -0.285312 -0.294485 -0.0468582 -0.0456696 -2.7951 -19.0367     0.423976
24    -0.273661 0.290675 0.0468582 -0.724546 -2.90047 -19.6297      -0.273661 -0.290675 -0.0468582 -0.0494801 -2.80675 -19.0484     0.420797
25    -0.262011 0.286864 0.0468582 -0.720735 -2.91212 -19.6337      -0.262011 -0.286864 -0.0468582 -0.0532906 -2.8184 -19.06     0.419377
26    -0.25036 0.283054 0.0468582 -0.716925 -2.92377 -19.6378      -0.25036 -0.283054 -0.0468582 -0.0571011 -2.83005 -19.0717     0.419733
27    -0.238709 0.279243 0.0468582 -0.713114 -2.93542 -19.6418      -0.238709 -0.279243 -0.0468582 -0.0609117 -2.8417 -19.0833     0.421862
28    -0.227059 0.275433 0.0468582 -0.709304 -2.94707 -19.6458      -0.227059 -0.275433 -0.0468582 -0.0647222 -2.85335 -19.095     0.425736
29    -0.215408 0.271622 0.0468582 -0.705493 -2.95872 -19.6498      -0.215408 -0.271622 -0.0468582 -0.0685327 -2.865 -19.1066     0.431308
30    -0.203758 0.267812 0.0468582 -0.701683 -2.97037 -19.6539      -0.203758 -0.267812 -0.0468582 -0.0723432 -2.87665 -19.1183     0.438515
31    -0.192107 0.264001 0.0468582 -0.697872 -2.98202 -19.6579      -0.192107 -0.264001 -0.0468582 -0.0761537 -2.8883 -19.1299     0.447276
32    -0.180456 0.260191 0.0468582 -0.694062 -2.99367 -19.6619      -0.180456 -0.260191 -0.0468582 -0.0799642 -2.89995 -19.1416     0.457503
33    -0.168806 0.25638 0.0468582 -0.690251 -3.00532 -19.666      -0.168806 -0.25638 -0.0468582 -0.0837748 -2.9116 -19.1532     0.4691
34    -0.157155 0.252569 0.0468582 -0.686441 -3.01697 -19.67      -0.157155 -0.252569 -0.0468582 -0.0875853 -2.92325 -19.1649     0.481968
35    -0.145505 0.248759 0.0468582 -0.68263 -3.02862 -19.674      -0.145505 -0.248759 -0.0468582 -0.0913958 -2.93491 -19.1765     0.496007
36    -0.133854 0.244948 0.0468582 -0.67882 -3.04027 -19.6781      -0.133854 -0.244948 -0.0468582 -0.0952063 -2.94656 -19.1882     0.511122
37    -0.122203 0.241138 0.0468582 -0.675009 -3.05192 -19.6821      -0.122203 -0.241138 -0.0468582 -0.0990168 -2.95821 -19.1998     0.52722
38    -0.110553 0.237327 0.0468582 -0.671199 -3.06357 -19.6861      -0.110553 -0.237327 -0.0468582 -0.102827 -2.96986 -19.2115     0.544213
39    -0.0989022 0.233517 0.0468582 -0.667388 -3.07522 -19.6901      -0.0989022 -0.233517 -0.0468582 -0.106638 -2.98151 -19.2231     0.562021
40    -0.0872516 0.229706 0.0468582 -0.663578 -3.08687 -19.6942      -0.0872516 -0.229706 -0.0468582 -0.110448 -2.99316 -19.2348     0.580568
41    -0.075601 0.225896 0.0468582 -0.659767 -3.09853 -19.6982      -0.075601 -0.225896 -0.0468582 -0.114259 -3.00481 -19.2464     0.599787
42    -0.0639504 0.222085 0.0468582 -0.655957 -3.11018 -19.7022      -0.0639504 -0.222085 -0.0468582 -0.118069 -3.01646 -19.2581     0.619613
43    -0.0522998 0.218275 0.0468582 -0.652146 -3.12183 -19.7063      -0.0522998 -0.218275 -0.0468582 -0.12188 -3.02811 -19.2697     0.639992
44    -0.0406492 0.214464 0.0468582 -0.648335 -3.13348 -19.7103      -0.0406492 -0.214464 -0.0468582 -0.12569 -3.03976 -19.2814     0.660872
45    -0.0289986 0.210654 0.0468582 -0.644525 -3.14513 -19.7143      -0.0289986 -0.210654 -0.0468582 -0.129501 -3.05141 -19.293     0.682206
46    -0.017348 0.206843 0.0468582 -0.640714 -3.15678 -19.7184      -0.017348 -0.206843 -0.0468582 -0.133311 -3.06306 -19.3047     0.703954
47    -0.0056974 0.203033 0.0468582 -0.636904 -3.16843 -19.7224      -0.0056974 -0.203033 -0.0468582 -0.137122 -3.07471 -19.3163     0.726078
48    0.0059532 0.199222 0.0468582 -0.633093 -3.18008 -19.7264      -0.146886 -0.040905 -3.08041 -0.0059532 -0.193269 -19.322     0.747493
49    0.0176038 0.195412 0.0468582 -0.629283 -3.19173 -19.7304      -0.162347 -0.0292544 -3.08041 -0.0176038 -0.177808 -19.322     0.763135
50    0.0292544 0.191601 0.0468582 -0.625472 -3.20338 -19.7345      -0.162347 -0.0292544 -3.08041 -0.0176038 -0.177808 -19.322     0.763135
51    0.040905 0.187791 0.0468582 -0.621662 -3.21503 -19.7385      -0.146886 -0.040905 -3.08041 -0.0059532 -0.193269 -19.322     0.747493
52    0.0525556 0.18398 0.0468582 -0.617851 -3.22668 -19.7425      -0.0056974 -0.203033 -0.0468582 -0.137122 -3.07471 -19.3163     0.726078
53    0.0642062 0.18017 0.0468582 -0.614041 -3.23833 -19.7466      -0.017348 -0.206843 -0.0468582 -0.133311 -3.06306 -19.3047     0.703954
54    0.0758568 0.176359 0.0468582 -0.61023 -3.24998 -19.7506      -0.0289986 -0.210654 -0.0468582 -0.129501 -3.05141 -19.293     0.682206
55    0.0875074 0.172549 0.0468582 -0.60642 -3.26163 -19.7546      -0.0406492 -0.214464 -0.0468582 -0.12569 -3.03976 -19.2814     0.660872
56    0.099158 0.168738 0.0468582 -0.602609 -3.27328 -19.7586      -0.0522998 -0.218275 -0.0468582 -0.12188 -3.02811 -19.2697     0.639992
57    0.110809 0.164928 0.0468582 -0.598799 -3.28493 -19.7627      -0.0639504 -0.222085 -0.0468582 -0.118069 -3.01646 -19.2581     0.619613
58    0.122459 0.161117 0.0468582 -0.594988 -3.29659 -19.7667      -0.075601 -0.225896 -0.0468582 -0.114259 -3.00481 -19.2464     0.599787
59    0.13411 0.157307 0.0468582 -0.591178 -3.30824 -19.7707      -0.0872516 -0.229706 -0.0468582 -0.110448 -2.99316 -19.2348     0.580568
60    0.14576 0.153496 0.0468582 -0.587367 -3.31989 -19.7748      -0.0989022 -0.233517 -0.0468582 -0.106638 -2.98151 -19.2231     0.562021
61    0.157411 0.149686 0.0468582 -0.583557 -3.33154 -19.7788      -0.110553 -0.237327 -0.0468582 -0.102827 -2.96986 -19.2115     0.544213
62    0.169062 0.145875 0.0468582 -0.579746 -3.34319 -19.7828      -0.122203 -0.241138 -0.0468582 -0.0990168 -2.95821 -19.1998     0.52722
63    0.180712 0.142065 0.0468582 -0.575936 -3.35484 -19.7869      -0.133854 -0.244948 -0.0468582 -0.0952063 -2.94656 -19.1882     0.511122
64    0.192363 0.138254 0.0468582 -0.572125 -3.36649 -19.7909      -0.145505 -0.248759 -0.0468582 -0.0913958 -2.93491 -19.1765     0.496007
65    0.204013 0.134443 0.0468582 -0.568315 -3.37814 -19.7949      -0.157155 -0.252569 -0.0468582 -0.0875853 -2.92325 -19.1649     0.481968
66    0.215664 0.130633 0.0468582 -0.564504 -3.38979 -19.7989      -0.168806 -0.25638 -0.0468582 -0.0837748 -2.9116 -19.1532     0.4691
67    0.227315 0.126822 0.0468582 -0.560694 -3.40144 -19.803      -0.180456 -0.260191 -0.0468582 -0.0799642 -2.89995 -19.1416     0.457503
68    0.238965 0.123012 0.0468582 -0.556883 -3.41309 -19.807      -0.192107 -0.264001 -0.0468582 -0.0761537 -2.8883 -19.1299     0.447276
69    0.250616 0.119201 0.0468582 -0.553073 -3.42474 -19.811      -0.203758 -0.267812 -0.0468582 -0.0723432 -2.87665 -19.1183     0.438515
70    0.262266 0.115391 0.0468582 -0.549262 -3.43639 -19.8151      -0.215408 -0.271622 -0.0468582 -0.0685327 -2.865 -19.1066     0.431308
71    0.273917 0.11158 0.0468582 -0.545452 -3.44804 -19.8191      -0.227059 -0.275433 -0.0468582 -0.0647222 -2.85335 -19.095     0.425736
72    0.285568 0.10777 0.0468582 -0.541641 -3.45969 -19.8231      -0.238709 -0.279243 -0.0468582 -0.0609117 -2.8417 -19.0833     0.421862
73    0.297218 0.103959 0.0468582 -0.53783 -3.47134 -19.8271      -0.25036 -0.283054 -0.0468582 -0.0571011 -2.83005 -19.0717     0.419733
74    0.308869 0.100149 0.0468582 -0.53402 -3.483 -19.8312      -0.262011 -0.286864 -0.0468582 -0.0532906 -2.8184 -19.06     0.419377
75    0.320519 0.0963383 0.0468582 -0.530209 -3.49465 -19.8352      -0.273661 -0.290675 -0.0468582 -0.0494801 -2.80675 -19.0484     0.420797
76    0.33217 0.0925278 0.0468582 -0.526399 -3.5063 -19.8392      -0.285312 -0.294485 -0.0468582 -0.0456696 -2.7951 -19.0367     0.423976
77    0.343821 0.0887173 0.0468582 -0.522588 -3.51795 -19.8433      -0.296962 -0.298296 -0.0468582 -0.0418591 -2.78345 -19.025     0.42886
78    0.355471 0.0849068 0.0468582 -0.518778 -3.5296 -19.8473      -0.308613 -0.302106 -0.0468582 -0.0380486 -2.7718 -19.0134     0.412776    *****
79    0.367122 0.0810962 0.0468582 -0.514967 -3.54125 -19.8513      -0.320264 -0.305917 -0.0468582 -0.034238 -2.76015 -19.0017     0.394311
80    0.378772 0.0772857 0.0468582 -0.511157 -3.5529 -19.8554      -0.331914 -0.309727 -0.0468582 -0.0304275 -2.7485 -18.9901     0.376931
81    0.390423 0.0734752 0.0468582 -0.507346 -3.56455 -19.8594      -0.343565 -0.313538 -0.0468582 -0.026617 -2.73685 -18.9784     0.360794
82    0.402074 0.0696647 0.0468582 -0.503536 -3.5762 -19.8634      -0.355215 -0.317348 -0.0468582 -0.0228065 -2.72519 -18.9668     0.346073
83    0.413724 0.0658542 0.0468582 -0.499725 -3.58785 -19.8674      -0.366866 -0.321159 -0.0468582 -0.018996 -2.71354 -18.9551     0.332957
84    0.425375 0.0620437 0.0468582 -0.495915 -3.5995 -19.8715      -0.378517 -0.324969 -0.0468582 -0.0151855 -2.70189 -18.9435     0.313299    *****
85    0.437025 0.0582331 0.0468582 -0.492104 -3.61115 -19.8755      -0.390167 -0.32878 -0.0468582 -0.0113749 -2.69024 -18.9318     0.292412
86    0.448676 0.0544226 0.0468582 -0.488294 -3.6228 -19.8795      -0.401818 -0.33259 -0.0468582 -0.00756442 -2.67859 -18.9202     0.271526
87    0.460327 0.0506121 0.0468582 -0.484483 -3.63445 -19.8836      -0.413468 -0.336401 -0.0468582 -0.0037539 -2.66694 -18.9085     0.250639
88    0.471977 0.0468016 0.0468582 -0.480673 -3.6461 -19.8876      -0.425176 -0.0468016 -0.340155 -5.66134e-05 -2.65523 -18.8968     0.217316    *****
89    0.483628 0.0429911 0.0468582 -0.476862 -3.65775 -19.8916      -0.440637 -0.0429911 -0.340155 -0.00386713 -2.63977 -18.8814     0.197739
90    0.495278 0.0391806 0.0468582 -0.473052 -3.6694 -19.8957      -0.456098 -0.0391806 -0.340155 -0.00767765 -2.62431 -18.8659     0.179774
91    0.506929 0.03537 0.0468582 -0.469241 -3.68106 -19.8997      -0.471559 -0.03537 -0.340155 -0.0114882 -2.60885 -18.8505     0.163954
92    0.51858 0.0315595 0.0468582 -0.465431 -3.69271 -19.9037      -0.48702 -0.0315595 -0.340155 -0.0152987 -2.59339 -18.835     0.146206
93    0.53023 0.027749 0.0468582 -0.46162 -3.70436 -19.9077      -0.502481 -0.027749 -0.340155 -0.0191092 -2.57793 -18.8195     0.12532
94    0.541881 0.0239385 0.0468582 -0.45781 -3.71601 -19.9118      -0.517942 -0.0239385 -0.340155 -0.0229197 -2.56247 -18.8041     0.104433
95    0.553531 0.020128 0.0468582 -0.453999 -3.72766 -19.9158      -0.533403 -0.020128 -0.340155 -0.0267302 -2.54701 -18.7886     0.0835463
96    0.565182 0.0163175 0.0468582 -0.450189 -3.73931 -19.9198      -0.548865 -0.0163175 -0.340155 -0.0305407 -2.53155 -18.7731     0.0626598
97    0.576833 0.0125069 0.0468582 -0.446378 -3.75096 -19.9239      -0.564326 -0.0125069 -0.340155 -0.0343513 -2.51608 -18.7577     0.0417732
98    0.588483 0.00869642 0.0468582 -0.442568 -3.76261 -19.9279      -0.579787 -0.00869642 -0.340155 -0.0381618 -2.50062 -18.7422     0.0208866
99    0.600134 0.00488591 0.0468582 -0.438757 -3.77426 -19.9319      -0.595248 -0.00488591 -0.340155 -0.0419723 -2.48516 -18.7268     0
RANDOM_2017-10-17.11_06_13.0_.txt     Output is probe cell, reduced cell, NCDist distance between
0    0.183552 -4.13852 -2.35161 -7.16763 -1.28417 -6.57039      -3.95496 -1.10062 -0.183552 -2.16806 -6.38684 -7.35119     0
1    0.141749 -4.10783 -2.32972 -7.11713 -1.33571 -6.57828      -3.96608 -1.19396 -0.141749 -2.18797 -6.43653 -7.25888     0.0918577
2    0.0999458 -4.07714 -2.30782 -7.06663 -1.38726 -6.58617      -3.9772 -1.28731 -0.0999458 -2.20787 -6.48622 -7.16658     0.183715
3    0.0581426 -4.04646 -2.28592 -7.01613 -1.4388 -6.59405      -3.98832 -1.38066 -0.0581426 -2.22777 -6.53591 -7.07427     0.275573
4    0.0163394 -4.01577 -2.26402 -6.96563 -1.49034 -6.60194      -3.99943 -1.474 -0.0163394 -2.24768 -6.5856 -6.98197     0.367431
5    -0.0254638 -3.98509 -2.24212 -6.91513 -1.54188 -6.60983      -3.98509 -2.24212 -0.0254638 -1.54188 -6.60983 -6.91513     0.459288
6    -0.067267 -3.9544 -2.22022 -6.86463 -1.59342 -6.61771      -3.9544 -2.22022 -0.067267 -1.59342 -6.61771 -6.86463     0.551146
7    -0.10907 -3.92372 -2.19832 -6.81413 -1.64497 -6.6256      -3.92372 -2.19832 -0.10907 -1.64497 -6.6256 -6.81413     0.643004
8    -0.150873 -3.89303 -2.17642 -6.76363 -1.69651 -6.63349      -3.89303 -2.17642 -0.150873 -1.69651 -6.63349 -6.76363     0.734861
9    -0.192677 -3.86234 -2.15452 -6.71313 -1.74805 -6.64138      -3.86234 -2.15452 -0.192677 -1.74805 -6.64138 -6.71313     0.826719
10    -0.23448 -3.83166 -2.13262 -6.66263 -1.79959 -6.64926      -3.83166 -2.13262 -0.23448 -1.79959 -6.64926 -6.66263     0.918577
11    -0.276283 -3.80097 -2.11072 -6.61213 -1.85114 -6.65715      -3.80097 -2.11072 -0.276283 -1.85114 -6.65715 -6.61213     0.993774
12    -0.318086 -3.77029 -2.08882 -6.56162 -1.90268 -6.66504      -3.77029 -2.08882 -0.318086 -1.90268 -6.66504 -6.56162     1.00641
13    -0.359889 -3.7396 -2.06692 -6.51112 -1.95422 -6.67292      -3.7396 -2.06692 -0.359889 -1.95422 -6.67292 -6.51112     1.01089
14    -0.401693 -3.70891 -2.04502 -6.46062 -2.00576 -6.68081      -3.70891 -2.04502 -0.401693 -2.00576 -6.68081 -6.46062     1.02396
15    -0.443496 -3.67823 -2.02312 -6.41012 -2.0573 -6.6887      -3.67823 -2.02312 -0.443496 -2.0573 -6.6887 -6.41012     1.04532
16    -0.485299 -3.64754 -2.00122 -6.35962 -2.10885 -6.69658      -3.64754 -2.00122 -0.485299 -2.10885 -6.69658 -6.35962     1.07445
17    -0.527102 -3.61686 -1.97932 -6.30912 -2.16039 -6.70447      -3.61686 -1.97932 -0.527102 -2.16039 -6.70447 -6.30912     1.11075
18    -0.568905 -3.58617 -1.95742 -6.25862 -2.21193 -6.71236      -3.58617 -1.95742 -0.568905 -2.21193 -6.71236 -6.25862     1.15355
19    -0.610709 -3.55549 -1.93552 -6.20812 -2.26347 -6.72024      -3.55549 -1.93552 -0.610709 -2.26347 -6.72024 -6.20812     1.20214
20    -0.652512 -3.5248 -1.91362 -6.15762 -2.31501 -6.72813      -3.5248 -1.91362 -0.652512 -2.31501 -6.72813 -6.15762     1.25586
21    -0.694315 -3.49411 -1.89172 -6.10712 -2.36656 -6.73602      -3.49411 -1.89172 -0.694315 -2.36656 -6.73602 -6.10712     1.30282
22    -0.736118 -3.46343 -1.86982 -6.05662 -2.4181 -6.7439      -3.46343 -1.86982 -0.736118 -2.4181 -6.7439 -6.05662     1.34383
23    -0.777921 -3.43274 -1.84792 -6.00612 -2.46964 -6.75179      -3.43274 -1.84792 -0.777921 -2.46964 -6.75179 -6.00612     1.38845
24    -0.819724 -3.40206 -1.82602 -5.95562 -2.52118 -6.75968      -3.40206 -1.82602 -0.819724 -2.52118 -6.75968 -5.95562     1.43634
25    -0.861528 -3.37137 -1.80412 -5.90512 -2.57272 -6.76756      -3.37137 -1.80412 -0.861528 -2.57272 -6.76756 -5.90512     1.48719
26    -0.903331 -3.34068 -1.78222 -5.85461 -2.62427 -6.77545      -3.34068 -0.903331 -1.78222 -2.62427 -5.85461 -6.77545     1.5407
27    -0.945134 -3.31 -1.76032 -5.80411 -2.67581 -6.78334      -3.31 -0.945134 -1.76032 -2.67581 -5.80411 -6.78334     1.59661
28    -0.986937 -3.27931 -1.73843 -5.75361 -2.72735 -6.79122      -3.27931 -0.986937 -1.73843 -2.72735 -5.75361 -6.79122     1.65466
29    -1.02874 -3.24863 -1.71653 -5.70311 -2.77889 -6.79911      -3.24863 -1.02874 -1.71653 -2.77889 -5.70311 -6.79911     1.71465
30    -1.07054 -3.21794 -1.69463 -5.65261 -2.83044 -6.807      -3.21794 -1.07054 -1.69463 -2.83044 -5.65261 -6.807     1.77638
31    -1.11235 -3.18726 -1.67273 -5.60211 -2.88198 -6.81488      -3.18726 -1.11235 -1.67273 -2.88198 -5.60211 -6.81488     1.83967
32    -1.15415 -3.15657 -1.65083 -5.55161 -2.93352 -6.82277      -3.15657 -1.15415 -1.65083 -2.93352 -5.55161 -6.82277     1.90437
33    -1.19595 -3.12588 -1.62893 -5.50111 -2.98506 -6.83066      -3.12588 -1.19595 -1.62893 -2.98506 -5.50111 -6.83066     1.97034
34    -1.23776 -3.0952 -1.60703 -5.45061 -3.0366 -6.83854      -3.0952 -1.23776 -1.60703 -3.0366 -5.45061 -6.83854     2.03745
35    -1.27956 -3.06451 -1.58513 -5.40011 -3.08815 -6.84643      -3.06451 -1.27956 -1.58513 -3.08815 -5.40011 -6.84643     2.1056
36    -1.32136 -3.03383 -1.56323 -5.34961 -3.13969 -6.85432      -3.03383 -1.32136 -1.56323 -3.13969 -5.34961 -6.85432     2.17468
37    -1.36317 -3.00314 -1.54133 -5.29911 -3.19123 -6.86221      -3.00314 -1.36317 -1.54133 -3.19123 -5.29911 -6.86221     2.24462
38    -1.40497 -2.97245 -1.51943 -5.24861 -3.24277 -6.87009      -2.97245 -1.40497 -1.51943 -3.24277 -5.24861 -6.87009     2.31533
39    -1.44677 -2.94177 -1.49753 -5.19811 -3.29431 -6.87798      -2.94177 -1.44677 -1.49753 -3.29431 -5.19811 -6.87798     2.38675
40    -1.48858 -2.91108 -1.47563 -5.1476 -3.34586 -6.88587      -2.91108 -1.48858 -1.47563 -3.34586 -5.1476 -6.88587     2.45881
41    -1.53038 -2.8804 -1.45373 -5.0971 -3.3974 -6.89375      -2.8804 -1.53038 -1.45373 -3.3974 -5.0971 -6.89375     2.51728
42    -1.57218 -2.84971 -1.43183 -5.0466 -3.44894 -6.90164      -2.84971 -1.57218 -1.43183 -3.44894 -5.0466 -6.90164     2.56661
43    -1.61399 -2.81903 -1.40993 -4.9961 -3.50048 -6.90953      -2.81903 -1.61399 -1.40993 -3.50048 -4.9961 -6.90953     2.56744
44    -1.65579 -2.78834 -1.38803 -4.9456 -3.55203 -6.91741      -2.78834 -1.65579 -1.38803 -3.55203 -4.9456 -6.91741     2.57086
45    -1.69759 -2.75765 -1.36613 -4.8951 -3.60357 -6.9253      -2.75765 -1.69759 -1.36613 -3.60357 -4.8951 -6.9253     2.57688
46    -1.73939 -2.72697 -1.34423 -4.8446 -3.65511 -6.93319      -2.72697 -1.73939 -1.34423 -3.65511 -4.8446 -6.93319     2.58547
47    -1.7812 -2.69628 -1.32233 -4.7941 -3.70665 -6.94107      -2.69628 -1.7812 -1.32233 -3.70665 -4.7941 -6.94107     2.59661
48    -1.823 -2.6656 -1.30043 -4.7436 -3.75819 -6.94896      -2.6656 -1.823 -1.30043 -3.75819 -4.7436 -6.94896     2.61026
49    -1.8648 -2.63491 -1.27853 -4.6931 -3.80974 -6.95685      -2.63491 -1.8648 -1.27853 -3.80974 -4.6931 -6.95685     2.62639
50    -1.90661 -2.60422 -1.25663 -4.6426 -3.86128 -6.96473      -2.60422 -1.90661 -1.25663 -3.86128 -4.6426 -6.96473     2.64495
51    -1.94841 -2.57354 -1.23473 -4.5921 -3.91282 -6.97262      -2.57354 -1.94841 -1.23473 -3.91282 -4.5921 -6.97262     2.66589
52    -1.99021 -2.54285 -1.21283 -4.5416 -3.96436 -6.98051      -2.54285 -1.99021 -1.21283 -3.96436 -4.5416 -6.98051     2.68915
53    -2.03202 -2.51217 -1.19093 -4.4911 -4.0159 -6.98839      -2.51217 -2.03202 -1.19093 -4.0159 -4.4911 -6.98839     2.71467
54    -2.07382 -2.48148 -1.16904 -4.44059 -4.06745 -6.99628      -2.48148 -2.07382 -1.16904 -4.06745 -4.44059 -6.99628     2.74239
55    -2.11562 -2.4508 -1.14714 -4.39009 -4.11899 -7.00417      -2.4508 -2.11562 -1.14714 -4.11899 -4.39009 -7.00417     2.77225
56    -2.15743 -2.42011 -1.12524 -4.33959 -4.17053 -7.01205      -2.42011 -2.15743 -1.12524 -4.17053 -4.33959 -7.01205     2.80418
57    -2.19923 -2.38942 -1.10334 -4.28909 -4.22207 -7.01994      -2.38942 -2.19923 -1.10334 -4.22207 -4.28909 -7.01994     2.8381
58    -2.24103 -2.35874 -1.08144 -4.23859 -4.27361 -7.02783      -2.35874 -2.24103 -1.08144 -4.27361 -4.23859 -7.02783     2.87395
59    -2.28284 -2.32805 -1.05954 -4.18809 -4.32516 -7.03571      -2.28284 -2.32805 -1.05954 -4.18809 -4.32516 -7.03571     2.91165
60    -2.32464 -2.29737 -1.03764 -4.13759 -4.3767 -7.0436      -2.32464 -2.29737 -1.03764 -4.13759 -4.3767 -7.0436     2.88726
61    -2.36644 -2.26668 -1.01574 -4.08709 -4.42824 -7.05149      -2.36644 -2.26668 -1.01574 -4.08709 -4.42824 -7.05149     2.81323
62    -2.40825 -2.236 -0.993838 -4.03659 -4.47978 -7.05937      -2.40825 -2.236 -0.993838 -4.03659 -4.47978 -7.05937     2.7392
63    -2.45005 -2.20531 -0.971939 -3.98609 -4.53133 -7.06726      -2.45005 -2.20531 -0.971939 -3.98609 -4.53133 -7.06726     2.66517
64    -2.49185 -2.17462 -0.950039 -3.93559 -4.58287 -7.07515      -2.49185 -2.17462 -0.950039 -3.93559 -4.58287 -7.07515     2.59113
65    -2.53366 -2.14394 -0.928139 -3.88509 -4.63441 -7.08303      -2.53366 -2.14394 -0.928139 -3.88509 -4.63441 -7.08303     2.5171
66    -2.57546 -2.11325 -0.90624 -3.83459 -4.68595 -7.09092      -2.57546 -2.11325 -0.90624 -3.83459 -4.68595 -7.09092     2.44307
67    -2.61726 -2.08257 -0.88434 -3.78409 -4.73749 -7.09881      -2.61726 -2.08257 -0.88434 -3.78409 -4.73749 -7.09881     2.36904
68    -2.65906 -2.05188 -0.86244 -3.73358 -4.78904 -7.1067      -2.65906 -2.05188 -0.86244 -3.73358 -4.78904 -7.1067     2.295
69    -2.70087 -2.02119 -0.840541 -3.68308 -4.84058 -7.11458      -2.70087 -2.02119 -0.840541 -3.68308 -4.84058 -7.11458     2.22097
70    -2.74267 -1.99051 -0.818641 -3.63258 -4.89212 -7.12247      -2.74267 -1.99051 -0.818641 -3.63258 -4.89212 -7.12247     2.14694
71    -2.78447 -1.95982 -0.796742 -3.58208 -4.94366 -7.13036      -2.78447 -1.95982 -0.796742 -3.58208 -4.94366 -7.13036     2.07291
72    -2.82628 -1.92914 -0.774842 -3.53158 -4.9952 -7.13824      -2.82628 -1.92914 -0.774842 -3.53158 -4.9952 -7.13824     1.99887
73    -2.86808 -1.89845 -0.752942 -3.48108 -5.04675 -7.14613      -2.86808 -1.89845 -0.752942 -3.48108 -5.04675 -7.14613     1.92484
74    -2.90988 -1.86777 -0.731043 -3.43058 -5.09829 -7.15402      -2.90988 -1.86777 -0.731043 -3.43058 -5.09829 -7.15402     1.85081
75    -2.95169 -1.83708 -0.709143 -3.38008 -5.14983 -7.1619      -2.95169 -1.83708 -0.709143 -3.38008 -5.14983 -7.1619     1.77678
76    -2.99349 -1.80639 -0.687243 -3.32958 -5.20137 -7.16979      -2.99349 -1.80639 -0.687243 -3.32958 -5.20137 -7.16979     1.70274
77    -3.03529 -1.77571 -0.665344 -3.27908 -5.25292 -7.17768      -3.03529 -1.77571 -0.665344 -3.27908 -5.25292 -7.17768     1.62871
78    -3.0771 -1.74502 -0.643444 -3.22858 -5.30446 -7.18556      -3.0771 -1.74502 -0.643444 -3.22858 -5.30446 -7.18556     1.55468
79    -3.1189 -1.71434 -0.621545 -3.17808 -5.356 -7.19345      -3.1189 -1.71434 -0.621545 -3.17808 -5.356 -7.19345     1.48065
80    -3.1607 -1.68365 -0.599645 -3.12758 -5.40754 -7.20134      -3.1607 -1.68365 -0.599645 -3.12758 -5.40754 -7.20134     1.40662
81    -3.20251 -1.65296 -0.577745 -3.07708 -5.45908 -7.20922      -3.20251 -1.65296 -0.577745 -3.07708 -5.45908 -7.20922     1.33258
82    -3.24431 -1.62228 -0.555846 -3.02657 -5.51063 -7.21711      -3.24431 -1.62228 -0.555846 -3.02657 -5.51063 -7.21711     1.25855
83    -3.28611 -1.59159 -0.533946 -2.97607 -5.56217 -7.225      -3.28611 -1.59159 -0.533946 -2.97607 -5.56217 -7.225     1.18452
84    -3.32792 -1.56091 -0.512046 -2.92557 -5.61371 -7.23288      -3.32792 -1.56091 -0.512046 -2.92557 -5.61371 -7.23288     1.11049
85    -3.36972 -1.53022 -0.490147 -2.87507 -5.66525 -7.24077      -3.36972 -1.53022 -0.490147 -2.87507 -5.66525 -7.24077     1.03645
86    -3.41152 -1.49954 -0.468247 -2.82457 -5.71679 -7.24866      -3.41152 -1.49954 -0.468247 -2.82457 -5.71679 -7.24866     0.962421
87    -3.45333 -1.46885 -0.446348 -2.77407 -5.76834 -7.25654      -3.45333 -1.46885 -0.446348 -2.77407 -5.76834 -7.25654     0.888388
88    -3.49513 -1.43816 -0.424448 -2.72357 -5.81988 -7.26443      -3.49513 -1.43816 -0.424448 -2.72357 -5.81988 -7.26443     0.814356
89    -3.53693 -1.40748 -0.402548 -2.67307 -5.87142 -7.27232      -3.53693 -1.40748 -0.402548 -2.67307 -5.87142 -7.27232     0.740324
90    -3.57874 -1.37679 -0.380649 -2.62257 -5.92296 -7.2802      -3.57874 -1.37679 -0.380649 -2.62257 -5.92296 -7.2802     0.666291
91    -3.62054 -1.34611 -0.358749 -2.57207 -5.9745 -7.28809      -3.62054 -1.34611 -0.358749 -2.57207 -5.9745 -7.28809     0.592259
92    -3.66234 -1.31542 -0.33685 -2.52157 -6.02605 -7.29598      -3.66234 -1.31542 -0.33685 -2.52157 -6.02605 -7.29598     0.518227
93    -3.70414 -1.28473 -0.31495 -2.47107 -6.07759 -7.30386      -3.70414 -1.28473 -0.31495 -2.47107 -6.07759 -7.30386     0.444194
94    -3.74595 -1.25405 -0.29305 -2.42057 -6.12913 -7.31175      -3.74595 -1.25405 -0.29305 -2.42057 -6.12913 -7.31175     0.370162
95    -3.78775 -1.22336 -0.271151 -2.37007 -6.18067 -7.31964      -3.78775 -1.22336 -0.271151 -2.37007 -6.18067 -7.31964     0.296129
96    -3.82955 -1.19268 -0.249251 -2.31956 -6.23222 -7.32753      -3.82955 -1.19268 -0.249251 -2.31956 -6.23222 -7.32753     0.222097
97    -3.87136 -1.16199 -0.227351 -2.26906 -6.28376 -7.33541      -3.87136 -1.16199 -0.227351 -2.26906 -6.28376 -7.33541     0.148065
98    -3.91316 -1.13131 -0.205452 -2.21856 -6.3353 -7.3433      -3.91316 -1.13131 -0.205452 -2.21856 -6.3353 -7.3433     0.0740324
99    -3.95496 -1.10062 -0.183552 -2.16806 -6.38684 -7.35119      -3.95496 -1.10062 -0.183552 -2.16806 -6.38684 -7.35119     0
RANDOM_2017-10-17.11_06_13.0_.txt     Output is probe cell, reduced cell, NCDist distance between
0    -1.51313 0.93709 -0.952662 -18.5447 -1.41262 -4.3404      -0.0155715 -0.93709 -3.40331 -0.576042 -2.34971 -17.6077     4.6998e-15
1    -1.48838 0.937247 -0.927755 -18.4215 -1.47276 -4.50313      -0.00949278 -0.927755 -2.40052 -0.560628 -3.55639 -17.4748     0.171348
2    -1.46363 0.937405 -0.902848 -18.2983 -1.5329 -4.66585      -0.0345571 -0.902848 -2.43575 -0.560785 -3.69389 -17.3263     0.342695
3    -1.43888 0.937562 -0.877941 -18.175 -1.59305 -4.82857      -0.0596214 -0.877941 -2.47099 -0.560942 -3.83139 -17.1778     0.514043
4    -1.41413 0.937719 -0.853034 -18.0518 -1.65319 -4.9913      -0.0846857 -0.853034 -2.50622 -0.5611 -3.96889 -17.0294     0.685391
5    -1.38938 0.937877 -0.828127 -17.9286 -1.71333 -5.15402      -0.10975 -0.828127 -2.54146 -0.561257 -4.1064 -16.8809     0.856738
6    -1.36463 0.938034 -0.80322 -17.8053 -1.77347 -5.31675      -0.134814 -0.80322 -2.57669 -0.561414 -4.2439 -16.7325     1.02809
7    -1.33988 0.938191 -0.778313 -17.6821 -1.83361 -5.47947      -0.159879 -0.778313 -2.61193 -0.561572 -4.3814 -16.584     1.19943
8    -1.31513 0.938349 -0.753406 -17.5588 -1.89375 -5.64219      -0.184943 -0.753406 -2.64716 -0.561729 -4.5189 -16.4356     1.37078
9    -1.29038 0.938506 -0.728499 -17.4356 -1.9539 -5.80492      -0.210007 -0.728499 -2.6824 -0.561886 -4.65641 -16.2871     1.54213
10    -1.26564 0.938663 -0.703592 -17.3124 -2.01404 -5.96764      -0.235071 -0.703592 -2.71763 -0.562043 -4.79391 -16.1386     1.71348
11    -1.24089 0.93882 -0.678685 -17.1891 -2.07418 -6.13037      -0.260136 -0.678685 -2.75287 -0.562201 -4.93141 -15.9902     1.88482
12    -1.21614 0.938978 -0.653778 -17.0659 -2.13432 -6.29309      -0.2852 -0.653778 -2.7881 -0.562358 -5.06891 -15.8417     2.05617
13    -1.19139 0.939135 -0.628871 -16.9427 -2.19446 -6.45581      -0.310264 -0.628871 -2.82333 -0.562515 -5.20641 -15.6933     2.22752
14    -1.16664 0.939292 -0.603964 -16.8194 -2.25461 -6.61854      -0.335329 -0.603964 -2.85857 -0.562673 -5.34392 -15.5448     2.39887
15    -1.14189 0.93945 -0.579057 -16.6962 -2.31475 -6.78126      -0.360393 -0.579057 -2.8938 -0.56283 -5.48142 -15.3963     2.57021
16    -1.11714 0.939607 -0.55415 -16.5729 -2.37489 -6.94399      -0.385457 -0.55415 -2.92904 -0.562987 -5.61892 -15.2479     2.74156
17    -1.09239 0.939764 -0.529243 -16.4497 -2.43503 -7.10671      -0.410522 -0.529243 -2.96427 -0.563144 -5.75642 -15.0994     2.91291
18    -1.06764 0.939921 -0.504336 -16.3265 -2.49517 -7.26943      -0.435586 -0.504336 -2.99951 -0.563302 -5.89393 -14.951     3.08426
19    -1.04289 0.940079 -0.479429 -16.2032 -2.55532 -7.43216      -0.46065 -0.479429 -3.03474 -0.563459 -6.03143 -14.8025     3.25561
20    -1.01814 0.940236 -0.454522 -16.08 -2.61546 -7.59488      -0.485714 -0.454522 -3.06998 -0.563616 -6.16893 -14.654     3.42238
21    -0.993388 0.940393 -0.429615 -15.9568 -2.6756 -7.75761      -0.510779 -0.429615 -3.10521 -0.563774 -6.30643 -14.5056     3.48854
22    -0.968638 0.940551 -0.404708 -15.8335 -2.73574 -7.92033      -0.535843 -0.404708 -3.14045 -0.563931 -6.44394 -14.3571     3.56968
23    -0.943889 0.940708 -0.3798 -15.7103 -2.79588 -8.08305      -0.560907 -0.3798 -3.17568 -0.564088 -6.58144 -14.2087     3.66481
24    -0.919139 0.940865 -0.354893 -15.587 -2.85603 -8.24578      -0.585972 -0.354893 -3.21092 -0.564245 -6.71894 -14.0602     3.77289
25    -0.894389 0.941022 -0.329986 -15.4638 -2.91617 -8.4085      -0.611036 -0.329986 -3.24615 -0.564403 -6.85644 -13.9117     3.89282
26    -0.869639 0.94118 -0.305079 -15.3406 -2.97631 -8.57122      -0.6361 -0.305079 -3.28139 -0.56456 -6.99394 -13.7633     4.02355
27    -0.84489 0.941337 -0.280172 -15.2173 -3.03645 -8.73395      -0.661165 -0.280172 -3.31662 -0.564717 -7.13145 -13.6148     4.16406
28    -0.82014 0.941494 -0.255265 -15.0941 -3.09659 -8.89667      -0.686229 -0.255265 -3.35186 -0.564875 -7.26895 -13.4664     4.31339
29    -0.79539 0.941652 -0.230358 -14.9709 -3.15673 -9.0594      -0.711293 -0.230358 -3.38709 -0.565032 -7.40645 -13.3179     4.47067
30    -0.770641 0.941809 -0.205451 -14.8476 -3.21688 -9.22212      -0.736357 -0.205451 -3.42233 -0.565189 -7.54395 -13.1694     4.63508
31    -0.745891 0.941966 -0.180544 -14.7244 -3.27702 -9.38484      -0.761422 -0.180544 -3.45756 -0.565346 -7.68146 -13.021     4.80589
32    -0.721141 0.942123 -0.155637 -14.6011 -3.33716 -9.54757      -0.786486 -0.155637 -3.4928 -0.565504 -7.81896 -12.8725     4.98244
33    -0.696391 0.942281 -0.13073 -14.4779 -3.3973 -9.71029      -0.81155 -0.13073 -3.52803 -0.565661 -7.95646 -12.7241     5.16415
34    -0.671642 0.942438 -0.105823 -14.3547 -3.45744 -9.87302      -0.836615 -0.105823 -3.56327 -0.565818 -8.09396 -12.5756     5.27065
35    -0.646892 0.942595 -0.0809164 -14.2314 -3.51759 -10.0357      -0.861679 -0.0809164 -3.5985 -0.565976 -8.23147 -12.4272     5.37279
36    -0.622142 0.942753 -0.0560094 -14.1082 -3.57773 -10.1985      -0.886743 -0.0560094 -3.63374 -0.566133 -8.36897 -12.2787     5.48152
37    -0.597393 0.94291 -0.0311024 -13.9849 -3.63787 -10.3612      -0.911807 -3.66897 -0.0311024 -0.56629 -12.1302 -8.50647     5.59645
38    -0.572643 0.943067 -0.00619535 -13.8617 -3.69801 -10.5239      -0.936872 -3.70421 -0.00619535 -0.566447 -11.9818 -8.64397     5.71721
39    -0.547893 0.943224 0.0187117 -13.7385 -3.75815 -10.6866      -0.943224 -0.0187117 -0.547893 -3.72073 -8.80019 -11.8146     6.09273    *****
40    -0.523143 0.943382 0.0436187 -13.6152 -3.8183 -10.8494      -0.943382 -0.0436187 -0.523143 -3.73106 -8.9626 -11.6412     6.27383
41    -0.498394 0.943539 0.0685257 -13.492 -3.87844 -11.0121      -0.943539 -0.0685257 -0.498394 -3.74139 -9.12501 -11.4679     6.41304
42    -0.473644 0.943696 0.0934327 -13.3688 -3.93858 -11.1748      -0.943696 -0.0934327 -0.473644 -3.75171 -9.28741 -11.2945     6.44155
43    -0.448894 0.943854 0.11834 -13.2455 -3.99872 -11.3375      -0.943854 -0.11834 -0.448894 -3.76204 -9.44982 -11.1211     6.48049
44    -0.424144 0.944011 0.143247 -13.1223 -4.05886 -11.5003      -0.944011 -0.143247 -0.424144 -3.77237 -9.61223 -10.9478     6.52968
45    -0.399395 0.944168 0.168154 -12.999 -4.11901 -11.663      -0.944168 -0.168154 -0.399395 -3.7827 -9.77464 -10.7744     6.58889
46    -0.374645 0.944325 0.193061 -12.8758 -4.17915 -11.8257      -0.944325 -0.193061 -0.374645 -3.79303 -9.93705 -10.601     6.65785
47    -0.349895 0.944483 0.217968 -12.7526 -4.23929 -11.9884      -0.944483 -0.217968 -0.349895 -3.80335 -10.0995 -10.4277     6.73626
48    -0.325146 0.94464 0.242875 -12.6293 -4.29943 -12.1512      -0.94464 -0.325146 -0.242875 -3.81368 -10.2543 -10.2619     6.75122
49    -0.300396 0.944797 0.267782 -12.5061 -4.35957 -12.3139      -0.944797 -0.300396 -0.267782 -3.82401 -10.0809 -10.4243     6.69998
50    -0.275646 0.944955 0.292689 -12.3829 -4.41971 -12.4766      -0.944955 -0.275646 -0.292689 -3.83434 -9.90757 -10.5867     6.62803
51    -0.250896 0.945112 0.317596 -12.2596 -4.47986 -12.6393      -0.945112 -0.250896 -0.317596 -3.84466 -9.7342 -10.7491     6.56832
52    -0.226147 0.945269 0.342503 -12.1364 -4.54 -12.802      -0.945269 -0.226147 -0.342503 -3.85499 -9.56084 -10.9115     6.52119
53    -0.201397 0.945426 0.36741 -12.0131 -4.60014 -12.9648      -0.945426 -0.201397 -0.36741 -3.86532 -9.38747 -11.0739     6.4869
54    -0.176647 0.945584 0.392317 -11.8899 -4.66028 -13.1275      -0.945584 -0.176647 -0.392317 -3.87565 -9.21411 -11.2363     6.46567
55    -0.151898 0.945741 0.417224 -11.7667 -4.72042 -13.2902      -0.945741 -0.151898 -0.417224 -3.88598 -9.04074 -11.3987     6.45128
56    -0.127148 0.945898 0.442131 -11.6434 -4.78057 -13.4529      -0.945898 -0.127148 -0.442131 -3.8963 -8.86737 -11.5611     6.27026
57    -0.102398 0.946056 0.467038 -11.5202 -4.84071 -13.6157      -0.946056 -0.102398 -0.467038 -3.90663 -8.69401 -11.7236     6.09149
58    -0.0776484 0.946213 0.491945 -11.397 -4.90085 -13.7784      -0.946213 -0.0776484 -0.491945 -3.91696 -8.52064 -11.886     5.91519
59    -0.0528987 0.94637 0.516852 -11.2737 -4.96099 -13.9411      -0.94637 -0.0528987 -0.516852 -3.92729 -8.34727 -12.0484     5.74159
60    -0.0281489 0.946527 0.541759 -11.1505 -5.02113 -14.1038      -0.946527 -0.0281489 -0.541759 -3.93762 -8.17391 -12.2108     5.57092
61    -0.00339922 0.946685 0.566666 -11.0272 -5.08128 -14.2666      -0.946685 -0.00339922 -0.566666 -3.94794 -8.00054 -12.3732     5.40349
62    0.0213505 0.946842 0.591573 -10.904 -5.14142 -14.4293      -0.925492 -0.0213505 -3.93692 -0.570222 -7.84853 -12.5143     5.02711    *****
63    0.0461002 0.946999 0.61648 -10.7808 -5.20156 -14.592      -0.900899 -0.0461002 -3.9225 -0.57038 -7.69991 -12.6519     4.92404
64    0.0708499 0.947157 0.641387 -10.6575 -5.2617 -14.7547      -0.876307 -0.0708499 -3.90808 -0.570537 -7.55129 -12.7896     4.82819
65    0.0955997 0.947314 0.666294 -10.5343 -5.32184 -14.9175      -0.851714 -0.0955997 -3.89366 -0.570694 -7.40268 -12.9272     4.74003
66    0.120349 0.947471 0.691201 -10.4111 -5.38198 -15.0802      -0.827122 -0.120349 -3.87923 -0.570852 -7.25406 -13.0649     4.58744    *****
67    0.145099 0.947628 0.716108 -10.2878 -5.44213 -15.2429      -0.802529 -0.145099 -3.86481 -0.571009 -7.10544 -13.2025     4.42212
68    0.169849 0.947786 0.741015 -10.1646 -5.50227 -15.4056      -0.777937 -0.169849 -3.85039 -0.571166 -6.95683 -13.3402     4.26393
69    0.194599 0.947943 0.765922 -10.0413 -5.56241 -15.5684      -0.753345 -0.194599 -3.83597 -0.571323 -6.80821 -13.4779     4.11372
70    0.219348 0.9481 0.790829 -9.9181 -5.62255 -15.7311      -0.728752 -0.219348 -3.82155 -0.571481 -6.65959 -13.6155     3.97237
71    0.244098 0.948258 0.815736 -9.79486 -5.68269 -15.8938      -0.70416 -0.244098 -3.80712 -0.571638 -6.51098 -13.7532     3.84088
72    0.268848 0.948415 0.840643 -9.67163 -5.74284 -16.0565      -0.679567 -0.268848 -3.7927 -0.571795 -6.36236 -13.8908     3.72029
73    0.293597 0.948572 0.86555 -9.54839 -5.80298 -16.2192      -0.654975 -0.293597 -3.77828 -0.571953 -6.21374 -14.0285     3.61169
74    0.318347 0.94873 0.890457 -9.42515 -5.86312 -16.382      -0.630382 -0.318347 -3.76386 -0.57211 -6.06513 -14.1662     3.51618
75    0.343097 0.948887 0.915364 -9.30191 -5.92326 -16.5447      -0.60579 -0.343097 -3.74944 -0.572267 -5.91651 -14.3038     3.43487
76    0.367847 0.949044 0.940271 -9.17868 -5.9834 -16.7074      -0.581197 -0.367847 -3.73502 -0.572424 -5.76789 -14.4415     3.35646
77    0.392596 0.949201 0.965178 -9.05544 -6.04355 -16.8701      -0.556605 -0.392596 -3.72059 -0.572582 -5.61928 -14.5791     3.19792    *****
78    0.417346 0.949359 0.990085 -8.9322 -6.10369 -17.0329      -0.532013 -0.417346 -3.70617 -0.572739 -5.47066 -14.7168     3.04076
79    0.442096 0.949516 1.01499 -8.80896 -6.16383 -17.1956      -0.50742 -0.442096 -3.69175 -0.572896 -5.32204 -14.8545     2.88521
80    0.466845 0.949673 1.0399 -8.68572 -6.22397 -17.3583      -0.482828 -0.466845 -3.67733 -0.573054 -5.17343 -14.9921     2.73156
81    0.491595 0.949831 1.06481 -8.56249 -6.28411 -17.521      -0.458235 -0.491595 -3.66291 -0.573211 -5.02481 -15.1298     2.58014
82    0.516345 0.949988 1.08971 -8.43925 -6.34426 -17.6838      -0.433643 -0.516345 -3.64848 -0.573368 -4.87619 -15.2674     2.43136
83    0.541095 0.950145 1.11462 -8.31601 -6.4044 -17.8465      -0.40905 -0.541095 -3.63406 -0.573525 -4.72758 -15.4051     2.28575
84    0.565844 0.950302 1.13953 -8.19277 -6.46454 -18.0092      -0.384458 -0.565844 -3.61964 -0.573683 -4.57896 -15.5428     2.14394
85    0.590594 0.95046 1.16443 -8.06954 -6.52468 -18.1719      -0.359866 -0.590594 -3.60522 -0.57384 -4.43034 -15.6804     2.00675
86    0.615344 0.950617 1.18934 -7.9463 -6.58482 -18.3347      -0.335273 -0.615344 -3.5908 -0.573997 -4.28173 -15.8181     1.87519
87    0.640094 0.950774 1.21425 -7.82306 -6.64496 -18.4974      -0.310681 -0.640094 -3.57638 -0.574155 -4.13311 -15.9557     1.75053
88    0.664843 0.950932 1.23916 -7.69982 -6.70511 -18.6601      -0.286088 -0.664843 -3.56195 -0.574312 -3.98449 -16.0934     1.63435
89    0.689593 0.951089 1.26406 -7.57659 -6.76525 -18.8228      -0.261496 -0.689593 -3.54753 -0.574469 -3.83588 -16.2311     1.52858
90    0.714343 0.951246 1.28897 -7.45335 -6.82539 -18.9856      -0.236903 -0.714343 -3.53311 -0.574626 -3.68726 -16.3687     1.43552
91    0.739092 0.951403 1.31388 -7.33011 -6.88553 -19.1483      -0.212311 -0.739092 -3.51869 -0.574784 -3.53864 -16.5064     1.35779
92    0.763842 0.951561 1.33878 -7.20687 -6.94567 -19.311      -0.187719 -0.763842 -3.50427 -0.574941 -3.39003 -16.644     1.19943    *****
93    0.788592 0.951718 1.36369 -7.08363 -7.00582 -19.4737      -0.163126 -0.788592 -3.48984 -0.575098 -3.24141 -16.7817     1.02809
94    0.813342 0.951875 1.3886 -6.9604 -7.06596 -19.6364      -0.138534 -0.813342 -3.47542 -0.575256 -3.09279 -16.9194     0.856738
95    0.838091 0.952033 1.4135 -6.83716 -7.1261 -19.7992      -0.113941 -0.838091 -3.461 -0.575413 -2.94418 -17.057     0.685391
96    0.862841 0.95219 1.43841 -6.71392 -7.18624 -19.9619      -0.0893488 -0.862841 -3.44658 -0.57557 -2.79556 -17.1947     0.514043
97    0.887591 0.952347 1.46332 -6.59068 -7.24638 -20.1246      -0.0647564 -0.887591 -3.43216 -0.575727 -2.64694 -17.3323     0.342695
98    0.91234 0.952504 1.48823 -6.46745 -7.30653 -20.2873      -0.040164 -0.91234 -3.41773 -0.575885 -2.49833 -17.47     0.171348
99    0.93709 0.952662 1.51313 -6.34421 -7.36667 -20.4501      -0.0155715 -0.93709 -3.40331 -0.576042 -2.34971 -17.6077     0
RANDOM_2017-10-17.11_06_13.0_.txt     Output is probe cell, reduced cell, NCDist distance between
0    2.06145 0.656588 -1.29105 -10.4716 -11.3541 -14.5185      -0.656588 -2.06145 -1.29105 -7.23119 -9.15839 -9.08247     2.80867e-15
1    2.03399 0.629133 -1.29105 -10.4388 -11.3319 -14.4636      -0.629133 -2.03399 -1.29105 -7.26392 -9.18057 -9.13738     0.0481352
2    2.00654 0.601678 -1.29105 -10.4061 -11.3097 -14.4087      -0.601678 -2.00654 -1.29105 -7.29665 -9.20275 -9.19229     0.0962703
3    1.97908 0.574224 -1.29105 -10.3734 -11.2875 -14.3538      -0.574224 -1.97908 -1.29105 -7.32938 -9.22493 -9.2472     0.144405
4    1.95163 0.546769 -1.29105 -10.3406 -11.2654 -14.2989      -0.546769 -1.95163 -1.29105 -7.36211 -9.2471 -9.30211     0.192541
5    1.92417 0.519314 -1.29105 -10.3079 -11.2432 -14.244      -0.519314 -1.92417 -1.29105 -7.39484 -9.26928 -9.35702     0.240676
6    1.89672 0.491859 -1.29105 -10.2752 -11.221 -14.1891      -0.491859 -1.89672 -1.29105 -7.42757 -9.29146 -9.41193     0.288811
7    1.86926 0.464404 -1.29105 -10.2424 -11.1988 -14.1342      -0.464404 -1.86926 -1.29105 -7.4603 -9.31364 -9.46684     0.336946
8    1.84181 0.436949 -1.29105 -10.2097 -11.1767 -14.0793      -0.436949 -1.84181 -1.29105 -7.49304 -9.33582 -9.52175     0.385081
9    1.81435 0.409494 -1.29105 -10.177 -11.1545 -14.0244      -0.409494 -1.81435 -1.29105 -7.52577 -9.358 -9.57666     0.433216
10    1.7869 0.382039 -1.29105 -10.1443 -11.1323 -13.9694      -0.382039 -1.7869 -1.29105 -7.5585 -9.38018 -9.63157     0.481352
11    1.75944 0.354584 -1.29105 -10.1115 -11.1101 -13.9145      -0.354584 -1.75944 -1.29105 -7.59123 -9.40236 -9.68648     0.529487
12    1.73199 0.327129 -1.29105 -10.0788 -11.0879 -13.8596      -0.327129 -1.73199 -1.29105 -7.62396 -9.42453 -9.74139     0.577622
13    1.70453 0.299674 -1.29105 -10.0461 -11.0658 -13.8047      -0.299674 -1.70453 -1.29105 -7.65669 -9.44671 -9.7963     0.625757
14    1.67708 0.272219 -1.29105 -10.0133 -11.0436 -13.7498      -0.272219 -1.67708 -1.29105 -7.68942 -9.46889 -9.85121     0.673892
15    1.64962 0.244765 -1.29105 -9.9806 -11.0214 -13.6949      -0.244765 -1.64962 -1.29105 -7.72215 -9.49107 -9.90612     0.722027
16    1.62217 0.21731 -1.29105 -9.94787 -10.9992 -13.64      -0.21731 -1.62217 -1.29105 -7.75488 -9.51325 -9.96103     0.770163
17    1.59471 0.189855 -1.29105 -9.91514 -10.977 -13.5851      -0.189855 -1.59471 -1.29105 -7.78762 -9.53543 -10.0159     0.818298
18    1.56726 0.1624 -1.29105 -9.88241 -10.9549 -13.5302      -0.1624 -1.56726 -1.29105 -7.82035 -9.55761 -10.0708     0.866433
19    1.53981 0.134945 -1.29105 -9.84968 -10.9327 -13.4753      -0.134945 -1.53981 -1.29105 -7.85308 -9.57979 -10.1258     0.914568
20    1.51235 0.10749 -1.29105 -9.81694 -10.9105 -13.4203      -0.10749 -1.51235 -1.29105 -7.88581 -9.60196 -10.1807     0.962703
21    1.4849 0.080035 -1.29105 -9.78421 -10.8883 -13.3654      -0.080035 -1.4849 -1.29105 -7.91854 -9.62414 -10.2356     1.01084
22    1.45744 0.0525801 -1.29105 -9.75148 -10.8662 -13.3105      -0.0525801 -1.45744 -1.29105 -7.95127 -9.64632 -10.2905     1.05897
23    1.42999 0.0251252 -1.29105 -9.71875 -10.844 -13.2556      -0.0251252 -1.42999 -1.29105 -7.984 -9.6685 -10.3454     1.10711
24    1.40253 -0.00232972 -1.29105 -9.68602 -10.8218 -13.2007      -1.4002 -9.68835 -0.00232972 -1.28872 -10.398 -8.01906     1.45    *****
25    1.37508 -0.0297846 -1.29105 -9.65329 -10.7996 -13.1458      -1.34529 -9.68307 -0.0297846 -1.26126 -10.4254 -8.07925     1.51042
26    1.34762 -0.0572395 -1.29105 -9.62056 -10.7774 -13.0909      -1.29038 -9.6778 -0.0572395 -1.23381 -10.4529 -8.13943     1.56825
27    1.32017 -0.0846945 -1.29105 -9.58783 -10.7553 -13.036      -1.23547 -9.67252 -0.0846945 -1.20635 -10.4803 -8.19962     1.60908
28    1.29271 -0.112149 -1.29105 -9.5551 -10.7331 -12.9811      -1.18056 -9.66724 -0.112149 -1.1789 -10.5078 -8.25981     1.6543
29    1.26526 -0.139604 -1.29105 -9.52236 -10.7109 -12.9262      -1.12565 -9.66197 -0.139604 -1.15144 -10.5353 -8.31999     1.70357
30    1.2378 -0.167059 -1.29105 -9.48963 -10.6887 -12.8713      -1.07074 -9.65669 -0.167059 -1.12399 -10.5627 -8.38018     1.75654
31    1.21035 -0.194514 -1.29105 -9.4569 -10.6665 -12.8163      -1.01583 -9.65142 -0.194514 -1.09653 -10.5902 -8.44036     1.81288
32    1.18289 -0.221969 -1.29105 -9.42417 -10.6444 -12.7614      -0.960922 -9.64614 -0.221969 -1.06908 -10.6176 -8.50055     1.87231
33    1.15544 -0.249424 -1.29105 -9.39144 -10.6222 -12.7065      -0.906012 -9.64086 -0.249424 -1.04162 -10.6451 -8.56074     1.93406
34    1.12798 -0.276879 -1.29105 -9.35871 -10.6 -12.6516      -0.851102 -9.63559 -0.276879 -1.01417 -10.6725 -8.62092     1.94965
35    1.10053 -0.304334 -1.29105 -9.32598 -10.5778 -12.5967      -0.796193 -9.63031 -0.304334 -0.986712 -10.7 -8.68111     1.96965
36    1.07307 -0.331789 -1.29105 -9.29325 -10.5556 -12.5418      -0.741283 -9.62503 -0.331789 -0.959258 -10.7274 -8.74129     1.99394
37    1.04562 -0.359244 -1.29105 -9.26052 -10.5335 -12.4869      -0.686373 -9.61976 -0.359244 -0.931803 -10.7549 -8.80148     2.02235
38    1.01816 -0.386699 -1.29105 -9.22778 -10.5113 -12.432      -0.631463 -9.61448 -0.386699 -0.904348 -10.7823 -8.86167     2.05471
39    0.990707 -0.414153 -1.29105 -9.19505 -10.4891 -12.3771      -0.576553 -9.60921 -0.414153 -0.876893 -10.8098 -8.92185     2.09085
40    0.963252 -0.441608 -1.29105 -9.16232 -10.4669 -12.3222      -0.521643 -9.60393 -0.441608 -0.849438 -10.8373 -8.98204     2.13056
41    0.935797 -0.469063 -1.29105 -9.12959 -10.4448 -12.2672      -0.466734 -9.59865 -0.469063 -0.821983 -10.8647 -9.04223     2.17366
42    0.908342 -0.496518 -1.29105 -9.09686 -10.4226 -12.2123      -0.411824 -9.59338 -0.496518 -0.794528 -10.8922 -9.10241     2.21995
43    0.880887 -0.523973 -1.29105 -9.06413 -10.4004 -12.1574      -0.356914 -9.5881 -0.523973 -0.767073 -10.9196 -9.1626     2.26923
44    0.853432 -0.551428 -1.29105 -9.0314 -10.3782 -12.1025      -0.302004 -9.58283 -0.551428 -0.739618 -10.9471 -9.22278     2.32131
45    0.825977 -0.578883 -1.29105 -8.99867 -10.356 -12.0476      -0.247094 -9.57755 -0.578883 -0.712163 -10.9745 -9.28297     2.37601
46    0.798522 -0.606338 -1.29105 -8.96594 -10.3339 -11.9927      -0.192184 -9.57227 -0.606338 -0.684708 -11.002 -9.34316     2.43314
47    0.771067 -0.633793 -1.29105 -8.9332 -10.3117 -11.9378      -0.137275 -9.567 -0.633793 -0.657254 -11.0294 -9.40334     2.49255
48    0.743612 -0.661248 -1.29105 -8.90047 -10.2895 -11.8829      -0.0823647 -9.56172 -0.661248 -0.629799 -11.0569 -9.46353     2.55407
49    0.716158 -0.688703 -1.29105 -8.86774 -10.2673 -11.828      -0.0274549 -9.55644 -0.688703 -0.602344 -11.0844 -9.52371     2.61756
50    0.688703 -0.716158 -1.29105 -8.83501 -10.2451 -11.7731      -0.0274549 -9.55644 -0.688703 -0.602344 -11.0844 -9.52371     2.61756
51    0.661248 -0.743612 -1.29105 -8.80228 -10.223 -11.7181      -0.0823647 -9.56172 -0.661248 -0.629799 -11.0569 -9.46353     2.55407
52    0.633793 -0.771067 -1.29105 -8.76955 -10.2008 -11.6632      -0.137275 -9.567 -0.633793 -0.657254 -11.0294 -9.40334     2.49255
53    0.606338 -0.798522 -1.29105 -8.73682 -10.1786 -11.6083      -0.192184 -9.57227 -0.606338 -0.684708 -11.002 -9.34316     2.43314
54    0.578883 -0.825977 -1.29105 -8.70409 -10.1564 -11.5534      -0.247094 -9.57755 -0.578883 -0.712163 -10.9745 -9.28297     2.37601
55    0.551428 -0.853432 -1.29105 -8.67136 -10.1343 -11.4985      -0.302004 -9.58283 -0.551428 -0.739618 -10.9471 -9.22278     2.32131
56    0.523973 -0.880887 -1.29105 -8.63862 -10.1121 -11.4436      -0.356914 -9.5881 -0.523973 -0.767073 -10.9196 -9.1626     2.26923
57    0.496518 -0.908342 -1.29105 -8.60589 -10.0899 -11.3887      -0.411824 -9.59338 -0.496518 -0.794528 -10.8922 -9.10241     2.21995
58    0.469063 -0.935797 -1.29105 -8.57316 -10.0677 -11.3338      -0.466734 -9.59865 -0.469063 -0.821983 -10.8647 -9.04223     2.17366
59    0.441608 -0.963252 -1.29105 -8.54043 -10.0455 -11.2789      -0.521643 -9.60393 -0.441608 -0.849438 -10.8373 -8.98204     2.13056
60    0.414153 -0.990707 -1.29105 -8.5077 -10.0234 -11.224      -0.576553 -9.60921 -0.414153 -0.876893 -10.8098 -8.92185     2.09085
61    0.386699 -1.01816 -1.29105 -8.47497 -10.0012 -11.169      -0.631463 -9.61448 -0.386699 -0.904348 -10.7823 -8.86167     2.05471
62    0.359244 -1.04562 -1.29105 -8.44224 -9.979 -11.1141      -0.686373 -9.61976 -0.359244 -0.931803 -10.7549 -8.80148     2.02235
63    0.331789 -1.07307 -1.29105 -8.40951 -9.95682 -11.0592      -0.741283 -9.62503 -0.331789 -0.959258 -10.7274 -8.74129     1.99394
64    0.304334 -1.10053 -1.29105 -8.37678 -9.93464 -11.0043      -0.796193 -9.63031 -0.304334 -0.986712 -10.7 -8.68111     1.96965
65    0.276879 -1.12798 -1.29105 -8.34404 -9.91247 -10.9494      -0.851102 -9.63559 -0.276879 -1.01417 -10.6725 -8.62092     1.94965
66    0.249424 -1.15544 -1.29105 -8.31131 -9.89029 -10.8945      -0.906012 -9.64086 -0.249424 -1.04162 -10.6451 -8.56074     1.93406
67    0.221969 -1.18289 -1.29105 -8.27858 -9.86811 -10.8396      -0.960922 -9.64614 -0.221969 -1.06908 -10.6176 -8.50055     1.87231    *****
68    0.194514 -1.21035 -1.29105 -8.24585 -9.84593 -10.7847      -1.01583 -9.65142 -0.194514 -1.09653 -10.5902 -8.44036     1.81288
69    0.167059 -1.2378 -1.29105 -8.21312 -9.82375 -10.7298      -1.07074 -9.65669 -0.167059 -1.12399 -10.5627 -8.38018     1.75654
70    0.139604 -1.26526 -1.29105 -8.18039 -9.80157 -10.6749      -1.12565 -9.66197 -0.139604 -1.15144 -10.5353 -8.31999     1.70357
71    0.112149 -1.29271 -1.29105 -8.14766 -9.77939 -10.6199      -1.18056 -9.66724 -0.112149 -1.1789 -10.5078 -8.25981     1.6543
72    0.0846945 -1.32017 -1.29105 -8.11493 -9.75722 -10.565      -1.23547 -9.67252 -0.0846945 -1.20635 -10.4803 -8.19962     1.60908
73    0.0572395 -1.34762 -1.29105 -8.0822 -9.73504 -10.5101      -1.29038 -9.6778 -0.0572395 -1.23381 -10.4529 -8.13943     1.56825
74    0.0297846 -1.37508 -1.29105 -8.04946 -9.71286 -10.4552      -1.34529 -9.68307 -0.0297846 -1.26126 -10.4254 -8.07925     1.51042
75    0.00232972 -1.40253 -1.29105 -8.01673 -9.69068 -10.4003      -1.4002 -9.68835 -0.00232972 -1.28872 -10.398 -8.01906     1.45
76    -0.0251252 -1.42999 -1.29105 -7.984 -9.6685 -10.3454      -0.0251252 -1.42999 -1.29105 -7.984 -9.6685 -10.3454     1.10711    *****
77    -0.0525801 -1.45744 -1.29105 -7.95127 -9.64632 -10.2905      -0.0525801 -1.45744 -1.29105 -7.95127 -9.64632 -10.2905     1.05897
78    -0.080035 -1.4849 -1.29105 -7.91854 -9.62414 -10.2356      -0.080035 -1.4849 -1.29105 -7.91854 -9.62414 -10.2356     1.01084
79    -0.10749 -1.51235 -1.29105 -7.88581 -9.60196 -10.1807      -0.10749 -1.51235 -1.29105 -7.88581 -9.60196 -10.1807     0.962703
80    -0.134945 -1.53981 -1.29105 -7.85308 -9.57979 -10.1258      -0.134945 -1.53981 -1.29105 -7.85308 -9.57979 -10.1258     0.914568
81    -0.1624 -1.56726 -1.29105 -7.82035 -9.55761 -10.0708      -0.1624 -1.56726 -1.29105 -7.82035 -9.55761 -10.0708     0.866433
82    -0.189855 -1.59471 -1.29105 -7.78762 -9.53543 -10.0159      -0.189855 -1.59471 -1.29105 -7.78762 -9.53543 -10.0159     0.818298
83    -0.21731 -1.62217 -1.29105 -7.75488 -9.51325 -9.96103      -0.21731 -1.62217 -1.29105 -7.75488 -9.51325 -9.96103     0.770163
84    -0.244765 -1.64962 -1.29105 -7.72215 -9.49107 -9.90612      -0.244765 -1.64962 -1.29105 -7.72215 -9.49107 -9.90612     0.722027
85    -0.272219 -1.67708 -1.29105 -7.68942 -9.46889 -9.85121      -0.272219 -1.67708 -1.29105 -7.68942 -9.46889 -9.85121     0.673892
86    -0.299674 -1.70453 -1.29105 -7.65669 -9.44671 -9.7963      -0.299674 -1.70453 -1.29105 -7.65669 -9.44671 -9.7963     0.625757
87    -0.327129 -1.73199 -1.29105 -7.62396 -9.42453 -9.74139      -0.327129 -1.73199 -1.29105 -7.62396 -9.42453 -9.74139     0.577622
88    -0.354584 -1.75944 -1.29105 -7.59123 -9.40236 -9.68648      -0.354584 -1.75944 -1.29105 -7.59123 -9.40236 -9.68648     0.529487
89    -0.382039 -1.7869 -1.29105 -7.5585 -9.38018 -9.63157      -0.382039 -1.7869 -1.29105 -7.5585 -9.38018 -9.63157     0.481352
90    -0.409494 -1.81435 -1.29105 -7.52577 -9.358 -9.57666      -0.409494 -1.81435 -1.29105 -7.52577 -9.358 -9.57666     0.433216
91    -0.436949 -1.84181 -1.29105 -7.49304 -9.33582 -9.52175      -0.436949 -1.84181 -1.29105 -7.49304 -9.33582 -9.52175     0.385081
92    -0.464404 -1.86926 -1.29105 -7.4603 -9.31364 -9.46684      -0.464404 -1.86926 -1.29105 -7.4603 -9.31364 -9.46684     0.336946
93    -0.491859 -1.89672 -1.29105 -7.42757 -9.29146 -9.41193      -0.491859 -1.89672 -1.29105 -7.42757 -9.29146 -9.41193     0.288811
94    -0.519314 -1.92417 -1.29105 -7.39484 -9.26928 -9.35702      -0.519314 -1.92417 -1.29105 -7.39484 -9.26928 -9.35702     0.240676
95    -0.546769 -1.95163 -1.29105 -7.36211 -9.2471 -9.30211      -0.546769 -1.95163 -1.29105 -7.36211 -9.2471 -9.30211     0.192541
96    -0.574224 -1.97908 -1.29105 -7.32938 -9.22493 -9.2472      -0.574224 -1.97908 -1.29105 -7.32938 -9.22493 -9.2472     0.144405
97    -0.601678 -2.00654 -1.29105 -7.29665 -9.20275 -9.19229      -0.601678 -2.00654 -1.29105 -7.29665 -9.20275 -9.19229     0.0962703
98    -0.629133 -2.03399 -1.29105 -7.26392 -9.18057 -9.13738      -0.629133 -2.03399 -1.29105 -7.26392 -9.18057 -9.13738     0.0481352
99    -0.656588 -2.06145 -1.29105 -7.23119 -9.15839 -9.08247      -0.656588 -2.06145 -1.29105 -7.23119 -9.15839 -9.08247     0
RANDOM_2017-10-17.11_06_13.0_.txt     Output is probe cell, reduced cell, NCDist distance between
0    0.399114 -1.1777 -0.607646 -9.2171 -8.42184 -13.25      -0.778586 -8.02272 -0.399114 -0.208532 -12.8509 -9.61622     2.51215e-15
1    0.406978 -1.16177 -0.59537 -9.22135 -8.46594 -13.2738      -0.754794 -8.05896 -0.406978 -0.188392 -12.8668 -9.62832     0.0262575
2    0.414843 -1.14584 -0.583094 -9.22559 -8.51004 -13.2976      -0.731002 -8.0952 -0.414843 -0.168251 -12.8827 -9.64043     0.052515
3    0.422707 -1.12992 -0.570819 -9.22983 -8.55414 -13.3214      -0.70721 -8.13143 -0.422707 -0.148111 -12.8987 -9.65254     0.0787726
4    0.430572 -1.11399 -0.558543 -9.23407 -8.59824 -13.3452      -0.683418 -8.16767 -0.430572 -0.127971 -12.9146 -9.66465     0.10503
5    0.438436 -1.09806 -0.546267 -9.23832 -8.64234 -13.3689      -0.659626 -8.20391 -0.438436 -0.107831 -12.9305 -9.67675     0.131288
6    0.446301 -1.08214 -0.533992 -9.24256 -8.68644 -13.3927      -0.635835 -8.24014 -0.446301 -0.0876907 -12.9464 -9.68886     0.157545
7    0.454165 -1.06621 -0.521716 -9.2468 -8.73054 -13.4165      -0.612043 -8.27638 -0.454165 -0.0675506 -12.9624 -9.70097     0.183803
8    0.46203 -1.05028 -0.50944 -9.25105 -8.77464 -13.4403      -0.588251 -8.31261 -0.46203 -0.0474104 -12.9783 -9.71308     0.21006
9    0.469894 -1.03435 -0.497165 -9.25529 -8.81874 -13.4641      -0.564459 -8.34885 -0.469894 -0.0272702 -12.9942 -9.72518     0.236318
10    0.477759 -1.01843 -0.484889 -9.25953 -8.86284 -13.4879      -0.540667 -8.38509 -0.477759 -0.00713005 -13.0101 -9.73729     0.262575
11    0.485623 -1.0025 -0.472613 -9.26377 -8.90694 -13.5117      -0.529885 -8.40831 -0.472613 -0.0130101 -9.73639 -13.0131     0.288833
12    0.493488 -0.986571 -0.460338 -9.26802 -8.95105 -13.5355      -0.526233 -8.42441 -0.460338 -0.0331503 -9.72835 -13.0089     0.31509
13    0.501352 -0.970643 -0.448062 -9.27226 -8.99515 -13.5593      -0.522582 -8.4405 -0.448062 -0.0532905 -9.72032 -13.0046     0.341348
14    0.509217 -0.954716 -0.435786 -9.2765 -9.03925 -13.5831      -0.51893 -8.4566 -0.435786 -0.0734306 -9.71229 -13.0004     0.367605
15    0.517081 -0.938789 -0.423511 -9.28074 -9.08335 -13.6069      -0.515278 -8.47269 -0.423511 -0.0935708 -9.70425 -12.9962     0.393863
16    0.524946 -0.922861 -0.411235 -9.28499 -9.12745 -13.6307      -0.511626 -8.48879 -0.411235 -0.113711 -9.69622 -12.992     0.42012
17    0.53281 -0.906934 -0.398959 -9.28923 -9.17155 -13.6544      -0.507975 -8.50489 -0.398959 -0.133851 -9.68819 -12.9878     0.446378
18    0.540675 -0.891006 -0.386684 -9.29347 -9.21565 -13.6782      -0.504323 -8.52098 -0.386684 -0.153991 -9.68016 -12.9836     0.472635
19    0.548539 -0.875079 -0.374408 -9.29771 -9.25975 -13.702      -0.500671 -8.53708 -0.374408 -0.174132 -9.67212 -12.9794     0.498893
20    0.556404 -0.859152 -0.362132 -9.30196 -9.30385 -13.7258      -0.497019 -8.55317 -0.362132 -0.194272 -9.66409 -12.9751     0.52515
21    0.564268 -0.843224 -0.349857 -9.3062 -9.34795 -13.7496      -0.493368 -8.56927 -0.349857 -0.214412 -9.65606 -12.9709     0.551408
22    0.572133 -0.827297 -0.337581 -9.31044 -9.39205 -13.7734      -0.489716 -8.58537 -0.337581 -0.234552 -9.64802 -12.9667     0.577666
23    0.579997 -0.811369 -0.325305 -9.31469 -9.43615 -13.7972      -0.486064 -8.60146 -0.325305 -0.254692 -9.63999 -12.9625     0.603923
24    0.587862 -0.795442 -0.31303 -9.31893 -9.48025 -13.821      -0.482412 -8.61756 -0.31303 -0.274832 -9.63196 -12.9583     0.630181
25    0.595726 -0.779515 -0.300754 -9.32317 -9.52435 -13.8448      -0.478761 -8.63365 -0.300754 -0.294973 -9.62392 -12.9541     0.656438
26    0.603591 -0.763587 -0.288478 -9.32741 -9.56845 -13.8686      -0.475109 -8.64975 -0.288478 -0.315113 -9.61589 -12.9499     0.682696
27    0.611455 -0.74766 -0.276203 -9.33166 -9.61255 -13.8924      -0.471457 -8.66585 -0.276203 -0.335253 -9.60786 -12.9457     0.708953
28    0.61932 -0.731732 -0.263927 -9.3359 -9.65665 -13.9162      -0.467805 -8.68194 -0.263927 -0.355393 -9.59983 -12.9414     0.735211
29    0.627184 -0.715805 -0.251651 -9.34014 -9.70076 -13.94      -0.464154 -8.69804 -0.251651 -0.375533 -9.59179 -12.9372     0.761468
30    0.635049 -0.699878 -0.239376 -9.34438 -9.74486 -13.9637      -0.460502 -8.71413 -0.239376 -0.395673 -9.58376 -12.933     0.787726
31    0.642913 -0.68395 -0.2271 -9.34863 -9.78896 -13.9875      -0.45685 -8.73023 -0.2271 -0.415814 -9.57573 -12.9288     0.813983
32    0.650778 -0.668023 -0.214824 -9.35287 -9.83306 -14.0113      -0.453199 -8.74633 -0.214824 -0.435954 -9.56769 -12.9246     0.840241
33    0.658642 -0.652095 -0.202549 -9.35711 -9.87716 -14.0351      -0.449547 -8.76242 -0.202549 -0.456094 -9.55966 -12.9204     0.866498
34    0.666507 -0.636168 -0.190273 -9.36136 -9.92126 -14.0589      -0.445895 -8.77852 -0.190273 -0.476234 -9.55163 -12.9162     0.892756
35    0.674371 -0.62024 -0.177997 -9.3656 -9.96536 -14.0827      -0.442243 -8.79461 -0.177997 -0.496374 -9.5436 -12.912     0.919013
36    0.682236 -0.604313 -0.165722 -9.36984 -10.0095 -14.1065      -0.438592 -8.81071 -0.165722 -0.516514 -9.53556 -12.9077     0.945271
37    0.6901 -0.588386 -0.153446 -9.37408 -10.0536 -14.1303      -0.43494 -8.8268 -0.153446 -0.536655 -9.52753 -12.9035     0.971528
38    0.697965 -0.572458 -0.14117 -9.37833 -10.0977 -14.1541      -0.431288 -8.8429 -0.14117 -0.556795 -9.5195 -12.8993     0.997786
39    0.705829 -0.556531 -0.128895 -9.38257 -10.1418 -14.1779      -0.427636 -8.859 -0.128895 -0.576935 -9.51146 -12.8951     1.02404
40    0.713694 -0.540603 -0.116619 -9.38681 -10.1859 -14.2017      -0.423985 -8.87509 -0.116619 -0.597075 -9.50343 -12.8909     1.0503
41    0.721558 -0.524676 -0.104343 -9.39105 -10.23 -14.2255      -0.420333 -8.89119 -0.104343 -0.617215 -9.4954 -12.8867     1.07656
42    0.729423 -0.508749 -0.0920675 -9.3953 -10.2741 -14.2492      -0.416681 -8.90728 -0.0920675 -0.637355 -9.48736 -12.8825     1.10282
43    0.737287 -0.492821 -0.0797918 -9.39954 -10.3182 -14.273      -0.413029 -8.92338 -0.0797918 -0.657496 -9.47933 -12.8783     1.12907
44    0.745152 -0.476894 -0.0675162 -9.40378 -10.3623 -14.2968      -0.409378 -8.93948 -0.0675162 -0.677636 -9.4713 -12.874     1.15533
45    0.753017 -0.460966 -0.0552405 -9.40802 -10.4064 -14.3206      -0.405726 -8.95557 -0.0552405 -0.697776 -9.46327 -12.8698     1.18159
46    0.760881 -0.445039 -0.0429648 -9.41227 -10.4505 -14.3444      -0.402074 -8.97167 -0.0429648 -0.717916 -9.45523 -12.8656     1.20785
47    0.768746 -0.429112 -0.0306892 -9.41651 -10.4946 -14.3682      -0.398422 -8.98776 -0.0306892 -0.738056 -9.4472 -12.8614     1.2341
48    0.77661 -0.413184 -0.0184135 -9.42075 -10.5387 -14.392      -0.394771 -9.00386 -0.0184135 -0.758197 -9.43917 -12.8572     1.26036
49    0.784475 -0.397257 -0.00613783 -9.425 -10.5828 -14.4158      -0.391119 -9.01996 -0.00613783 -0.778337 -9.43113 -12.853     1.28662
50    0.792339 -0.381329 0.00613783 -9.42924 -10.6269 -14.4396      -0.792339 -0.381329 -0.00613783 -9.41696 -9.02991 -12.8549     1.28662
51    0.800204 -0.365402 0.0184135 -9.43348 -10.671 -14.4634      -0.800204 -0.365402 -0.0184135 -9.39665 -9.03373 -12.863     1.26036
52    0.808068 -0.349475 0.0306892 -9.43772 -10.7151 -14.4872      -0.808068 -0.349475 -0.0306892 -9.37635 -9.03755 -12.871     1.2341
53    0.815933 -0.333547 0.0429648 -9.44197 -10.7592 -14.511      -0.815933 -0.333547 -0.0429648 -9.35604 -9.04137 -12.8791     1.20785
54    0.823797 -0.31762 0.0552405 -9.44621 -10.8033 -14.5347      -0.823797 -0.31762 -0.0552405 -9.33573 -9.04519 -12.8872     1.18159
55    0.831662 -0.301692 0.0675162 -9.45045 -10.8474 -14.5585      -0.831662 -0.301692 -0.0675162 -9.31542 -9.04901 -12.8952     1.15533
56    0.839526 -0.285765 0.0797918 -9.45469 -10.8915 -14.5823      -0.839526 -0.285765 -0.0797918 -9.29511 -9.05283 -12.9033     1.12907
57    0.847391 -0.269837 0.0920675 -9.45894 -10.9356 -14.6061      -0.847391 -0.269837 -0.0920675 -9.2748 -9.05665 -12.9113     1.10282
58    0.855255 -0.25391 0.104343 -9.46318 -10.9797 -14.6299      -0.855255 -0.25391 -0.104343 -9.25449 -9.06047 -12.9194     1.07656
59    0.86312 -0.237983 0.116619 -9.46742 -11.0238 -14.6537      -0.86312 -0.237983 -0.116619 -9.23418 -9.0643 -12.9275     1.0503
60    0.870984 -0.222055 0.128895 -9.47167 -11.0679 -14.6775      -0.870984 -0.222055 -0.128895 -9.21388 -9.06812 -12.9355     1.02404
61    0.878849 -0.206128 0.14117 -9.47591 -11.112 -14.7013      -0.878849 -0.206128 -0.14117 -9.19357 -9.07194 -12.9436     0.997786
62    0.886713 -0.1902 0.153446 -9.48015 -11.1561 -14.7251      -0.886713 -0.1902 -0.153446 -9.17326 -9.07576 -12.9517     0.971528
63    0.894578 -0.174273 0.165722 -9.48439 -11.2002 -14.7489      -0.894578 -0.174273 -0.165722 -9.15295 -9.07958 -12.9597     0.945271
64    0.902442 -0.158346 0.177997 -9.48864 -11.2443 -14.7727      -0.902442 -0.158346 -0.177997 -9.13264 -9.0834 -12.9678     0.919013
65    0.910307 -0.142418 0.190273 -9.49288 -11.2884 -14.7965      -0.910307 -0.142418 -0.190273 -9.11233 -9.08722 -12.9758     0.892756
66    0.918171 -0.126491 0.202549 -9.49712 -11.3325 -14.8203      -0.918171 -0.126491 -0.202549 -9.09202 -9.09104 -12.9839     0.866498
67    0.926036 -0.110563 0.214824 -9.50136 -11.3766 -14.844      -0.926036 -0.110563 -0.214824 -9.07172 -9.09486 -12.992     0.840241
68    0.9339 -0.094636 0.2271 -9.50561 -11.4207 -14.8678      -0.9339 -0.094636 -0.2271 -9.05141 -9.09868 -13     0.813983
69    0.941765 -0.0787085 0.239376 -9.50985 -11.4648 -14.8916      -0.941765 -0.0787085 -0.239376 -9.0311 -9.1025 -13.0081     0.787726
70    0.949629 -0.0627811 0.251651 -9.51409 -11.5089 -14.9154      -0.949629 -0.0627811 -0.251651 -9.01079 -9.10632 -13.0162     0.761468
71    0.957494 -0.0468537 0.263927 -9.51833 -11.553 -14.9392      -0.957494 -0.0468537 -0.263927 -8.99048 -9.11014 -13.0242     0.735211
72    0.965358 -0.0309263 0.276203 -9.52258 -11.5971 -14.963      -0.965358 -0.0309263 -0.276203 -8.97017 -9.11396 -13.0323     0.708953
73    0.973223 -0.0149989 0.288478 -9.52682 -11.6412 -14.9868      -0.973223 -0.0149989 -0.288478 -8.94986 -9.11778 -13.0403     0.682696
74    0.981087 0.000928506 0.300754 -9.53106 -11.6853 -15.0106      -0.980159 -8.92863 -0.000928506 -0.299825 -13.0475 -9.12253     0.656438
75    0.988952 0.0168559 0.31303 -9.53531 -11.7294 -15.0344      -0.972096 -8.89239 -0.0168559 -0.296174 -13.0396 -9.14227     0.630181
76    0.996816 0.0327833 0.325305 -9.53955 -11.7735 -15.0582      -0.964033 -8.85615 -0.0327833 -0.292522 -13.0318 -9.16202     0.603923
77    1.00468 0.0487107 0.337581 -9.54379 -11.8176 -15.082      -0.95597 -8.81992 -0.0487107 -0.28887 -13.0239 -9.18177     0.577666
78    1.01255 0.0646381 0.349857 -9.54803 -11.8617 -15.1058      -0.947907 -8.78368 -0.0646381 -0.285218 -13.016 -9.20152     0.551408
79    1.02041 0.0805656 0.362132 -9.55228 -11.9058 -15.1295      -0.939844 -8.74745 -0.0805656 -0.281567 -13.0082 -9.22127     0.52515
80    1.02827 0.096493 0.374408 -9.55652 -11.9499 -15.1533      -0.931781 -8.71121 -0.096493 -0.277915 -13.0003 -9.24101     0.498893
81    1.03614 0.11242 0.386684 -9.56076 -11.994 -15.1771      -0.923718 -8.67497 -0.11242 -0.274263 -12.9924 -9.26076     0.472635
82    1.044 0.128348 0.398959 -9.565 -12.0381 -15.2009      -0.915655 -8.63874 -0.128348 -0.270611 -12.9846 -9.28051     0.446378
83    1.05187 0.144275 0.411235 -9.56925 -12.0822 -15.2247      -0.907593 -8.6025 -0.144275 -0.26696 -12.9767 -9.30026     0.42012
84    1.05973 0.160203 0.423511 -9.57349 -12.1263 -15.2485      -0.89953 -8.56627 -0.160203 -0.263308 -12.9688 -9.32     0.393863
85    1.0676 0.17613 0.435786 -9.57773 -12.1704 -15.2723      -0.891467 -8.53003 -0.17613 -0.259656 -12.961 -9.33975     0.367605
86    1.07546 0.192057 0.448062 -9.58197 -12.2145 -15.2961      -0.883404 -8.49379 -0.192057 -0.256004 -12.9531 -9.3595     0.341348
87    1.08333 0.207985 0.460338 -9.58622 -12.2586 -15.3199      -0.875341 -8.45756 -0.207985 -0.252353 -12.9452 -9.37925     0.31509
88    1.09119 0.223912 0.472613 -9.59046 -12.3027 -15.3437      -0.867278 -8.42132 -0.223912 -0.248701 -12.9374 -9.39899     0.288833
89    1.09905 0.23984 0.484889 -9.5947 -12.3468 -15.3675      -0.859215 -8.38509 -0.23984 -0.245049 -12.9295 -9.41874     0.262575
90    1.10692 0.255767 0.497165 -9.59895 -12.3909 -15.3913      -0.851152 -8.34885 -0.255767 -0.241397 -12.9217 -9.43849     0.236318
91    1.11478 0.271694 0.50944 -9.60319 -12.435 -15.415      -0.843089 -8.31261 -0.271694 -0.237746 -12.9138 -9.45824     0.21006
92    1.12265 0.287622 0.521716 -9.60743 -12.4791 -15.4388      -0.835026 -8.27638 -0.287622 -0.234094 -12.9059 -9.47798     0.183803
93    1.13051 0.303549 0.533992 -9.61167 -12.5232 -15.4626      -0.826963 -8.24014 -0.303549 -0.230442 -12.8981 -9.49773     0.157545
94    1.13838 0.319477 0.546267 -9.61592 -12.5673 -15.4864      -0.818901 -8.20391 -0.319477 -0.22679 -12.8902 -9.51748     0.131288
95    1.14624 0.335404 0.558543 -9.62016 -12.6114 -15.5102      -0.810838 -8.16767 -0.335404 -0.223139 -12.8823 -9.53723     0.10503
96    1.15411 0.351332 0.570819 -9.6244 -12.6555 -15.534      -0.802775 -8.13143 -0.351332 -0.219487 -12.8745 -9.55697     0.0787726
97    1.16197 0.367259 0.583094 -9.62864 -12.6996 -15.5578      -0.794712 -8.0952 -0.367259 -0.215835 -12.8666 -9.57672     0.052515
98    1.16984 0.383186 0.59537 -9.63289 -12.7437 -15.5816      -0.786649 -8.05896 -0.383186 -0.212184 -12.8587 -9.59647     0.0262575
99    1.1777 0.399114 0.607646 -9.63713 -12.7878 -15.6054      -0.778586 -8.02272 -0.399114 -0.208532 -12.8509 -9.61622     0
