Fol_2018-05-14.17_24_31.1_61.txt     Output is S6 probe cell, C3 reduced cell, S6Dist CS6Dist distance between
0      3.23622 -45.43051 -46.10859   0.39094   2.40601  -7.33217     (-2.129,-30.290) (-0.668,-6.310) (-31.750,-1.738) 0  0  
1      3.18202 -44.97836 -45.96356   0.08103   2.31797  -7.27567     (-2.318,-31.498) (-0.160,-5.500) (-32.646,-2.399) 1.90969  1.90969  
2      3.12782 -44.52621 -45.81852  -0.22888   2.22993  -7.21917     (-2.230,-32.039) (-0.987,-5.358) (-32.873,-2.001) 2.32472  2.32472  
3      3.07363 -44.07406 -45.67349  -0.53879   2.14189  -7.16266     (-2.142,-32.579) (-1.815,-5.216) (-33.101,-1.603) 3.09691  3.09691  
4      3.01943 -43.62191 -45.52846  -0.84871   2.05385  -7.10616     (-2.054,-33.119) (-2.642,-5.073) (-33.328,-1.205) 4.02573  4.02573  
5      2.96523 -43.16976 -45.38343  -1.15862   1.96581  -7.04965     (-1.966,-33.659) (-3.469,-4.931) (-33.556,-0.807) 5.02507  5.02507  
6      2.91104 -42.71761 -45.23839  -1.46853   1.87777  -6.99315     (-1.878,-34.199) (-4.297,-4.789) (-33.783,-0.409) 5.70085  6.05458  
7      2.85684 -42.26546 -45.09336  -1.77845   1.78973  -6.93664     (-1.790,-34.739) (-5.124,-4.647) (-34.010,-0.011) 6.39999  7.0633  
8      2.80265 -41.81332 -44.94833  -2.08836   1.70169  -6.88014     (-5.565,-34.893) (-1.315,-4.118) (-34.625,-0.387) 6.95001  6.95001  
9      2.74845 -41.36117 -44.80330  -2.39827   1.61365  -6.82364     (-5.995,-35.035) (-0.829,-3.577) (-35.250,-0.785) 7.62263  7.62263  
10      2.69425 -40.90902 -44.65826  -2.70818   1.52561  -6.76713     (-6.424,-35.177) (-0.343,-3.037) (-35.876,-1.183) 8.39469  8.39469  
11      2.64006 -40.45687 -44.51323  -3.01810   1.43757  -6.71063     (-1.438,-35.177) (-0.143,-2.640) (-36.358,-6.711) 8.96167  9.1312  
12      2.58586 -40.00472 -44.36820  -3.32801   1.34953  -6.65412     (-1.350,-34.833) (-0.629,-2.586) (-36.497,-6.654) 8.90763  9.04508  
13      2.53166 -39.55257 -44.22317  -3.63792   1.26149  -6.59762     (-1.261,-34.489) (-1.115,-2.532) (-36.637,-6.598) 8.89693  8.9638  
14      2.47747 -39.10042 -44.07814  -3.94783   1.17345  -6.54112     (-1.173,-34.145) (-1.601,-2.477) (-36.776,-6.541) 8.92531  8.92531  
15      2.42327 -38.64827 -43.93310  -4.25775   1.08541  -6.48461     (-1.085,-33.802) (-2.087,-2.423) (-36.916,-6.485) 8.93018  8.93018  
16      2.36908 -38.19612 -43.78807  -4.56766   0.99737  -6.42811     (-0.997,-33.458) (-2.573,-2.369) (-37.055,-6.428) 8.97833  8.97833  
17      2.31488 -37.74397 -43.64304  -4.87757   0.90933  -6.37160     (-0.909,-33.114) (-3.059,-2.315) (-37.195,-6.372) 9.06907  9.06907  
18      2.26068 -37.29182 -43.49801  -5.18749   0.82129  -6.31510     (-0.821,-32.770) (-3.545,-2.261) (-37.334,-6.315) 9.20114  9.20114  
19      2.20649 -36.83967 -43.35297  -5.49740   0.73325  -6.25860     (-0.733,-32.427) (-4.031,-2.206) (-37.474,-6.259) 9.3728  9.3728  
20      2.15229 -36.38753 -43.20794  -5.80731   0.64521  -6.20209     (-0.645,-32.083) (-4.517,-2.152) (-37.613,-6.202) 9.58191  9.58191  
21      2.09809 -35.93538 -43.06291  -6.11722   0.55717  -6.14559     (-0.557,-31.739) (-5.003,-2.098) (-37.752,-6.146) 9.8261  9.8261  
22      2.04390 -35.48323 -42.91788  -6.42714   0.46913  -6.08908     (-0.469,-31.395) (-5.489,-2.044) (-37.892,-6.089) 10.1028  10.1028  
23      1.98970 -35.03108 -42.77284  -6.73705   0.38109  -6.03258     (-0.381,-31.052) (-5.975,-1.990) (-38.031,-6.033) 10.4094  10.4094  
24      1.93551 -34.57893 -42.62781  -7.04696   0.29305  -5.97607     (-0.293,-30.708) (-6.461,-1.936) (-38.171,-5.976) 10.7434  10.7434  
25      1.88131 -34.12678 -42.48278  -7.35687   0.20501  -5.91957     (-0.205,-30.364) (-6.947,-1.881) (-38.310,-5.920) 11.0819  11.1024  
26      1.82711 -33.67463 -42.33775  -7.66679   0.11696  -5.86307     (-0.117,-30.020) (-7.433,-1.827) (-38.450,-5.863) 11.3804  11.4838  
27      1.77292 -33.22248 -42.19271  -7.97670   0.02892  -5.80656     (-0.029,-29.677) (-7.919,-1.773) (-38.589,-5.807) 11.7044  11.8857  
28      1.71872 -32.77033 -42.04768  -8.28661  -0.05912  -5.75006     (-0.059,-29.392) (-8.346,-38.669) (-1.660,-5.691) 11.9784  11.9784  
29      1.66453 -32.31818 -41.90265  -8.59653  -0.14716  -5.69355     (-0.147,-29.136) (-8.744,-38.721) (-1.517,-5.546) 12.2349  12.2349  
30      1.61033 -31.86603 -41.75762  -8.90644  -0.23520  -5.63705     (-0.235,-28.881) (-9.142,-38.772) (-1.375,-5.402) 12.5082  12.5082  
31      1.55613 -31.41389 -41.61258  -9.21635  -0.32324  -5.58055     (-0.323,-28.625) (-9.540,-38.824) (-1.233,-5.257) 12.7971  12.7971  
32      1.50194 -30.96174 -41.46755  -9.52626  -0.41128  -5.52404     (-0.411,-28.369) (-9.938,-38.875) (-1.091,-5.113) 13.1007  13.1007  
33      1.44774 -30.50959 -41.32252  -9.83618  -0.49932  -5.46754     (-0.499,-28.113) (-10.335,-38.926) (-0.948,-4.968) 13.418  13.418  
34      1.39354 -30.05744 -41.17749 -10.14609  -0.58736  -5.41103     (-0.587,-27.858) (-10.733,-38.978) (-0.806,-4.824) 13.748  13.748  
35      1.33935 -29.60529 -41.03246 -10.45600  -0.67540  -5.35453     (-0.675,-27.602) (-11.131,-39.029) (-0.664,-4.679) 14.0898  14.0898  
36      1.28515 -29.15314 -40.88742 -10.76591  -0.76344  -5.29803     (-0.763,-27.346) (-11.529,-39.081) (-0.522,-4.535) 14.4425  14.4425  
37      1.23096 -28.70099 -40.74239 -11.07583  -0.85148  -5.24152     (-0.851,-27.091) (-11.927,-39.132) (-0.379,-4.390) 14.8055  14.8055  
38      1.17676 -28.24884 -40.59736 -11.38574  -0.93952  -5.18502     (-0.940,-26.835) (-12.325,-39.183) (-0.237,-4.245) 15.1779  15.1779  
39      1.12256 -27.79669 -40.45233 -11.69565  -1.02756  -5.12851     (-1.028,-26.579) (-12.723,-39.235) (-0.095,-4.101) 15.5591  15.5591  
40      1.06837 -27.34454 -40.30729 -12.00557  -1.11560  -5.07201     (-1.068,-13.074) (-26.276,-39.239) (-0.047,-4.004) 15.9172  31.7186     glitch
41      1.01417 -26.89239 -40.16226 -12.31548  -1.20364  -5.01550     (-1.014,-13.330) (-25.878,-39.148) (-0.189,-4.001) 16.222  31.2242  
42      0.95997 -26.44024 -40.01723 -12.62539  -1.29168  -4.95900     (-0.960,-13.585) (-25.480,-39.057) (-0.332,-3.999) 16.5366  30.7301  
43      0.90578 -25.98810 -39.87220 -12.93530  -1.37972  -4.90250     (-0.906,-13.841) (-25.082,-38.966) (-0.474,-3.997) 16.8604  30.2363  
44      0.85158 -25.53595 -39.72716 -13.24522  -1.46776  -4.84599     (-0.852,-14.097) (-24.684,-38.876) (-0.616,-3.994) 17.193  29.743  
45      0.79739 -25.08380 -39.58213 -13.55513  -1.55580  -4.78949     (-0.797,-14.353) (-24.286,-38.785) (-0.758,-3.992) 17.5339  29.25  
46      0.74319 -24.63165 -39.43710 -13.86504  -1.64384  -4.73298     (-0.743,-14.608) (-23.888,-38.694) (-0.901,-3.990) 17.8825  28.7575  
47      0.68899 -24.17950 -39.29207 -14.17495  -1.73188  -4.67648     (-0.689,-14.864) (-23.491,-38.603) (-1.043,-3.987) 18.2384  28.2654  
48      0.63480 -23.72735 -39.14703 -14.48487  -1.81992  -4.61998     (-0.635,-15.120) (-23.093,-38.512) (-1.185,-3.985) 18.6013  27.7738  
49      0.58060 -23.27520 -39.00200 -14.79478  -1.90796  -4.56347     (-0.581,-15.375) (-22.695,-38.421) (-1.327,-3.983) 18.9707  27.2827  
50      0.52640 -22.82305 -38.85697 -15.10469  -1.99600  -4.50697     (-0.526,-15.631) (-22.297,-38.331) (-1.470,-3.981) 19.3462  26.7921  
51      0.47221 -22.37090 -38.71194 -15.41461  -2.08404  -4.45046     (-0.472,-15.887) (-21.899,-38.240) (-1.612,-3.978) 19.7275  26.302  
52      0.41801 -21.91875 -38.56691 -15.72452  -2.17208  -4.39396     (-0.418,-16.143) (-21.501,-38.149) (-1.754,-3.976) 20.1143  25.8125  
53      0.36382 -21.46660 -38.42187 -16.03443  -2.26012  -4.33746     (-0.364,-16.398) (-21.103,-38.058) (-1.896,-3.974) 20.5062  25.3237  
54      0.30962 -21.01446 -38.27684 -16.34434  -2.34816  -4.28095     (-0.310,-16.654) (-20.705,-37.967) (-2.039,-3.971) 20.8544  24.8355  
55      0.25542 -20.56231 -38.13181 -16.65426  -2.43620  -4.22445     (-0.255,-16.910) (-20.307,-37.876) (-2.181,-3.969) 21.1916  24.348  
56      0.20123 -20.11016 -37.98678 -16.96417  -2.52424  -4.16794     (-0.201,-17.165) (-19.909,-37.786) (-2.323,-3.967) 21.5353  23.8612  
57      0.14703 -19.65801 -37.84174 -17.27408  -2.61228  -4.11144     (-0.147,-17.421) (-19.511,-37.695) (-2.465,-3.964) 21.8853  23.3752  
58      0.09283 -19.20586 -37.69671 -17.58399  -2.70032  -4.05493     (-0.093,-17.677) (-19.113,-37.604) (-2.607,-3.962) 22.2413  22.8901  
59      0.03864 -18.75371 -37.55168 -17.89391  -2.78836  -3.99843     (-0.039,-17.933) (-18.715,-37.513) (-2.750,-3.960) 22.3158  22.4058  
60     -0.01556 -18.30156 -37.40665 -18.20382  -2.87640  -3.94193     (-0.016,-18.204) (-18.302,-2.876) (-37.407,-3.942) 21.8982  22.5864  
61     -0.06975 -17.84941 -37.26161 -18.51373  -2.96444  -3.88542     (-0.070,-18.514) (-17.849,-2.964) (-37.262,-3.885) 21.3311  22.0072  
62     -0.12395 -17.39726 -37.11658 -18.82365  -3.05248  -3.82892     (-0.124,-18.824) (-17.397,-3.052) (-37.117,-3.829) 20.7646  21.4281  
63     -0.17815 -16.94511 -36.97155 -19.13356  -3.14052  -3.77241     (-0.178,-19.134) (-16.945,-3.141) (-36.972,-3.772) 20.1988  20.8489  
64     -0.23234 -16.49296 -36.82652 -19.44347  -3.22856  -3.71591     (-0.232,-19.443) (-16.493,-3.229) (-36.827,-3.716) 19.6338  20.2698  
65     -0.28654 -16.04081 -36.68148 -19.75338  -3.31660  -3.65941     (-0.287,-19.753) (-16.041,-3.317) (-36.681,-3.659) 19.0697  19.6907  
66     -0.34073 -15.58867 -36.53645 -20.06330  -3.40464  -3.60290     (-0.341,-20.063) (-15.589,-3.405) (-36.536,-3.603) 18.5065  19.1115  
67     -0.39493 -15.13652 -36.39142 -20.37321  -3.49268  -3.54640     (-0.395,-20.373) (-15.137,-3.493) (-36.391,-3.546) 17.9443  18.5324  
68     -0.44913 -14.68437 -36.24639 -20.68312  -3.58072  -3.48989     (-0.449,-20.683) (-14.684,-3.581) (-36.246,-3.490) 17.3832  17.9533  
69     -0.50332 -14.23222 -36.10135 -20.99303  -3.66876  -3.43339     (-0.503,-20.993) (-14.232,-3.669) (-36.101,-3.433) 16.8234  17.3741  
70     -0.55752 -13.78007 -35.95632 -21.30295  -3.75680  -3.37689     (-0.558,-21.303) (-13.780,-3.757) (-35.956,-3.377) 16.2649  16.795  
71     -0.61172 -13.32792 -35.81129 -21.61286  -3.84484  -3.32038     (-0.612,-21.613) (-13.328,-3.845) (-35.811,-3.320) 15.7079  16.2158  
72     -0.66591 -12.87577 -35.66626 -21.92277  -3.93288  -3.26388     (-0.666,-21.923) (-12.876,-3.933) (-35.666,-3.264) 15.1525  15.6367  
73     -0.72011 -12.42362 -35.52123 -22.23269  -4.02092  -3.20737     (-0.720,-22.233) (-12.424,-4.021) (-35.521,-3.207) 14.599  15.0576  
74     -0.77430 -11.97147 -35.37619 -22.54260  -4.10896  -3.15087     (-0.774,-22.543) (-11.971,-4.109) (-35.376,-3.151) 14.0476  14.4784  
75     -0.82850 -11.51932 -35.23116 -22.85251  -4.19700  -3.09436     (-0.829,-22.853) (-11.519,-4.197) (-35.231,-3.094) 13.4985  13.8993  
76     -0.88270 -11.06717 -35.08613 -23.16242  -4.28504  -3.03786     (-0.883,-23.162) (-11.067,-4.285) (-35.086,-3.038) 12.952  13.3202  
77     -0.93689 -10.61503 -34.94110 -23.47234  -4.37309  -2.98136     (-0.937,-23.472) (-10.615,-4.373) (-34.941,-2.981) 12.4084  12.741  
78     -0.99109 -10.16288 -34.79606 -23.78225  -4.46113  -2.92485     (-0.991,-23.782) (-10.163,-4.461) (-34.796,-2.925) 11.8683  12.1619  
79     -1.04529  -9.71073 -34.65103 -24.09216  -4.54917  -2.86835     (-1.045,-24.092) (-9.711,-4.549) (-34.651,-2.868) 11.3319  11.5827  
80     -1.09948  -9.25858 -34.50600 -24.40207  -4.63721  -2.81184     (-1.099,-24.402) (-9.259,-4.637) (-34.506,-2.812) 10.8  11.0036  
81     -1.15368  -8.80643 -34.36097 -24.71199  -4.72525  -2.75534     (-1.154,-24.712) (-8.806,-4.725) (-34.361,-2.755) 10.2693  10.4245  
82     -1.20787  -8.35428 -34.21593 -25.02190  -4.81329  -2.69884     (-1.208,-25.022) (-8.354,-4.813) (-34.216,-2.699) 9.73691  9.84534  
83     -1.26207  -7.90213 -34.07090 -25.33181  -4.90133  -2.64233     (-1.262,-25.332) (-7.902,-4.901) (-34.071,-2.642) 9.21012  9.2662  
84     -1.31627  -7.44998 -33.92587 -25.64173  -4.98937  -2.58583     (-1.316,-25.642) (-7.450,-4.989) (-33.926,-2.586) 8.68706  8.68706  
85     -1.37046  -6.99783 -33.78084 -25.95164  -5.07741  -2.52932     (-1.370,-25.952) (-6.998,-5.077) (-33.781,-2.529) 8.10792  8.10792  
86     -1.42466  -6.54568 -33.63580 -26.26155  -5.16545  -2.47282     (-1.425,-26.262) (-6.546,-5.165) (-33.636,-2.473) 7.52879  7.52879  
87     -1.47886  -6.09353 -33.49077 -26.57146  -5.25349  -2.41632     (-1.479,-26.571) (-6.094,-5.253) (-33.491,-2.416) 6.94965  6.94965  
88     -1.53305  -5.64138 -33.34574 -26.88138  -5.34153  -2.35981     (-1.533,-26.881) (-5.641,-5.342) (-33.346,-2.360) 6.37051  6.37051  
89     -1.58725  -5.18924 -33.20071 -27.19129  -5.42957  -2.30331     (-1.587,-27.191) (-5.189,-5.430) (-33.201,-2.303) 5.79137  5.79137  
90     -1.64144  -4.73709 -33.05567 -27.50120  -5.51761  -2.24680     (-1.641,-27.501) (-4.737,-5.518) (-33.056,-2.247) 5.21224  5.21224  
91     -1.69564  -4.28494 -32.91064 -27.81111  -5.60565  -2.19030     (-1.696,-27.811) (-4.285,-5.606) (-32.911,-2.190) 4.6331  4.6331  
92     -1.74984  -3.83279 -32.76561 -28.12103  -5.69369  -2.13379     (-1.750,-28.121) (-3.833,-5.694) (-32.766,-2.134) 4.05396  4.05396  
93     -1.80403  -3.38064 -32.62058 -28.43094  -5.78173  -2.07729     (-1.804,-28.431) (-3.381,-5.782) (-32.621,-2.077) 3.47482  3.47482  
94     -1.85823  -2.92849 -32.47555 -28.74085  -5.86977  -2.02079     (-1.858,-28.741) (-2.928,-5.870) (-32.476,-2.021) 2.89569  2.89569  
95     -1.91242  -2.47634 -32.33051 -29.05076  -5.95781  -1.96428     (-1.912,-29.051) (-2.476,-5.958) (-32.331,-1.964) 2.31655  2.31655  
96     -1.96662  -2.02419 -32.18548 -29.36068  -6.04585  -1.90778     (-1.967,-29.361) (-2.024,-6.046) (-32.185,-1.908) 1.73741  1.73741  
97     -2.02082  -1.57204 -32.04045 -29.67059  -6.13389  -1.85127     (-2.021,-29.671) (-1.572,-6.134) (-32.040,-1.851) 1.15827  1.15827  
98     -2.07501  -1.11989 -31.89542 -29.98050  -6.22193  -1.79477     (-2.075,-29.981) (-1.120,-6.222) (-31.895,-1.795) 0.579137  0.579137  
99     -2.12921  -0.66774 -31.75038 -30.29042  -6.30997  -1.73827     (-2.129,-30.290) (-0.668,-6.310) (-31.750,-1.738) 0  0  
