PointDistanceFollower  May 27 2018  mode = LINE3
Fol_2018-05-27.13_39_21.0_0.txt     Output is S6 probe cell, C3 reduced cell, S6Dist NCDist D7Dist CS6Dist distance between
0      2.19849 -52.03339 -41.21213  -5.00287  -7.61508  -0.23301     (-47.869,-5.236) (-0.233,-37.048) (-7.382,-1.965)       4.61443 -51.04478  -2.97502 -18.13364 -53.82279 -14.97782     (-47.569,-21.109) (-48.070,-1.639) (-2.975,-8.724)      18.0742  28.5663  50.0893  19.4502  
1      1.96654 -51.53339 -40.88780  -5.15010  -7.56060  -0.26101     (-47.861,-5.411) (-0.261,-37.216) (-7.300,-1.706)       4.38249 -50.54478  -2.65070 -18.28087 -53.76831 -15.00582     (-47.654,-20.932) (-47.894,-1.732) (-2.651,-8.892)      17.8595  28.5981  49.5292  19.2101  
2      1.73459 -51.03340 -40.56347  -5.29734  -7.50612  -0.28901     (-47.853,-5.586) (-0.289,-37.383) (-7.217,-1.446)       4.15054 -50.04479  -2.32637 -18.42811 -53.71383 -15.03382     (-47.739,-20.754) (-47.718,-1.824) (-2.326,-9.059)      17.6542  28.6514  48.9759  18.9782  
3      1.50264 -50.53341 -40.23915  -5.44457  -7.45164  -0.31701     (-47.845,-5.762) (-0.317,-37.551) (-7.135,-1.186)       3.91859 -49.54479  -2.00204 -18.57534 -53.65936 -15.06182     (-47.824,-20.577) (-47.543,-1.917) (-2.002,-9.227)      17.4586  28.7261  48.4297  18.7547  
4      1.27070 -50.03341 -39.91482  -5.59180  -7.39717  -0.34501     (-47.837,-5.937) (-0.345,-37.718) (-7.052,-0.926)       3.68665 -49.04480  -1.67772 -18.72257 -53.60488 -15.08982     (-47.909,-20.400) (-47.367,-2.009) (-1.678,-9.394)      17.273  28.8219  47.8908  18.5399  
5      1.03875 -49.53342 -39.59050  -5.73903  -7.34269  -0.37301     (-47.829,-6.112) (-0.373,-37.886) (-6.970,-0.666)       3.45470 -48.54481  -1.35339 -18.86980 -53.55040 -15.11782     (-47.994,-20.223) (-47.191,-2.101) (-1.353,-9.562)      17.0978  28.9387  47.3594  18.334  
6      0.80680 -49.03342 -39.26617  -5.88626  -7.28821  -0.40101     (-47.821,-6.287) (-0.401,-38.054) (-6.887,-0.406)       3.22275 -48.04481  -1.02907 -19.01704 -53.49592 -15.14582     (-48.079,-20.046) (-47.016,-2.194) (-1.029,-9.729)      16.9332  29.0762  46.8358  18.1375  
7      0.57485 -48.53343 -38.94184  -6.03350  -7.23373  -0.42901     (-47.813,-6.463) (-0.429,-38.221) (-6.805,-0.146)       2.99080 -47.54482  -0.70474 -19.16427 -53.44144 -15.17382     (-48.165,-19.869) (-46.840,-2.286) (-0.705,-9.897)      16.7795  29.2341  46.3204  17.9507  
8      0.34291 -48.03343 -38.61752  -6.18073  -7.17926  -0.45701     (-0.343,-6.524) (-47.691,-38.275) (-6.836,-0.114)       2.75886 -47.04482  -0.38041 -19.31150 -53.38697 -15.20182     (-48.250,-19.692) (-46.664,-2.378) (-0.380,-10.065)      16.6372  29.4121  45.8133  17.7737  
9      0.11096 -47.53344 -38.29319  -6.32796  -7.12478  -0.48501     (-0.111,-6.439) (-47.422,-38.182) (-7.014,-0.374)       2.52691 -46.54483  -0.05609 -19.45873 -53.33249 -15.22982     (-48.335,-19.515) (-46.489,-2.471) (-0.056,-10.232)      16.5065  29.6097  45.3148  17.607  
10     -0.12099 -47.03345 -37.96886  -6.47519  -7.07030  -0.51301     (-0.121,-6.475) (-47.033,-7.070) (-37.969,-0.513)       2.29496 -46.04483   0.26824 -19.60596 -53.27801 -15.25782     (-48.152,-46.045) (-19.069,-2.295) (-0.268,-10.668)      16.2873  29.8267  44.7351  44.7952     glitch
11     -0.35293 -46.53345 -37.64454  -6.62243  -7.01582  -0.54101     (-0.353,-6.622) (-46.533,-7.016) (-37.645,-0.541)       2.06301 -45.54484   0.59257 -19.75320 -53.22353 -15.28582     (-47.912,-45.545) (-18.568,-2.063) (-0.593,-11.160)      15.7725  30.0625  43.9006  44.5627  
12     -0.58488 -46.03346 -37.32021  -6.76966  -6.96134  -0.56901     (-0.585,-6.770) (-46.033,-6.961) (-37.320,-0.569)       1.83107 -45.04485   0.91689 -19.90043 -53.16906 -15.31382     (-47.673,-45.045) (-18.067,-1.831) (-0.917,-11.652)      15.3033  30.3168  43.1087  44.3506  
13     -0.81683 -45.53346 -36.99589  -6.91689  -6.90687  -0.59701     (-0.817,-6.917) (-45.533,-6.907) (-36.996,-0.597)       1.59912 -44.54485   1.24122 -20.04766 -53.11458 -15.34182     (-47.434,-44.545) (-17.565,-1.599) (-1.241,-12.144)      14.8837  30.5891  42.1589  44.1592  
14     -1.04878 -45.03347 -36.67156  -7.06412  -6.85239  -0.62502     (-1.049,-7.064) (-45.033,-6.852) (-36.672,-0.625)       1.36717 -44.04486   1.56554 -20.19489 -53.06010 -15.36982     (-47.195,-44.045) (-17.064,-1.367) (-1.566,-12.635)      14.5183  30.8788  40.9421  43.9888  
15     -1.28072 -44.53347 -36.34723  -7.21135  -6.79791  -0.65302     (-1.281,-7.211) (-44.533,-6.798) (-36.347,-0.653)       1.13523 -43.54486   1.88987 -20.34213 -53.00562 -15.39782     (-46.955,-43.545) (-16.562,-1.135) (-1.890,-13.127)      14.2111  31.1855  39.7594  43.8396  
16     -1.51267 -44.03348 -36.02291  -7.35859  -6.74343  -0.68102     (-1.513,-7.359) (-44.033,-6.743) (-36.023,-0.681)       0.90328 -43.04487   2.21420 -20.48936 -52.95115 -15.42582     (-46.716,-43.045) (-16.061,-0.903) (-2.214,-13.619)      13.966  31.5087  38.6138  43.7119  
17     -1.74462 -43.53348 -35.69858  -7.50582  -6.68896  -0.70902     (-1.745,-7.506) (-43.533,-6.689) (-35.699,-0.709)       0.67133 -42.54487   2.53852 -20.63659 -52.89667 -15.45383     (-46.477,-42.545) (-15.560,-0.671) (-2.539,-14.111)      13.7863  31.8479  37.5081  43.6058  
18     -1.97656 -43.03349 -35.37425  -7.65305  -6.63448  -0.73702     (-1.977,-7.653) (-43.033,-6.634) (-35.374,-0.737)       0.43938 -42.04488   2.86285 -20.78382 -52.84219 -15.48183     (-46.238,-42.045) (-15.058,-0.439) (-2.863,-14.603)      13.6746  32.2026  36.4454  43.5215  
19     -2.20851 -42.53350 -35.04993  -7.80028  -6.58000  -0.76502     (-2.209,-7.800) (-42.533,-6.580) (-35.050,-0.765)       0.20744 -41.54489   3.18718 -20.93105 -52.78771 -15.50983     (-45.998,-41.545) (-14.557,-0.207) (-3.187,-15.095)      13.6325  32.4229  35.4289  43.2097  
20     -2.44046 -42.03350 -34.72560  -7.94752  -6.52552  -0.79302     (-2.440,-7.948) (-42.034,-6.526) (-34.726,-0.793)      -0.02451 -41.04489   3.51150 -21.07829 -52.73323 -15.53783     (-3.487,-41.020) (-14.080,-0.025) (-45.735,-15.562)      13.5304  32.3814  34.3781  13.645     glitch
21     -2.67241 -41.53351 -34.40128  -8.09475  -6.47105  -0.82102     (-2.672,-8.095) (-41.534,-6.471) (-34.401,-0.821)      -0.25646 -40.54490   3.83583 -21.22552 -52.67876 -15.56583     (-3.579,-40.288) (-13.810,-0.256) (-45.264,-15.822)      13.3979  32.6666  33.243  13.5942  
22     -2.90435 -41.03351 -34.07695  -8.24198  -6.41657  -0.84902     (-2.904,-8.242) (-41.034,-6.417) (-34.077,-0.849)      -0.48840 -40.04490   4.16015 -21.37275 -52.62428 -15.59383     (-3.672,-39.556) (-13.541,-0.488) (-44.792,-16.082)      13.3362  32.9678  32.1786  13.614  
23     -3.13630 -40.53352 -33.75262  -8.38921  -6.36209  -0.87702     (-3.136,-8.389) (-40.534,-6.362) (-33.753,-0.877)      -0.72035 -39.54491   4.48448 -21.51998 -52.56980 -15.62183     (-3.764,-38.825) (-13.271,-0.720) (-44.321,-16.342)      13.3464  33.2844  31.1918  13.704  
24     -3.36825 -40.03352 -33.42830  -8.53644  -6.30761  -0.90502     (-3.368,-8.536) (-40.034,-6.308) (-33.428,-0.905)      -0.95230 -39.04491   4.80881 -21.66722 -52.51532 -15.64983     (-3.857,-38.093) (-13.002,-0.952) (-43.850,-16.602)      13.4282  33.616  30.2902  13.8628  
25     -3.60019 -39.53353 -33.10397  -8.68368  -6.25313  -0.93302     (-3.600,-8.684) (-39.534,-6.253) (-33.104,-0.933)      -1.18425 -38.54492   5.13313 -21.81445 -52.46085 -15.67783     (-3.949,-37.361) (-12.732,-1.184) (-43.379,-16.862)      13.5805  33.7903  29.4815  14.0881  
26     -3.83214 -39.03354 -32.77964  -8.83091  -6.19866  -0.96102     (-3.832,-8.831) (-39.034,-6.199) (-32.780,-0.961)      -1.41619 -38.04492   5.45746 -21.96168 -52.40637 -15.70583     (-4.041,-36.629) (-12.463,-1.416) (-42.908,-17.122)      13.8009  33.7384  28.7733  14.3769  
27     -4.06409 -38.53354 -32.45532  -8.97814  -6.14418  -0.98902     (-4.064,-8.978) (-38.534,-6.144) (-32.455,-0.989)      -1.64814 -37.54493   5.78179 -22.10891 -52.35189 -15.73383     (-4.134,-35.897) (-12.193,-1.648) (-42.436,-17.382)      14.0861  33.7058  28.1732  14.7253  
28     -4.29604 -38.03355 -32.13099  -9.12537  -6.08970  -1.01702     (-4.296,-9.125) (-38.034,-6.090) (-32.131,-1.017)      -1.88009 -37.04494   6.10611 -22.25614 -52.29741 -15.76183     (-4.226,-35.165) (-11.924,-1.880) (-41.965,-17.642)      14.4323  33.6931  27.6881  15.1293  
29     -4.52798 -37.53355 -31.80667  -9.27261  -6.03522  -1.04502     (-4.528,-9.273) (-37.534,-6.035) (-31.807,-1.045)      -2.11203 -36.54494   6.43044 -22.40338 -52.24294 -15.78983     (-4.318,-34.433) (-11.655,-2.112) (-41.494,-17.902)      14.8353  33.7009  27.3236  15.5845  
30     -4.75993 -37.03356 -31.48234  -9.41984  -5.98075  -1.07302     (-4.760,-9.420) (-37.034,-5.981) (-31.482,-1.073)      -2.34398 -36.04495   6.75476 -22.55061 -52.18846 -15.81783     (-4.411,-33.701) (-11.385,-2.344) (-41.023,-18.162)      15.2906  33.7297  27.0459  16.0866  
31     -4.99188 -36.53356 -31.15801  -9.56707  -5.92627  -1.10102     (-4.992,-9.567) (-36.534,-5.926) (-31.158,-1.101)      -2.57593 -35.54495   7.07909 -22.69784 -52.13398 -15.84583     (-4.503,-32.969) (-11.116,-2.576) (-40.552,-18.422)      15.7936  33.7802  26.8981  16.6313  
32     -5.22383 -36.03357 -30.83369  -9.71430  -5.87179  -1.12902     (-5.224,-9.714) (-36.034,-5.872) (-30.834,-1.129)      -2.80788 -35.04496   7.40342 -22.84507 -52.07950 -15.87383     (-4.596,-32.237) (-10.846,-2.808) (-40.081,-18.682)      16.34  33.5418  26.8822  17.2147  
33     -5.45577 -35.53358 -30.50936  -9.86153  -5.81731  -1.15702     (-5.456,-9.862) (-35.534,-5.817) (-30.509,-1.157)      -3.03982 -34.54496   7.72774 -22.99231 -52.02502 -15.90183     (-4.688,-31.505) (-10.577,-3.040) (-39.609,-18.942)      16.9255  33.0656  26.9986  17.8328  
34     -5.68772 -35.03358 -30.18503 -10.00877  -5.76284  -1.18502     (-5.688,-10.009) (-35.034,-5.763) (-30.185,-1.185)      -3.27177 -34.04497   8.05207 -23.13954 -51.97055 -15.92983     (-4.780,-30.773) (-10.307,-3.272) (-39.138,-19.202)      17.5462  32.6121  27.2454  18.4822  
35     -5.91967 -34.53359 -29.86071 -10.15600  -5.70836  -1.21302     (-5.920,-10.156) (-34.534,-5.708) (-29.861,-1.213)      -3.50372 -33.54498   8.37640 -23.28677 -51.91607 -15.95783     (-4.873,-30.041) (-10.038,-3.504) (-38.667,-19.462)      18.1985  32.1815  27.6122  19.1598  
36     -6.15161 -34.03359 -29.53638 -10.30323  -5.65388  -1.24102     (-6.152,-10.303) (-34.034,-5.654) (-29.536,-1.241)      -3.73567 -33.04498   8.70072 -23.43400 -51.86159 -15.98583     (-4.965,-29.309) (-9.768,-3.736) (-38.196,-19.721)      18.8792  31.774  28.0995  19.8626  
37     -6.38356 -33.53360 -29.21205 -10.45046  -5.59940  -1.26902     (-6.384,-10.450) (-33.534,-5.599) (-29.212,-1.269)      -3.96761 -32.54499   9.02505 -23.58123 -51.80711 -16.01383     (-5.057,-28.577) (-9.499,-3.968) (-37.725,-19.981)      19.5853  31.3897  28.7027  20.588  
38     -6.61551 -33.03360 -28.88773 -10.59770  -5.54492  -1.29702     (-6.616,-10.598) (-33.034,-5.545) (-28.888,-1.297)      -4.19956 -32.04499   9.34937 -23.72847 -51.75264 -16.04183     (-5.150,-27.845) (-9.229,-4.200) (-37.253,-20.241)      20.3142  31.1384  29.4145  21.3338  
39     -6.84746 -32.53361 -28.56340 -10.74493  -5.49045  -1.32502     (-6.847,-10.745) (-32.534,-5.490) (-28.563,-1.325)      -4.43151 -31.54500   9.67370 -23.87570 -51.69816 -16.06983     (-5.242,-27.113) (-8.960,-4.432) (-36.782,-20.501)      21.0634  31.1295  30.2271  22.098  
40     -7.07940 -32.03362 -28.23908 -10.89216  -5.43597  -1.35302     (-7.079,-10.892) (-32.034,-5.436) (-28.239,-1.353)      -4.66345 -31.04500   9.99803 -24.02293 -51.64368 -16.09783     (-5.335,-26.382) (-8.690,-4.663) (-36.311,-20.761)      21.8308  31.1483  31.1326  22.8785  
41     -7.31135 -31.53362 -27.91475 -11.03939  -5.38149  -1.38102     (-7.311,-11.039) (-31.534,-5.381) (-27.915,-1.381)      -4.89540 -30.54501  10.32235 -24.17016 -51.58920 -16.12583     (-5.427,-25.650) (-8.421,-4.895) (-35.840,-21.021)      22.6148  31.1947  32.1229  23.6739  
42     -7.54330 -31.03363 -27.59042 -11.18662  -5.32701  -1.40902     (-7.543,-11.187) (-31.034,-5.327) (-27.590,-1.409)      -5.12735 -30.04502  10.64668 -24.31740 -51.53473 -16.15383     (-5.519,-24.918) (-8.151,-5.127) (-35.369,-21.281)      23.4134  31.2687  33.1902  24.4827  
43     -7.77524 -30.53363 -27.26610 -11.33386  -5.27254  -1.43703     (-7.775,-11.334) (-30.534,-5.273) (-27.266,-1.437)      -5.35930 -29.54502  10.97101 -24.46463 -51.48025 -16.18183     (-5.612,-24.186) (-7.882,-5.359) (-34.898,-21.541)      24.2254  31.3699  34.3274  25.3036  
44     -8.00719 -30.03364 -26.94177 -11.48109  -5.21806  -1.46503     (-8.007,-11.481) (-30.034,-5.218) (-26.942,-1.465)      -5.59124 -29.04503  11.29533 -24.61186 -51.42577 -16.20983     (-5.704,-23.454) (-7.612,-5.591) (-34.426,-21.801)      25.0494  31.4981  35.5275  26.1354  
45     -8.23914 -29.53364 -26.61744 -11.62832  -5.16358  -1.49303     (-8.239,-11.628) (-29.534,-5.164) (-26.617,-1.493)      -5.82319 -28.54503  11.61966 -24.75909 -51.37129 -16.23783     (-5.796,-22.722) (-7.343,-5.823) (-33.955,-22.061)      25.8843  31.6531  36.7844  26.9772  
46     -8.47109 -29.03365 -26.29312 -11.77555  -5.10910  -1.52103     (-8.471,-11.776) (-29.034,-5.109) (-26.293,-1.521)      -6.05514 -28.04504  11.94398 -24.90632 -51.31681 -16.26584     (-5.889,-21.990) (-7.073,-6.055) (-33.484,-22.321)      26.7291  31.8344  38.0923  27.8281  
47     -8.70303 -28.53365 -25.96879 -11.92278  -5.05463  -1.54903     (-8.703,-11.923) (-28.534,-5.055) (-25.969,-1.549)      -6.28708 -27.54504  12.26831 -25.05356 -51.26234 -16.29384     (-5.981,-21.258) (-6.804,-6.287) (-33.013,-22.581)      26.9225  32.0416  38.8211  28.6872  
48     -8.93498 -28.03366 -25.64447 -12.07002  -5.00015  -1.57703     (-8.935,-12.070) (-28.034,-5.000) (-25.644,-1.577)      -6.51903 -27.04505  12.59264 -25.20079 -51.20786 -16.32184     (-6.074,-20.526) (-6.535,-6.519) (-32.542,-22.841)      26.7466  32.2742  38.7799  29.5538  
49     -9.16693 -27.53367 -25.32014 -12.21725  -4.94567  -1.60503     (-9.167,-12.217) (-27.534,-4.946) (-25.320,-1.605)      -6.75098 -26.54506  12.91696 -25.34802 -51.15338 -16.34984     (-6.166,-19.794) (-6.265,-6.751) (-32.070,-23.101)      26.6056  32.5316  38.7987  30.4272  
50     -9.39887 -27.03367 -24.99581 -12.36448  -4.89119  -1.63303     (-9.399,-12.364) (-27.034,-4.891) (-24.996,-1.633)      -6.98293 -26.04506  13.24129 -25.49525 -51.09890 -16.37784     (-6.258,-19.062) (-5.996,-6.983) (-31.599,-23.361)      26.5001  32.8132  38.9221  31.307  
51     -9.63082 -26.53368 -24.67149 -12.51171  -4.83671  -1.66103     (-9.631,-12.512) (-26.534,-4.837) (-24.671,-1.661)      -7.21487 -25.54507  13.56562 -25.64249 -51.04443 -16.40584     (-6.351,-18.330) (-5.726,-7.215) (-31.128,-23.621)      26.4306  33.1185  39.1481  32.1926  
52     -9.86277 -26.03368 -24.34716 -12.65895  -4.78224  -1.68903     (-9.863,-12.659) (-26.034,-4.782) (-24.347,-1.689)      -7.44682 -25.04507  13.88994 -25.78972 -50.98995 -16.43384     (-6.443,-17.598) (-5.457,-7.447) (-30.657,-23.881)      26.3973  33.4467  39.4738  33.0835  
53    -10.09472 -25.53369 -24.02283 -12.80618  -4.72776  -1.71703     (-10.095,-12.806) (-25.534,-4.728) (-24.023,-1.717)      -7.67877 -24.54508  14.21427 -25.93695 -50.93547 -16.46184     (-6.536,-16.866) (-5.187,-7.679) (-30.186,-24.141)      26.4003  33.7973  39.8956  33.9793  
54    -10.32666 -25.03369 -23.69851 -12.95341  -4.67328  -1.74503     (-10.327,-12.953) (-25.034,-4.673) (-23.699,-1.745)      -7.91071 -24.04508  14.53859 -26.08418 -50.88099 -16.48984     (-6.628,-16.134) (-4.918,-7.911) (-29.715,-24.401)      26.4397  34.2438  40.4093  34.8796  
55    -10.55861 -24.53370 -23.37418 -13.10064  -4.61880  -1.77303     (-10.559,-13.101) (-24.534,-4.619) (-23.374,-1.773)      -8.14266 -23.54509  14.86292 -26.23141 -50.82652 -16.51784     (-6.720,-15.402) (-4.648,-8.143) (-29.243,-24.661)      26.5153  34.7928  41.0105  35.7841  
56    -10.79056 -24.03371 -23.04986 -13.24787  -4.56433  -1.80103     (-10.791,-13.248) (-24.034,-4.564) (-23.050,-1.801)      -8.37461 -23.04509  15.18725 -26.37865 -50.77204 -16.54584     (-6.813,-14.670) (-4.379,-8.375) (-28.772,-24.920)      26.6268  35.3586  41.6942  36.6925  
57    -11.02251 -23.53371 -22.72553 -13.39511  -4.50985  -1.82903     (-11.023,-13.395) (-23.534,-4.510) (-22.726,-1.829)      -8.60656 -22.54510  15.51157 -26.52588 -50.71756 -16.57384     (-6.905,-13.939) (-4.109,-8.607) (-28.301,-25.180)      26.7736  35.9413  42.4535  37.6044  
58    -11.25445 -23.03372 -22.40120 -13.54234  -4.45537  -1.85703     (-11.254,-13.542) (-23.034,-4.455) (-22.401,-1.857)      -8.83850 -22.04511  15.83590 -26.67311 -50.66308 -16.60184     (-6.997,-13.207) (-3.840,-8.839) (-27.830,-25.440)      26.9553  36.5406  43.2871  38.5197  
59    -11.48640 -22.53372 -22.07688 -13.68957  -4.40089  -1.88503     (-11.486,-13.690) (-22.534,-4.401) (-22.077,-1.885)      -9.07045 -21.54511  16.16023 -26.82034 -50.60861 -16.62984     (-7.090,-12.475) (-3.570,-9.070) (-27.359,-25.700)      26.8005  36.3847  43.7081  39.4382  
60    -11.71835 -22.03373 -21.75255 -13.83680  -4.34642  -1.91303     (-11.718,-13.837) (-22.034,-4.346) (-21.753,-1.913)      -9.30240 -21.04512  16.48455 -26.96757 -50.55413 -16.65784     (-7.182,-11.743) (-3.301,-9.302) (-26.887,-25.960)      26.5576  37.4973  44.1907  40.3595  
61    -11.95029 -21.53373 -21.42822 -13.98404  -4.29194  -1.94103     (-11.950,-13.984) (-21.534,-4.292) (-21.428,-1.941)      -9.53435 -20.54512  16.80888 -27.11481 -50.49965 -16.68584     (-7.275,-11.011) (-3.031,-9.534) (-26.416,-26.220)      26.3488  35.9815  44.694  40.6275  
62    -12.18224 -21.03374 -21.10390 -14.13127  -4.23746  -1.96903     (-12.182,-14.131) (-21.034,-4.237) (-21.104,-1.969)      -9.76629 -20.04513  17.13321 -27.26204 -50.44517 -16.71384     (-7.367,-10.279) (-2.762,-9.766) (-25.945,-26.480)      26.1751  34.6056  45.1513  40.5442  
63    -12.41419 -20.53375 -20.77957 -14.27850  -4.18298  -1.99703     (-12.414,-14.279) (-20.534,-4.183) (-20.780,-1.997)      -9.99824 -19.54513  17.45753 -27.40927 -50.39069 -16.74184     (-7.459,-9.547) (-2.492,-9.998) (-25.474,-26.740)      26.0372  33.387  45.6851  40.2893  
64    -12.64614 -20.03375 -20.45525 -14.42573  -4.12850  -2.02503     (-12.646,-14.426) (-20.034,-4.129) (-20.455,-2.025)     -10.23019 -19.04514  17.78186 -27.55650 -50.33622 -16.76984     (-7.552,-8.815) (-2.223,-10.230) (-25.003,-27.000)      25.9356  32.0939  46.2984  39.7829  
65    -12.87808 -19.53376 -20.13092 -14.57296  -4.07403  -2.05303     (-12.878,-14.573) (-19.534,-4.074) (-20.131,-2.053)     -10.46213 -18.54515  18.10618 -27.70374 -50.28174 -16.79784     (-7.644,-8.083) (-1.954,-10.462) (-24.532,-27.260)      25.8707  31.3182  46.9875  39.2376  
66    -13.11003 -19.03376 -19.80659 -14.72020  -4.01955  -2.08103     (-13.110,-14.720) (-19.034,-4.020) (-19.807,-2.081)     -10.69408 -18.04515  18.43051 -27.85097 -50.22726 -16.82584     (-7.736,-7.351) (-1.684,-10.694) (-24.060,-27.520)      25.8428  30.6781  47.749  38.7093  
67    -13.34198 -18.53377 -19.48227 -14.86743  -3.96507  -2.10903     (-13.342,-14.867) (-18.534,-3.965) (-19.482,-2.109)     -10.92603 -17.54516  18.75484 -27.99820 -50.17278 -16.85384     (-7.829,-6.619) (-1.415,-10.926) (-23.589,-27.780)      25.8521  30.2586  48.5632  38.1989  
68    -13.57392 -18.03377 -19.15794 -15.01466  -3.91059  -2.13703     (-13.574,-15.015) (-18.034,-3.911) (-19.158,-2.137)     -11.15798 -17.04516  19.07916 -28.14543 -50.11831 -16.88184     (-7.921,-5.887) (-1.145,-11.158) (-23.118,-28.040)      25.8984  30.069  49.4287  37.707  
69    -13.80587 -17.53378 -18.83361 -15.16189  -3.85612  -2.16503     (-13.806,-15.162) (-17.534,-3.856) (-18.834,-2.165)     -11.38992 -16.54517  19.40349 -28.29266 -50.06383 -16.90984     (-8.014,-5.155) (-0.876,-11.390) (-22.647,-28.300)      25.9817  29.9509  50.3521  37.2345  
70    -14.03782 -17.03379 -18.50929 -15.30913  -3.80164  -2.19303     (-14.038,-15.309) (-17.034,-3.802) (-18.509,-2.193)     -11.62187 -16.04517  19.72782 -28.43990 -50.00935 -16.93784     (-8.106,-4.423) (-0.606,-11.622) (-22.176,-28.560)      26.1016  29.9629  51.0601  36.782  
71    -14.26977 -16.53379 -18.18496 -15.45636  -3.74716  -2.22104     (-14.270,-15.456) (-16.534,-3.747) (-18.185,-2.221)     -11.85382 -15.54518  20.05214 -28.58713 -49.95487 -16.96584     (-8.198,-3.691) (-0.337,-11.854) (-21.704,-28.820)      26.2574  30.2133  51.7757  36.3503  
72    -14.50171 -16.03380 -17.86064 -15.60359  -3.69268  -2.24904     (-14.502,-15.604) (-16.034,-3.693) (-17.861,-2.249)     -12.08576 -15.04519  20.37647 -28.73436 -49.90040 -16.99384     (-8.291,-2.959) (-0.067,-12.086) (-21.233,-29.080)      26.4487  30.1415  52.543  35.9401  
73    -14.73366 -15.53380 -17.53631 -15.75082  -3.63821  -2.27704     (-14.734,-15.751) (-15.534,-3.638) (-17.536,-2.277)     -12.31771 -14.54519  20.70079 -28.88159 -49.84592 -17.02184     (-29.137,-2.025) (-0.202,-12.520) (-20.560,-8.181)      26.9396  30.2521  54.0486  26.9396     glitch
74    -14.96561 -15.03381 -17.21198 -15.89805  -3.58373  -2.30504     (-14.966,-15.898) (-15.034,-3.584) (-17.212,-2.305)     -12.54966 -14.04520  21.02512 -29.02883 -49.79144 -17.04985     (-29.128,-1.024) (-0.472,-13.021) (-19.819,-8.004)      27.5726  30.6089  55.8435  27.5726  
75    -15.19756 -14.53381 -16.88766 -16.04529  -3.52925  -2.33304     (-15.198,-16.045) (-14.534,-3.529) (-16.888,-2.333)     -12.78161 -13.54520  21.34945 -29.17606 -49.73696 -17.07785     (-29.118,-0.022) (-0.741,-13.523) (-19.078,-7.827)      28.259  31.1888  57.6951  28.259  
76    -15.42950 -14.03382 -16.56333 -16.19252  -3.47477  -2.36104     (-15.430,-16.193) (-14.034,-3.475) (-16.563,-2.361)     -13.01355 -13.04521  21.67377 -29.32329 -49.68248 -17.10585     (-30.088,-0.979) (-17.359,-13.045) (-0.032,-6.670)      28.6311  30.7319  60.6341  29.8392  
77    -15.66145 -13.53382 -16.23900 -16.33975  -3.42029  -2.38904     (-15.661,-16.340) (-13.534,-3.420) (-16.239,-2.389)     -13.24550 -12.54521  21.99810 -29.47052 -49.62801 -17.13385     (-1.280,-11.845) (-6.192,-0.700) (-14.916,-30.379)      29.7028  30.4244  65.1577  33.1425  
78    -15.89340 -13.03383 -15.91468 -16.48698  -3.36582  -2.41704     (-15.893,-16.487) (-13.034,-3.366) (-15.915,-2.417)     -13.47745 -12.04522  22.32243 -29.61775 -49.57353 -17.16185     (-1.550,-10.613) (-5.746,-1.432) (-12.442,-30.639)      31.1444  30.0621  69.5794  33.152  
79    -16.12534 -12.53384 -15.59035 -16.63422  -3.31134  -2.44504     (-16.125,-16.634) (-12.534,-3.311) (-15.590,-2.445)     -13.70940 -11.54522  22.64675 -29.76499 -49.51905 -17.18985     (-1.819,-9.381) (-5.299,-2.164) (-9.968,-30.899)      32.783  29.8386  73.5656  33.4172  
80    -16.35729 -12.03384 -15.26603 -16.78145  -3.25686  -2.47304     (-16.357,-16.781) (-12.034,-3.257) (-15.266,-2.473)     -13.94134 -11.04523  22.97108 -29.91222 -49.46457 -17.21785     (-2.089,-8.149) (-4.853,-2.896) (-7.494,-31.159)      33.669  29.8734  77.3769  33.6291  
81    -16.58924 -11.53385 -14.94170 -16.92868  -3.20238  -2.50104     (-16.589,-16.929) (-11.534,-3.202) (-14.942,-2.501)     -14.17329 -10.54524  23.29540 -30.05945 -49.41010 -17.24585     (-2.358,-6.917) (-4.406,-3.628) (-5.020,-31.419)      34.6312  31.072  81.4213  33.1535  
82    -16.82119 -11.03385 -14.61737 -17.07591  -3.14791  -2.52904     (-16.821,-17.076) (-11.034,-3.148) (-14.617,-2.529)     -14.40524 -10.04524  23.61973 -30.20668 -49.35562 -17.27385     (-2.628,-5.685) (-3.959,-4.360) (-2.546,-31.679)      35.6628  35.296  85.5657  32.9324  
83    -17.05313 -10.53386 -14.29305 -17.22314  -3.09343  -2.55704     (-17.053,-17.223) (-10.534,-3.093) (-14.293,-2.557)     -14.63718  -9.54525  23.94406 -30.35392 -49.30114 -17.30185     (-2.897,-4.453) (-3.513,-5.092) (-0.072,-31.939)      36.3572  40.2011  89.462  32.9709     glitch
84    -17.28508 -10.03386 -13.96872 -17.37038  -3.03895  -2.58504     (-17.285,-17.370) (-10.034,-3.039) (-13.969,-2.585)     -14.86913  -9.04525  24.26838 -30.50115 -49.24666 -17.32985     (-0.765,-0.665) (-0.820,-3.422) (-2.402,-34.601)      36.8106  42.6931  96.0438  34.8786  
85    -17.51703  -9.53387 -13.64439 -17.51761  -2.98447  -2.61304                            -15.10108  -8.54526  24.59271 -30.64838 -49.19219 -17.35785     invalid  
86    -17.74897  -9.03388 -13.32007 -17.66484  -2.93000  -2.64104                            -15.33303  -8.04526  24.91704 -30.79561 -49.13771 -17.38585     invalid  
87    -17.98092  -8.53388 -12.99574 -17.81207  -2.87552  -2.66904                            -15.56497  -7.54527  25.24136 -30.94284 -49.08323 -17.41385     invalid  
88    -18.21287  -8.03389 -12.67142 -17.95931  -2.82104  -2.69704                            -15.79692  -7.04528  25.56569 -31.09008 -49.02875 -17.44185     invalid  
89    -18.44482  -7.53389 -12.34709 -18.10654  -2.76656  -2.72504                            -16.02887  -6.54528  25.89001 -31.23731 -48.97427 -17.46985     invalid  
90    -18.67676  -7.03390 -12.02276 -18.25377  -2.71208  -2.75304                            -16.26081  -6.04529  26.21434 -31.38454 -48.91980 -17.49785     invalid  
91    -18.90871  -6.53390 -11.69844 -18.40100  -2.65761  -2.78104                            -16.49276  -5.54529  26.53867 -31.53177 -48.86532 -17.52585     invalid  
92    -19.14066  -6.03391 -11.37411 -18.54823  -2.60313  -2.80904                            -16.72471  -5.04530  26.86299 -31.67901 -48.81084 -17.55385     invalid  
93    -19.37260  -5.53392 -11.04978 -18.69547  -2.54865  -2.83704                            -16.95666  -4.54530  27.18732 -31.82624 -48.75636 -17.58185     invalid  
94    -19.60455  -5.03392 -10.72546 -18.84270  -2.49417  -2.86504                            -17.18860  -4.04531  27.51165 -31.97347 -48.70189 -17.60985     invalid  
95    -19.83650  -4.53393 -10.40113 -18.98993  -2.43970  -2.89304                            -17.42055  -3.54532  27.83597 -32.12070 -48.64741 -17.63785     invalid  
96    -20.06845  -4.03393 -10.07681 -19.13716  -2.38522  -2.92104                            -17.65250  -3.04532  28.16030 -32.26793 -48.59293 -17.66585     invalid  
97    -20.30039  -3.53394  -9.75248 -19.28439  -2.33074  -2.94904                            -17.88444  -2.54533  28.48462 -32.41517 -48.53845 -17.69385     invalid  
98    -20.53234  -3.03394  -9.42815 -19.43163  -2.27626  -2.97704                            -18.11639  -2.04533  28.80895 -32.56240 -48.48398 -17.72185     invalid  
99    -20.76429  -2.53395  -9.10383 -19.57886  -2.22179  -3.00504                            -18.34834  -1.54534  29.13328 -32.70963 -48.42950 -17.74985     invalid  
