PointDistanceFollower  May 16 2018
Fol_2018-05-16.16_14_15.1_1.txt     Output is S6 probe cell, C3 reduced cell, S6Dist CS6Dist distance between
0    -14.29691  -8.94079   8.65986 -24.82966 -26.37609 -12.64192     (-5.637,-0.281) (-16.170,-17.716) (-8.660,-21.302)     -16.51347  -1.73904  13.89851 -23.10216 -22.73050  -9.24186     (-0.153,-2.237) (-0.550,-5.373) (-0.910,-1.658) 28.4797  6.1833  
1    -14.14130  -8.88686   8.54592 -24.58758 -26.12808 -12.53140                            -16.35786  -1.68510  13.78458 -22.86008 -22.48249  -9.13133     invalid  
2    -13.98569  -8.83292   8.43199 -24.34550 -25.88006 -12.42087                            -16.20225  -1.63116  13.67065 -22.61800 -22.23447  -9.02081     invalid  
3    -13.83008  -8.77898   8.31806 -24.10342 -25.63205 -12.31035                            -16.04664  -1.57722  13.55672 -22.37592 -21.98646  -8.91028     invalid  
4    -13.67447  -8.72504   8.20413 -23.86134 -25.38404 -12.19983                            -15.89103  -1.52328  13.44279 -22.13384 -21.73845  -8.79976     invalid  
5    -13.51887  -8.67110   8.09020 -23.61926 -25.13602 -12.08930                            -15.73543  -1.46934  13.32885 -21.89176 -21.49043  -8.68923     invalid  
6    -13.36326  -8.61716   7.97627 -23.37718 -24.88801 -11.97878                            -15.57982  -1.41541  13.21492 -21.64968 -21.24242  -8.57871     invalid  
7    -13.20765  -8.56322   7.86234 -23.13510 -24.64000 -11.86825                            -15.42421  -1.36147  13.10099 -21.40760 -20.99441  -8.46819     invalid  
8    -13.05204  -8.50929   7.74841 -22.89302 -24.39198 -11.75773                            -15.26860  -1.30753  12.98706 -21.16552 -20.74640  -8.35766     invalid  
9    -12.89643  -8.45535   7.63448 -22.65094 -24.14397 -11.64721                            -15.11299  -1.25359  12.87313 -20.92344 -20.49838  -8.24714     invalid  
10    -12.74083  -8.40141   7.52054 -22.40886 -23.89596 -11.53668                            -14.95739  -1.19965  12.75920 -20.68136 -20.25037  -8.13661     invalid  
11    -12.58522  -8.34747   7.40661 -22.16678 -23.64794 -11.42616                            -14.80178  -1.14571  12.64527 -20.43928 -20.00236  -8.02609     invalid  
12    -12.42961  -8.29353   7.29268 -21.92470 -23.39993 -11.31563                            -14.64617  -1.09177  12.53134 -20.19720 -19.75434  -7.91557     invalid  
13    -12.27400  -8.23959   7.17875 -21.68262 -23.15192 -11.20511                            -14.49056  -1.03784  12.41741 -19.95512 -19.50633  -7.80504     invalid  
14    -12.11840  -8.18565   7.06482 -21.44054 -22.90391 -11.09458                            -14.33495  -0.98390  12.30347 -19.71304 -19.25832  -7.69452     invalid  
15    -11.96279  -8.13172   6.95089 -21.19846 -22.65589 -10.98406                            -14.17935  -0.92996  12.18954 -19.47096 -19.01030  -7.58399     invalid  
16    -11.80718  -8.07778   6.83696 -20.95638 -22.40788 -10.87354                            -14.02374  -0.87602  12.07561 -19.22888 -18.76229  -7.47347     invalid  
17    -11.65157  -8.02384   6.72303 -20.71430 -22.15987 -10.76301                            -13.86813  -0.82208  11.96168 -18.98680 -18.51428  -7.36295     invalid  
18    -11.49596  -7.96990   6.60910 -20.47222 -21.91185 -10.65249                            -13.71252  -0.76814  11.84775 -18.74472 -18.26626  -7.25242     invalid  
19    -11.34036  -7.91596   6.49516 -20.23014 -21.66384 -10.54196                            -13.55691  -0.71420  11.73382 -18.50264 -18.01825  -7.14190     invalid  
20    -11.18475  -7.86202   6.38123 -19.98806 -21.41583 -10.43144                            -13.40131  -0.66027  11.61989 -18.26056 -17.77024  -7.03137     invalid  
21    -11.02914  -7.80809   6.26730 -19.74598 -21.16781 -10.32092                            -13.24570  -0.60633  11.50596 -18.01848 -17.52223  -6.92085     invalid  
22    -10.87353  -7.75415   6.15337 -19.50390 -20.91980 -10.21039                            -13.09009  -0.55239  11.39203 -17.77640 -17.27421  -6.81032     invalid  
23    -10.71792  -7.70021   6.03944 -19.26182 -20.67179 -10.09987                            -12.93448  -0.49845  11.27809 -17.53432 -17.02620  -6.69980     invalid  
24    -10.56232  -7.64627   5.92551 -19.01974 -20.42377  -9.98934                            -12.77888  -0.44451  11.16416 -17.29224 -16.77819  -6.58928     invalid  
25    -10.40671  -7.59233   5.81158 -18.77766 -20.17576  -9.87882                            -12.62327  -0.39057  11.05023 -17.05016 -16.53017  -6.47875     invalid  
26    -10.25110  -7.53839   5.69765 -18.53558 -19.92775  -9.76830                            -12.46766  -0.33663  10.93630 -16.80808 -16.28216  -6.36823     invalid  
27    -10.09549  -7.48445   5.58372 -18.29350 -19.67974  -9.65777                            -12.31205  -0.28270  10.82237 -16.56600 -16.03415  -6.25770     invalid  
28     -9.93988  -7.43052   5.46978 -18.05142 -19.43172  -9.54725                            -12.15644  -0.22876  10.70844 -16.32392 -15.78613  -6.14718     invalid  
29     -9.78428  -7.37658   5.35585 -17.80934 -19.18371  -9.43672                            -12.00084  -0.17482  10.59451 -16.08184 -15.53812  -6.03666     invalid  
30     -9.62867  -7.32264   5.24192 -17.56726 -18.93570  -9.32620                            -11.84523  -0.12088  10.48058 -15.83976 -15.29011  -5.92613     invalid  
31     -9.47306  -7.26870   5.12799 -17.32518 -18.68768  -9.21567                            -11.68962  -0.06694  10.36665 -15.59768 -15.04209  -5.81561     invalid  
32     -9.31745  -7.21476   5.01406 -17.08310 -18.43967  -9.10515                            -11.53401  -0.01300  10.25271 -15.35560 -14.79408  -5.70508     invalid  
33     -9.16184  -7.16082   4.90013 -16.84102 -18.19166  -8.99463                            -11.37840   0.04094  10.13878 -15.11352 -14.54607  -5.59456     invalid  
34     -9.00624  -7.10688   4.78620 -16.59894 -17.94364  -8.88410                            -11.22280   0.09487  10.02485 -14.87144 -14.29806  -5.48404     invalid  
35     -8.85063  -7.05295   4.67227 -16.35686 -17.69563  -8.77358                            -11.06719   0.14881   9.91092 -14.62936 -14.05004  -5.37351     invalid  
36     -8.69502  -6.99901   4.55833 -16.11478 -17.44762  -8.66305                            -10.91158   0.20275   9.79699 -14.38728 -13.80203  -5.26299     invalid  
37     -8.53941  -6.94507   4.44440 -15.87270 -17.19961  -8.55253                            -10.75597   0.25669   9.68306 -14.14520 -13.55402  -5.15246     invalid  
38     -8.38380  -6.89113   4.33047 -15.63062 -16.95159  -8.44201                            -10.60036   0.31063   9.56913 -13.90312 -13.30600  -5.04194     invalid  
39     -8.22820  -6.83719   4.21654 -15.38854 -16.70358  -8.33148                            -10.44476   0.36457   9.45520 -13.66104 -13.05799  -4.93141     invalid  
40     -8.07259  -6.78325   4.10261 -15.14646 -16.45557  -8.22096                            -10.28915   0.41851   9.34126 -13.41896 -12.80998  -4.82089     invalid  
41     -7.91698  -6.72931   3.98868 -14.90438 -16.20755  -8.11043                            -10.13354   0.47244   9.22733 -13.17688 -12.56196  -4.71037     invalid  
42     -7.76137  -6.67538   3.87475 -14.66230 -15.95954  -7.99991                             -9.97793   0.52638   9.11340 -12.93480 -12.31395  -4.59984     invalid  
43     -7.60576  -6.62144   3.76082 -14.42022 -15.71153  -7.88938                             -9.82232   0.58032   8.99947 -12.69272 -12.06594  -4.48932     invalid  
44     -7.45016  -6.56750   3.64689 -14.17814 -15.46351  -7.77886                             -9.66672   0.63426   8.88554 -12.45064 -11.81792  -4.37879     invalid  
45     -7.29455  -6.51356   3.53295 -13.93606 -15.21550  -7.66834                             -9.51111   0.68820   8.77161 -12.20856 -11.56991  -4.26827     invalid  
46     -7.13894  -6.45962   3.41902 -13.69398 -14.96749  -7.55781                             -9.35550   0.74214   8.65768 -11.96648 -11.32190  -4.15775     invalid  
47     -6.98333  -6.40568   3.30509 -13.45190 -14.71947  -7.44729                             -9.19989   0.79607   8.54375 -11.72440 -11.07389  -4.04722     invalid  
48     -6.82773  -6.35174   3.19116 -13.20983 -14.47146  -7.33676                             -9.04428   0.85001   8.42982 -11.48232 -10.82587  -3.93670     invalid  
49     -6.67212  -6.29781   3.07723 -12.96775 -14.22345  -7.22624                             -8.88868   0.90395   8.31588 -11.24024 -10.57786  -3.82617     invalid  
50     -6.51651  -6.24387   2.96330 -12.72567 -13.97544  -7.11572                             -8.73307   0.95789   8.20195 -10.99816 -10.32985  -3.71565     invalid  
51     -6.36090  -6.18993   2.84937 -12.48359 -13.72742  -7.00519                             -8.57746   1.01183   8.08802 -10.75609 -10.08183  -3.60512     invalid  
52     -6.20529  -6.13599   2.73544 -12.24151 -13.47941  -6.89467                             -8.42185   1.06577   7.97409 -10.51401  -9.83382  -3.49460     invalid  
53     -6.04969  -6.08205   2.62151 -11.99943 -13.23140  -6.78414                             -8.26624   1.11971   7.86016 -10.27193  -9.58581  -3.38408     invalid  
54     -5.89408  -6.02811   2.50757 -11.75735 -12.98338  -6.67362                             -8.11064   1.17364   7.74623 -10.02985  -9.33779  -3.27355     invalid  
55     -5.73847  -5.97417   2.39364 -11.51527 -12.73537  -6.56310                             -7.95503   1.22758   7.63230  -9.78777  -9.08978  -3.16303     invalid  
56     -5.58286  -5.92024   2.27971 -11.27319 -12.48736  -6.45257                             -7.79942   1.28152   7.51837  -9.54569  -8.84177  -3.05250     invalid  
57     -5.42725  -5.86630   2.16578 -11.03111 -12.23934  -6.34205                             -7.64381   1.33546   7.40444  -9.30361  -8.59375  -2.94198     invalid  
58     -5.27165  -5.81236   2.05185 -10.78903 -11.99133  -6.23152                             -7.48821   1.38940   7.29050  -9.06153  -8.34574  -2.83146     invalid  
59     -5.11604  -5.75842   1.93792 -10.54695 -11.74332  -6.12100                             -7.33260   1.44334   7.17657  -8.81945  -8.09773  -2.72093     invalid  
60     -4.96043  -5.70448   1.82399 -10.30487 -11.49530  -6.01047                             -7.17699   1.49728   7.06264  -8.57737  -7.84972  -2.61041     invalid  
61     -4.80482  -5.65054   1.71006 -10.06279 -11.24729  -5.89995                             -7.02138   1.55121   6.94871  -8.33529  -7.60170  -2.49988     invalid  
62     -4.64921  -5.59660   1.59612  -9.82071 -10.99928  -5.78943                             -6.86577   1.60515   6.83478  -8.09321  -7.35369  -2.38936     invalid  
63     -4.49361  -5.54267   1.48219  -9.57863 -10.75127  -5.67890                             -6.71017   1.65909   6.72085  -7.85113  -7.10568  -2.27884     invalid  
64     -4.33800  -5.48873   1.36826  -9.33655 -10.50325  -5.56838                             -6.55456   1.71303   6.60692  -7.60905  -6.85766  -2.16831     invalid  
65     -4.18239  -5.43479   1.25433  -9.09447 -10.25524  -5.45785                             -6.39895   1.76697   6.49299  -7.36697  -6.60965  -2.05779     invalid  
66     -4.02678  -5.38085   1.14040  -8.85239 -10.00723  -5.34733                             -6.24334   1.82091   6.37906  -7.12489  -6.36164  -1.94726     invalid  
67     -3.87117  -5.32691   1.02647  -8.61031  -9.75921  -5.23681                             -6.08773   1.87485   6.26512  -6.88281  -6.11362  -1.83674     invalid  
68     -3.71557  -5.27297   0.91254  -8.36823  -9.51120  -5.12628                             -5.93213   1.92878   6.15119  -6.64073  -5.86561  -1.72621     invalid  
69     -3.55996  -5.21904   0.79861  -8.12615  -9.26319  -5.01576                             -5.77652   1.98272   6.03726  -6.39865  -5.61760  -1.61569     invalid  
70     -3.40435  -5.16510   0.68468  -7.88407  -9.01517  -4.90523                             -5.62091   2.03666   5.92333  -6.15657  -5.36958  -1.50517     invalid  
71     -3.24874  -5.11116   0.57074  -7.64199  -8.76716  -4.79471                             -5.46530   2.09060   5.80940  -5.91449  -5.12157  -1.39464     invalid  
72     -3.09313  -5.05722   0.45681  -7.39991  -8.51915  -4.68419                             -5.30969   2.14454   5.69547  -5.67241  -4.87356  -1.28412     invalid  
73     -2.93753  -5.00328   0.34288  -7.15783  -8.27113  -4.57366                             -5.15409   2.19848   5.58154  -5.43033  -4.62555  -1.17359     invalid  
74     -2.78192  -4.94934   0.22895  -6.91575  -8.02312  -4.46314                             -4.99848   2.25242   5.46761  -5.18825  -4.37753  -1.06307     invalid  
75     -2.62631  -4.89540   0.11502  -6.67367  -7.77511  -4.35261                             -4.84287   2.30635   5.35367  -4.94617  -4.12952  -0.95255     invalid  
76     -2.47070  -4.84147   0.00109  -6.43159  -7.52710  -4.24209                             -4.68726   2.36029   5.23974  -4.70409  -3.88151  -0.84202     invalid  
77     -2.31509  -4.78753  -0.11284  -6.18951  -7.27908  -4.13156                             -4.53165   2.41423   5.12581  -4.46201  -3.63349  -0.73150     invalid  
78     -2.15949  -4.73359  -0.22677  -5.94743  -7.03107  -4.02104                             -4.37605   2.46817   5.01188  -4.21993  -3.38548  -0.62097     invalid  
79     -2.00388  -4.67965  -0.34070  -5.70535  -6.78306  -3.91052                             -4.22044   2.52211   4.89795  -3.97785  -3.13747  -0.51045     invalid  
80     -1.84827  -4.62571  -0.45464  -5.46327  -6.53504  -3.79999                             -4.06483   2.57605   4.78402  -3.73577  -2.88945  -0.39992     invalid  
81     -1.69266  -4.57177  -0.56857  -5.22119  -6.28703  -3.68947                             -3.90922   2.62999   4.67009  -3.49369  -2.64144  -0.28940     invalid  
82     -1.53706  -4.51783  -0.68250  -4.97911  -6.03902  -3.57894                             -3.75361   2.68392   4.55616  -3.25161  -2.39343  -0.17888     invalid  
83     -1.38145  -4.46390  -0.79643  -4.73703  -5.79100  -3.46842                             -3.59801   2.73786   4.44223  -3.00953  -2.14541  -0.06835     invalid  
84     -1.22584  -4.40996  -0.91036  -4.49495  -5.54299  -3.35790                             -3.44240   2.79180   4.32829  -2.76745  -1.89740   0.04217     invalid  
85     -1.07023  -4.35602  -1.02429  -4.25287  -5.29498  -3.24737                             -3.28679   2.84574   4.21436  -2.52537  -1.64939   0.15270     invalid  
86     -0.91462  -4.30208  -1.13822  -4.01079  -5.04696  -3.13685                             -3.13118   2.89968   4.10043  -2.28329  -1.40138   0.26322     invalid  
87     -0.75902  -4.24814  -1.25215  -3.76871  -4.79895  -3.02632                             -2.97557   2.95362   3.98650  -2.04121  -1.15336   0.37374     invalid  
88     -0.60341  -4.19420  -1.36608  -3.52663  -4.55094  -2.91580                             -2.81997   3.00756   3.87257  -1.79913  -0.90535   0.48427     invalid  
89     -0.44780  -4.14026  -1.48002  -3.28455  -4.30293  -2.80527                             -2.66436   3.06149   3.75864  -1.55705  -0.65734   0.59479     invalid  
90     -0.29219  -4.08633  -1.59395  -3.04247  -4.05491  -2.69475                             -2.50875   3.11543   3.64471  -1.31497  -0.40932   0.70532     invalid  
91     -0.13658  -4.03239  -1.70788  -2.80039  -3.80690  -2.58423                             -2.35314   3.16937   3.53078  -1.07289  -0.16131   0.81584     invalid  
92      0.01902  -3.97845  -1.82181  -2.55831  -3.55889  -2.47370                             -2.19754   3.22331   3.41685  -0.83081   0.08670   0.92636     invalid  
93      0.17463  -3.92451  -1.93574  -2.31623  -3.31087  -2.36318                             -2.04193   3.27725   3.30291  -0.58873   0.33472   1.03689     invalid  
94      0.33024  -3.87057  -2.04967  -2.07415  -3.06286  -2.25265                             -1.88632   3.33119   3.18898  -0.34665   0.58273   1.14741     invalid  
95      0.48585  -3.81663  -2.16360  -1.83207  -2.81485  -2.14213                             -1.73071   3.38512   3.07505  -0.10457   0.83074   1.25794     invalid  
96      0.64146  -3.76269  -2.27753  -1.58999  -2.56683  -2.03161                             -1.57510   3.43906   2.96112   0.13751   1.07876   1.36846     invalid  
97      0.79706  -3.70876  -2.39147  -1.34791  -2.31882  -1.92108                             -1.41950   3.49300   2.84719   0.37959   1.32677   1.47899     invalid  
98      0.95267  -3.65482  -2.50540  -1.10583  -2.07081  -1.81056                             -1.26389   3.54694   2.73326   0.62167   1.57478   1.58951     invalid  
99      1.10828  -3.60088  -2.61933  -0.86375  -1.82279  -1.70003                             -1.10828   3.60088   2.61933   0.86375   1.82279   1.70003     invalid  
