PointDistanceFollower  May 16 2018
Fol_2018-05-16.16_29_59.23_22.txt     Output is S6 probe cell, C3 reduced cell, S6Dist CS6Dist distance between
0      8.71123   2.39531 -36.12085 -30.86976 -34.20770 -20.02349     (-0.206,-23.890) (-2.190,-38.310) (-14.596,-6.522)     -34.25463  -8.78753   9.26263  -9.99710 -29.30319 -32.78453     (-25.467,-0.475) (-8.788,-19.565) (-0.259,-41.572)      6.83802  6.83802  
1      8.32923   2.40593 -36.25452 -31.15503 -34.36934 -19.51059     (-0.446,-24.383) (-1.960,-38.214) (-15.751,-6.370)     -34.63664  -8.77691   9.12896 -10.28237 -29.46483 -32.27163     (-25.860,-0.352) (-8.777,-19.984) (-0.801,-41.049)      6.88812  6.88812  
2      7.94722   2.41655 -36.38820 -31.44030 -34.53098 -18.99769     (-0.687,-24.877) (-1.730,-38.118) (-16.907,-6.217)     -35.01864  -8.76629   8.99529 -10.56764 -29.62647 -31.75873     (-26.252,-0.229) (-8.766,-20.402) (-1.343,-40.525)      7.06812  7.06812  
3      7.56521   2.42717 -36.52187 -31.72557 -34.69263 -18.48480     (-0.927,-25.371) (-1.500,-38.022) (-18.062,-6.065)     -35.40065  -8.75567   8.86162 -10.85291 -29.78811 -31.24583     (-26.645,-0.106) (-8.756,-20.821) (-1.885,-40.001)      7.36852  7.36852  
4      7.18321   2.43779 -36.65554 -32.01084 -34.85427 -17.97190     (-1.168,-25.865) (-1.270,-37.926) (-19.218,-5.913)     -35.78266  -8.74505   8.72794 -11.13818 -29.94976 -30.73293     (-27.055,-0.017) (-2.410,-21.222) (-8.728,-39.461)      7.75978  10.7209     glitch
5      6.80120   2.44841 -36.78922 -32.29611 -35.01591 -17.45900     (-1.408,-26.359) (-1.040,-37.829) (-20.373,-5.761)     -36.16466  -8.73443   8.59427 -11.42345 -30.11140 -30.22003     (-27.570,-0.140) (-2.829,-21.517) (-8.594,-38.814)      8.15685  10.7874  
6      6.41919   2.45903 -36.92289 -32.58138 -35.17755 -16.94610     (-1.649,-26.853) (-0.810,-37.733) (-21.529,-5.609)     -36.54667  -8.72381   8.46060 -11.70872 -30.27304 -29.70713     (-28.086,-0.263) (-3.248,-21.812) (-8.461,-38.168)      8.64949  10.9434  
7      6.03719   2.46965 -37.05656 -32.86665 -35.33920 -16.43320     (-1.889,-27.347) (-0.580,-37.637) (-22.684,-5.457)     -36.92868  -8.71319   8.32692 -11.99399 -30.43469 -29.19423     (-28.602,-0.386) (-3.667,-22.108) (-8.327,-37.521)      9.22239  11.1852  
8      5.65518   2.48027 -37.19023 -33.15192 -35.50084 -15.92030     (-2.130,-27.841) (-0.351,-37.541) (-23.840,-5.305)     -37.31068  -8.70257   8.19325 -12.27926 -30.59633 -28.68133     (-29.117,-0.509) (-4.086,-22.403) (-8.193,-36.875)      9.86158  11.5073  
9      5.27317   2.49089 -37.32391 -33.43718 -35.66248 -15.40740     (-2.370,-28.335) (-0.121,-37.445) (-24.995,-5.152)     -37.69269  -8.69194   8.05958 -12.56453 -30.75797 -28.16843     (-29.633,-0.632) (-4.505,-22.698) (-8.060,-36.228)      10.555  11.9032  
10      4.89117   2.50151 -37.45758 -33.72245 -35.82412 -14.89450     (-4.891,-28.719) (-0.109,-37.458) (-26.042,-2.502)     -38.07470  -8.68132   7.92591 -12.84980 -30.91961 -27.65553     (-30.149,-0.755) (-4.924,-22.994) (-7.926,-35.581)      11.2927  12.3658  
11      4.50916   2.51213 -37.59125 -34.00772 -35.98577 -14.38160     (-4.509,-28.983) (-0.339,-37.591) (-26.967,-2.512)     -38.45670  -8.67070   7.79223 -13.13507 -31.08126 -27.14263     (-30.664,-0.878) (-5.343,-23.289) (-7.792,-34.935)      12.0666  12.888  
12      4.12715   2.52275 -37.72493 -34.29299 -36.14741 -13.86870     (-4.127,-29.247) (-0.569,-37.725) (-27.893,-2.523)     -38.83871  -8.66008   7.65856 -13.42034 -31.24290 -26.62974     (-31.180,-1.002) (-5.762,-23.584) (-7.659,-34.288)      12.87  13.4628  
13      3.74515   2.53337 -37.85860 -34.57826 -36.30905 -13.35580     (-3.745,-29.512) (-0.799,-37.859) (-28.819,-2.533)     -39.22072  -8.64946   7.52489 -13.70561 -31.40454 -26.11684     (-31.696,-1.125) (-6.181,-23.880) (-7.525,-33.642)      13.6979  14.0838  
14      3.36314   2.54399 -37.99227 -34.86353 -36.47070 -12.84290     (-3.363,-29.776) (-1.029,-37.992) (-29.744,-2.544)     -39.60272  -8.63884   7.39121 -13.99087 -31.56618 -25.60394     (-32.212,-1.248) (-6.600,-24.175) (-7.391,-32.995)      14.5461  14.7452  
15      2.98113   2.55461 -38.12594 -35.14880 -36.63234 -12.33000     (-2.981,-30.040) (-1.259,-38.126) (-30.670,-2.555)     -39.98473  -8.62822   7.25754 -14.27614 -31.72783 -25.09104     (-32.727,-1.371) (-7.019,-24.470) (-7.258,-32.349)      15.4111  15.4417  
16      2.59913   2.56523 -38.25962 -35.43407 -36.79398 -11.81710     (-2.599,-30.304) (-1.488,-38.260) (-31.596,-2.565)     -40.36674  -8.61760   7.12387 -14.56141 -31.88947 -24.57814     (-33.243,-1.494) (-7.438,-24.766) (-7.124,-31.702)      15.4702  15.4702  
17      2.21712   2.57586 -38.39329 -35.71934 -36.95562 -11.30420     (-2.217,-30.568) (-1.718,-38.393) (-32.521,-2.576)     -40.74874  -8.60698   6.99019 -14.84668 -32.05111 -24.06524     (-33.759,-1.617) (-7.856,-25.061) (-6.990,-31.055)      15.1569  15.1569  
18      1.83511   2.58648 -38.52696 -36.00461 -37.11727 -10.79130     (-1.835,-30.832) (-1.948,-38.527) (-33.447,-2.586)     -41.13075  -8.59636   6.85652 -15.13195 -32.21276 -23.55234     (-34.274,-1.740) (-8.275,-25.356) (-6.857,-30.409)      14.9028  14.9028  
19      1.45311   2.59710 -38.66064 -36.28988 -37.27891 -10.27840     (-1.453,-31.096) (-2.178,-38.661) (-34.373,-2.597)     -41.51276  -8.58574   6.72285 -15.41722 -32.37440 -23.03944     (-34.790,-1.863) (-8.694,-25.652) (-6.723,-29.762)      14.7111  14.7111  
20      1.07110   2.60772 -38.79431 -36.57515 -37.44055  -9.76550     (-1.071,-31.360) (-2.408,-38.794) (-35.298,-2.608)     -41.89476  -8.57512   6.58918 -15.70249 -32.53604 -22.52654     (-35.306,-1.986) (-9.113,-25.947) (-6.589,-29.116)      14.5842  14.5842  
21      0.68909   2.61834 -38.92798 -36.86042 -37.60219  -9.25260     (-0.689,-31.624) (-2.638,-38.928) (-36.224,-2.618)     -42.27677  -8.56450   6.45550 -15.98776 -32.69768 -22.01364     (-35.821,-2.109) (-9.532,-26.242) (-6.456,-28.469)      14.5238  14.5238  
22      0.30709   2.62896 -39.06165 -37.14569 -37.76384  -8.73970     (-0.307,-31.888) (-2.868,-39.062) (-37.150,-2.629)     -42.65878  -8.55388   6.32183 -16.27303 -32.85933 -21.50074     (-36.337,-2.232) (-9.951,-26.537) (-6.322,-27.823)      14.5307  14.5307  
23     -0.07492   2.63958 -39.19533 -37.43095 -37.92548  -8.22680     (-0.075,-32.227) (-3.023,-38.000) (-39.120,-2.565)     -43.04078  -8.54326   6.18816 -16.55830 -33.02097 -20.98784     (-36.853,-2.355) (-10.370,-26.833) (-6.188,-27.176)      14.6049  14.6049  
24     -0.45693   2.65020 -39.32900 -37.71622 -38.08712  -7.71390     (-0.457,-32.873) (-2.870,-38.544) (-38.872,-2.193)     -43.42279  -8.53264   6.05448 -16.84357 -33.18261 -20.47494     (-37.368,-2.478) (-10.789,-27.128) (-6.054,-26.529)      14.7453  14.7453  
25     -0.83893   2.66082 -39.46267 -38.00149 -38.24877  -7.20100     (-0.839,-33.519) (-2.718,-39.088) (-38.624,-1.822)     -43.80480  -8.52202   5.92081 -17.12884 -33.34425 -19.96204     (-37.884,-2.601) (-11.208,-27.423) (-5.921,-25.883)      14.7529  14.95  
26     -1.22094   2.67144 -39.59635 -38.28676 -38.41041  -6.68810     (-1.221,-34.165) (-2.566,-39.631) (-38.375,-1.450)     -44.18680  -8.51140   5.78714 -17.41411 -33.50590 -19.44914     (-38.400,-2.724) (-11.627,-27.719) (-5.787,-25.236)      14.4657  15.2165  
27     -1.60295   2.68206 -39.73002 -38.57203 -38.57205  -6.17520     (-1.603,-34.811) (-2.414,-40.175) (-38.127,-1.079)     -44.56881  -8.50078   5.65347 -17.69938 -33.66754 -18.93624     (-38.915,-2.847) (-12.046,-28.014) (-5.653,-24.590)      14.2417  15.5415  
28     -1.98495   2.69268 -39.86369 -38.85730 -38.73369  -5.66230     (-1.985,-35.457) (-2.262,-40.719) (-37.879,-0.708)     -44.95082  -8.49016   5.51979 -17.98465 -33.82918 -18.42334     (-39.431,-2.970) (-12.465,-28.309) (-5.520,-23.943)      14.0838  15.9216  
29     -2.36696   2.70330 -39.99737 -39.14257 -38.89534  -5.14940     (-2.367,-36.103) (-2.110,-41.262) (-37.630,-0.336)     -45.33282  -8.47954   5.38612 -18.26991 -33.99083 -17.91044     (-39.947,-3.093) (-12.884,-28.605) (-5.386,-23.297)      13.9943  16.2313  
30     -2.74897   2.71392 -40.13104 -39.42784 -39.05698  -4.63650     (-1.923,-36.714) (-2.714,-41.771) (-37.417,-0.035)     -45.71483  -8.46892   5.25245 -18.55518 -34.15247 -17.39754     (-40.462,-3.216) (-13.303,-28.900) (-5.252,-22.650)      13.9745  16.3953  
31     -3.13097   2.72454 -40.26471 -39.71311 -39.21862  -4.12360     (-1.399,-36.989) (-2.725,-41.943) (-37.540,-0.406)     -46.09684  -8.45830   5.11877 -18.84045 -34.31411 -16.88464     (-40.978,-3.340) (-13.722,-29.195) (-5.119,-22.003)      14.0247  16.6167  
32     -3.51298   2.73516 -40.39838 -39.99838 -39.38026  -3.61070     (-0.876,-37.263) (-2.735,-42.115) (-37.663,-0.778)     -46.47884  -8.44768   4.98510 -19.12572 -34.47575 -16.37174     (-41.494,-3.463) (-14.141,-29.491) (-4.985,-21.357)      14.1442  16.8933  
33     -3.89499   2.74578 -40.53206 -40.28365 -39.54191  -3.09780     (-0.352,-37.538) (-2.746,-42.288) (-37.786,-1.149)     -46.86085  -8.43706   4.85143 -19.41099 -34.63740 -15.85884     (-42.009,-3.586) (-14.560,-29.786) (-4.851,-20.710)      14.3312  17.2224  
34     -4.27699   2.75640 -40.66573 -40.56892 -39.70355  -2.58490     (-0.171,-37.984) (-2.585,-37.738) (-42.288,-1.349)     -47.24286  -8.42644   4.71775 -19.69626 -34.79904 -15.34594     (-42.525,-3.709) (-14.979,-30.081) (-4.718,-20.064)      14.5831  17.6011  
35     -4.65900   2.76702 -40.79940 -40.85419 -39.86519  -2.07200     (-0.695,-38.782) (-2.072,-37.337) (-41.937,-1.197)     -47.62486  -8.41582   4.58408 -19.98153 -34.96068 -14.83304     (-43.041,-3.832) (-15.397,-30.377) (-4.584,-19.417)      14.8967  18.0262  
36     -5.04101   2.77764 -40.93308 -41.13946 -40.02684  -1.55910     (-1.219,-39.580) (-1.559,-36.937) (-41.586,-1.045)     -48.00687  -8.40520   4.45041 -20.26680 -35.12232 -14.32014     (-43.556,-3.955) (-15.816,-30.672) (-4.450,-18.771)      15.2681  18.4946  
37     -5.42301   2.78826 -41.06675 -41.42473 -40.18848  -1.04620     (-1.742,-40.379) (-1.046,-36.536) (-41.235,-0.893)     -48.38888  -8.39458   4.31674 -20.55207 -35.28397 -13.80724     (-44.072,-4.078) (-16.235,-30.967) (-4.317,-18.124)      15.6932  19.003  
38     -5.80502   2.79888 -41.20042 -41.70999 -40.35012  -0.53331     (-2.266,-41.177) (-0.533,-36.136) (-40.883,-0.741)     -48.77088  -8.38396   4.18306 -20.83734 -35.44561 -13.29434     (-44.588,-4.201) (-16.654,-31.263) (-4.183,-17.477)      16.1679  19.5484  
39     -6.18703   2.80950 -41.33409 -41.99526 -40.51176  -0.02041     (-2.789,-41.975) (-0.020,-35.736) (-40.532,-0.588)     -49.15289  -8.37334   4.04939 -21.12261 -35.60725 -12.78144     (-45.104,-4.324) (-17.073,-31.558) (-4.049,-16.831)      16.6877  20.1277  
40     -6.56903   2.82012 -41.46777 -42.28053 -40.67341   0.49249     (-0.056,-42.337) (-0.436,-39.632) (-35.771,-2.764)     -49.53490  -8.36272   3.91572 -21.40788 -35.76889 -12.26854     (-45.619,-4.447) (-17.492,-31.853) (-3.916,-16.184)      17.2488  20.7381  
41     -6.95104   2.83074 -41.60144 -42.56580 -40.83505   1.00539     (-0.721,-43.287) (-0.284,-38.103) (-35.219,-2.110)     -49.91690  -8.35210   3.78204 -21.69315 -35.93054 -11.75564     (-46.135,-4.570) (-17.911,-32.148) (-3.782,-15.538)      17.8472  21.3769  
42     -7.33305   2.84136 -41.73511 -42.85107 -40.99669   1.51829     (-1.386,-44.237) (-0.132,-36.574) (-34.666,-1.455)     -50.29891  -8.34148   3.64837 -21.97842 -36.09218 -11.24274     (-46.651,-4.693) (-18.330,-32.444) (-3.648,-14.891)      18.4792  22.0417  
43     -7.71505   2.85198 -41.86879 -43.13634 -41.15833   2.03119     (-0.781,-45.168) (-0.020,-35.065) (-34.093,-2.031)     -50.68092  -8.33086   3.51470 -22.26369 -36.25382 -10.72984     (-47.166,-4.816) (-18.749,-32.739) (-3.515,-14.245)      19.1416  22.7301  
44     -8.09706   2.86260 -42.00246 -43.42161 -41.31998   2.54409     (-0.026,-45.992) (-0.146,-33.363) (-33.662,-2.518)     -51.06292  -8.32024   3.38103 -22.54895 -36.41547 -10.21694     (-47.682,-4.939) (-19.168,-33.034) (-3.381,-13.598)      19.8313  23.4401  
45     -8.47907   2.87322 -42.13613 -43.70688 -41.48162   3.05699     (-1.716,-47.088) (-0.508,-32.360) (-30.970,-0.324)     -51.44493  -8.30962   3.24735 -22.83422 -36.57711  -9.70404     (-48.198,-5.062) (-19.587,-33.330) (-3.247,-12.951)      20.5455  24.1698  
46     -8.86107   2.88384 -42.26981 -43.99215 -41.64326   3.56989     (-0.768,-48.039) (-1.163,-31.503) (-28.132,-0.476)     -51.82694  -8.29900   3.11368 -23.11949 -36.73875  -9.19115     (-48.713,-5.185) (-20.006,-33.625) (-3.114,-12.305)      21.2818  24.9174  
47     -9.24308   2.89446 -42.40348 -44.27742 -41.80491   4.08279     (-0.180,-49.169) (-1.637,-25.114) (-30.466,-0.449)     -52.20894  -8.28838   2.98001 -23.40476 -36.90039  -8.67825     (-49.229,-5.308) (-20.425,-33.920) (-2.980,-11.658)      22.038  25.6815  
48     -9.62509   2.90508 -42.53715 -44.56269 -41.96655   4.59569     (-0.996,-50.720) (-0.781,-20.981) (-29.008,-0.347)     -52.59095  -8.27776   2.84633 -23.69003 -37.06204  -8.16535     (-49.745,-5.431) (-20.844,-34.216) (-2.846,-11.012)      22.812  26.4605  
49    -10.00709   2.91570 -42.67082 -44.84796 -42.12819   5.10859     (-0.093,-51.915) (-0.840,-27.906) (-16.306,-1.050)     -52.97296  -8.26714   2.71266 -23.97530 -37.22368  -7.65245     (-50.260,-5.554) (-21.263,-34.511) (-2.713,-10.365)      23.6022  27.2532  
50    -10.38910   2.92632 -42.80450 -45.13323 -42.28983   5.62149     (-0.659,-54.010) (-0.098,-25.905) (-10.537,-1.085)     -53.35496  -8.25652   2.57899 -24.26057 -37.38532  -7.13955     (-50.776,-5.678) (-21.682,-34.806) (-2.579,-9.719)      24.407  28.0584  
51    -10.77111   2.93694 -42.93817 -45.41850 -42.45148   6.13439     (-0.572,-55.837) (-0.463,-3.355) (-24.172,-0.665)     -53.73697  -8.24590   2.44532 -24.54584 -37.54696  -6.62665     (-51.292,-5.801) (-22.101,-35.102) (-2.445,-9.072)      25.2249  28.8751  
52    -11.15311   2.94756 -43.07184 -45.70376 -42.61312   6.64729     (-0.899,-4.899) (-0.414,-11.905) (-48.110,-0.245)     -54.11898  -8.23528   2.31164 -24.83111 -37.70861  -6.11375     (-51.807,-5.924) (-22.519,-35.397) (-2.312,-8.425)      26.0547  29.7023  
53    -11.53512   2.95818 -43.20552 -45.98903 -42.77476   7.16019                            -54.50098  -8.22466   2.17797 -25.11638 -37.87025  -5.60085     invalid  
54    -11.91713   2.96880 -43.33919 -46.27430 -42.93640   7.67309                            -54.88299  -8.21404   2.04430 -25.40165 -38.03189  -5.08795     invalid  
55    -12.29913   2.97942 -43.47286 -46.55957 -43.09805   8.18599                            -55.26500  -8.20342   1.91062 -25.68692 -38.19354  -4.57505     invalid  
56    -12.68114   2.99004 -43.60653 -46.84484 -43.25969   8.69889                            -55.64700  -8.19280   1.77695 -25.97219 -38.35518  -4.06215     invalid  
57    -13.06315   3.00066 -43.74021 -47.13011 -43.42133   9.21179                            -56.02901  -8.18218   1.64328 -26.25746 -38.51682  -3.54925     invalid  
58    -13.44515   3.01128 -43.87388 -47.41538 -43.58297   9.72469                            -56.41102  -8.17156   1.50960 -26.54272 -38.67846  -3.03635     invalid  
59    -13.82716   3.02190 -44.00755 -47.70065 -43.74462  10.23759                            -56.79302  -8.16094   1.37593 -26.82799 -38.84011  -2.52345     invalid  
60    -14.20917   3.03252 -44.14123 -47.98592 -43.90626  10.75049                            -57.17503  -8.15032   1.24226 -27.11326 -39.00175  -2.01055     invalid  
61    -14.59117   3.04314 -44.27490 -48.27119 -44.06790  11.26339                            -57.55704  -8.13970   1.10859 -27.39853 -39.16339  -1.49765     invalid  
62    -14.97318   3.05376 -44.40857 -48.55646 -44.22955  11.77629                            -57.93904  -8.12908   0.97491 -27.68380 -39.32503  -0.98475     invalid  
63    -15.35519   3.06438 -44.54224 -48.84173 -44.39119  12.28919                            -58.32105  -8.11846   0.84124 -27.96907 -39.48668  -0.47185     invalid  
64    -15.73719   3.07500 -44.67592 -49.12700 -44.55283  12.80209                            -58.70306  -8.10784   0.70757 -28.25434 -39.64832   0.04105     invalid  
65    -16.11920   3.08562 -44.80959 -49.41227 -44.71447  13.31499                            -59.08506  -8.09722   0.57389 -28.53961 -39.80996   0.55395     invalid  
66    -16.50121   3.09624 -44.94326 -49.69754 -44.87612  13.82789                            -59.46707  -8.08660   0.44022 -28.82488 -39.97161   1.06685     invalid  
67    -16.88321   3.10686 -45.07694 -49.98280 -45.03776  14.34079                            -59.84908  -8.07597   0.30655 -29.11015 -40.13325   1.57975     invalid  
68    -17.26522   3.11748 -45.21061 -50.26807 -45.19940  14.85369                            -60.23108  -8.06535   0.17288 -29.39542 -40.29489   2.09265     invalid  
69    -17.64723   3.12810 -45.34428 -50.55334 -45.36104  15.36659                            -60.61309  -8.05473   0.03920 -29.68069 -40.45653   2.60555     invalid  
70    -18.02923   3.13872 -45.47796 -50.83861 -45.52269  15.87949                            -60.99510  -8.04411  -0.09447 -29.96596 -40.61818   3.11845     invalid  
71    -18.41124   3.14934 -45.61163 -51.12388 -45.68433  16.39239                            -61.37710  -8.03349  -0.22814 -30.25123 -40.77982   3.63135     invalid  
72    -18.79325   3.15996 -45.74530 -51.40915 -45.84597  16.90529                            -61.75911  -8.02287  -0.36182 -30.53650 -40.94146   4.14425     invalid  
73    -19.17525   3.17058 -45.87897 -51.69442 -46.00762  17.41818                            -62.14112  -8.01225  -0.49549 -30.82176 -41.10310   4.65715     invalid  
74    -19.55726   3.18120 -46.01265 -51.97969 -46.16926  17.93108                            -62.52312  -8.00163  -0.62916 -31.10703 -41.26475   5.17005     invalid  
75    -19.93927   3.19183 -46.14632 -52.26496 -46.33090  18.44398                            -62.90513  -7.99101  -0.76283 -31.39230 -41.42639   5.68295     invalid  
76    -20.32127   3.20245 -46.27999 -52.55023 -46.49254  18.95688                            -63.28714  -7.98039  -0.89651 -31.67757 -41.58803   6.19585     invalid  
77    -20.70328   3.21307 -46.41367 -52.83550 -46.65419  19.46978                            -63.66914  -7.96977  -1.03018 -31.96284 -41.74967   6.70875     invalid  
78    -21.08529   3.22369 -46.54734 -53.12077 -46.81583  19.98268                            -64.05115  -7.95915  -1.16385 -32.24811 -41.91132   7.22165     invalid  
79    -21.46729   3.23431 -46.68101 -53.40604 -46.97747  20.49558                            -64.43316  -7.94853  -1.29753 -32.53338 -42.07296   7.73455     invalid  
80    -21.84930   3.24493 -46.81468 -53.69131 -47.13911  21.00848                            -64.81516  -7.93791  -1.43120 -32.81865 -42.23460   8.24745     invalid  
81    -22.23131   3.25555 -46.94836 -53.97657 -47.30076  21.52138                            -65.19717  -7.92729  -1.56487 -33.10392 -42.39625   8.76034     invalid  
82    -22.61331   3.26617 -47.08203 -54.26184 -47.46240  22.03428                            -65.57918  -7.91667  -1.69855 -33.38919 -42.55789   9.27324     invalid  
83    -22.99532   3.27679 -47.21570 -54.54711 -47.62404  22.54718                            -65.96118  -7.90605  -1.83222 -33.67446 -42.71953   9.78614     invalid  
84    -23.37733   3.28741 -47.34938 -54.83238 -47.78569  23.06008                            -66.34319  -7.89543  -1.96589 -33.95973 -42.88117  10.29904     invalid  
85    -23.75933   3.29803 -47.48305 -55.11765 -47.94733  23.57298                            -66.72520  -7.88481  -2.09956 -34.24500 -43.04282  10.81194     invalid  
86    -24.14134   3.30865 -47.61672 -55.40292 -48.10897  24.08588                            -67.10720  -7.87419  -2.23324 -34.53027 -43.20446  11.32484     invalid  
87    -24.52335   3.31927 -47.75039 -55.68819 -48.27061  24.59878                            -67.48921  -7.86357  -2.36691 -34.81553 -43.36610  11.83774     invalid  
88    -24.90535   3.32989 -47.88407 -55.97346 -48.43226  25.11168                            -67.87122  -7.85295  -2.50058 -35.10080 -43.52774  12.35064     invalid  
89    -25.28736   3.34051 -48.01774 -56.25873 -48.59390  25.62458                            -68.25322  -7.84233  -2.63426 -35.38607 -43.68939  12.86354     invalid  
90    -25.66937   3.35113 -48.15141 -56.54400 -48.75554  26.13748                            -68.63523  -7.83171  -2.76793 -35.67134 -43.85103  13.37644     invalid  
91    -26.05137   3.36175 -48.28509 -56.82927 -48.91718  26.65038                            -69.01724  -7.82109  -2.90160 -35.95661 -44.01267  13.88934     invalid  
92    -26.43338   3.37237 -48.41876 -57.11454 -49.07883  27.16328                            -69.39924  -7.81047  -3.03527 -36.24188 -44.17432  14.40224     invalid  
93    -26.81539   3.38299 -48.55243 -57.39981 -49.24047  27.67618                            -69.78125  -7.79985  -3.16895 -36.52715 -44.33596  14.91514     invalid  
94    -27.19739   3.39361 -48.68611 -57.68508 -49.40211  28.18908                            -70.16326  -7.78923  -3.30262 -36.81242 -44.49760  15.42804     invalid  
95    -27.57940   3.40423 -48.81978 -57.97035 -49.56375  28.70198                            -70.54526  -7.77861  -3.43629 -37.09769 -44.65924  15.94094     invalid  
96    -27.96141   3.41485 -48.95345 -58.25561 -49.72540  29.21488                            -70.92727  -7.76799  -3.56997 -37.38296 -44.82089  16.45384     invalid  
97    -28.34341   3.42547 -49.08712 -58.54088 -49.88704  29.72778                            -71.30928  -7.75737  -3.70364 -37.66823 -44.98253  16.96674     invalid  
98    -28.72542   3.43609 -49.22080 -58.82615 -50.04868  30.24068                            -71.69128  -7.74675  -3.83731 -37.95350 -45.14417  17.47964     invalid  
99    -29.10743   3.44671 -49.35447 -59.11142 -50.21033  30.75358                            -72.07329  -7.73613  -3.97098 -38.23877 -45.30581  17.99254     invalid  
