PointDistanceFollower  May 27 2018  mode = LINE3
Fol_2018-05-27.16_51_13.1_2.txt     Output is S6 probe cell, C3 reduced cell, S6Dist NCDist D7Dist CS6Dist distance between
0     -3.68291  14.26028   2.86110 -40.93222 -24.07577 -50.52560     (-22.005,-2.861) (-14.260,-18.354) (-6.689,-3.683)     -23.22895  -3.33461 -27.80294 -36.56468 -38.57976  14.62999     (-0.638,-30.534) (-2.696,-33.834) (-9.958,-8.599)      20.2977  28.3877  38.9751  20.6477  
1     -4.20828  14.36163   2.76257 -40.60567 -23.91664 -50.35547     (-21.632,-2.763) (-14.362,-18.391) (-6.357,-4.208)     -23.75433  -3.23326 -27.90147 -36.23814 -38.42063  14.80013     (-0.621,-30.392) (-2.613,-33.747) (-9.441,-8.954)      19.9341  27.6756  38.1243  20.273  
2     -4.73365  14.46298   2.66405 -40.27913 -23.75751 -50.18533     (-21.259,-2.664) (-14.463,-18.429) (-6.025,-4.734)     -24.27970  -3.13191 -28.00000 -35.91159 -38.26150  14.97026     (-0.603,-30.251) (-2.529,-33.661) (-8.924,-9.309)      19.5855  27.0214  37.2902  19.9132  
3     -5.25903  14.56433   2.56552 -39.95258 -23.59838 -50.01520     (-20.887,-2.566) (-14.564,-18.467) (-5.693,-5.259)     -24.80507  -3.03056 -28.09852 -35.58505 -38.10236  15.14040     (-0.585,-30.109) (-2.445,-33.574) (-8.407,-9.665)      19.253  26.4303  36.474  19.5692  
4     -5.78440  14.66567   2.46699 -39.62604 -23.43925 -49.84506     (-20.514,-2.467) (-14.666,-18.505) (-5.361,-5.784)     -25.33045  -2.92922 -28.19705 -35.25850 -37.94323  15.31053     (-0.568,-29.968) (-2.361,-33.488) (-7.890,-10.020)      18.9372  25.8376  35.6768  19.2418  
5     -6.30978  14.76702   2.36847 -39.29950 -23.28011 -49.67493     (-20.141,-2.368) (-14.767,-18.543) (-5.029,-6.310)     -25.85582  -2.82787 -28.29558 -34.93196 -37.78410  15.48067     (-0.550,-29.826) (-2.278,-33.401) (-7.373,-10.375)      18.6391  25.3072  34.9  18.932  
6     -6.83515  14.86837   2.26994 -38.97295 -23.12098 -49.50479     (-19.768,-2.270) (-14.868,-18.581) (-4.696,-6.835)     -26.38120  -2.72652 -28.39410 -34.60541 -37.62497  15.65081     (-0.533,-29.685) (-2.194,-33.315) (-6.856,-10.730)      18.3594  24.8548  34.145  18.6407  
7     -7.36053  14.96972   2.17141 -38.64641 -22.96185 -49.33466     (-19.395,-2.171) (-14.970,-18.619) (-4.364,-7.361)     -26.90657  -2.62517 -28.49263 -34.27887 -37.46584  15.82094     (-0.515,-29.544) (-2.110,-33.228) (-6.339,-11.086)      18.0991  24.4846  33.4133  18.3686  
8     -7.88590  15.07107   2.07289 -38.31986 -22.80272 -49.16452     (-19.022,-2.073) (-15.071,-18.657) (-4.032,-7.886)     -27.43195  -2.52382 -28.59116 -33.95233 -37.30670  15.99108     (-0.497,-29.402) (-2.026,-33.141) (-5.822,-11.441)      17.859  24.1951  32.7065  18.1168  
9     -8.41127  15.17241   1.97436 -37.99332 -22.64359 -48.99439     (-18.650,-1.974) (-15.172,-18.695) (-3.700,-8.411)     -27.95732  -2.42248 -28.68969 -33.62578 -37.14757  16.16121     (-0.480,-29.261) (-1.943,-33.055) (-5.305,-11.796)      17.6399  23.9251  32.0256  17.8861  
10     -8.93665  15.27376   1.87583 -37.66678 -22.48445 -48.82425     (-18.277,-1.876) (-15.274,-18.733) (-3.368,-8.937)     -28.48270  -2.32113 -28.78821 -33.29924 -36.98844  16.33135     (-0.462,-29.119) (-1.859,-32.968) (-4.788,-12.151)      17.4016  23.7185  31.3722  17.6773  
11     -9.46202  15.37511   1.77731 -37.34023 -22.32532 -48.65411     (-17.904,-1.777) (-15.375,-18.771) (-3.035,-9.462)     -29.00807  -2.21978 -28.88674 -32.97269 -36.82931  16.50148     (-0.445,-28.978) (-1.775,-32.882) (-4.271,-12.507)      17.1781  23.5715  30.7488  17.4911  
12     -9.98740  15.47646   1.67878 -37.01369 -22.16619 -48.48398     (-17.531,-1.679) (-15.476,-18.809) (-2.703,-9.987)     -29.53344  -2.11843 -28.98527 -32.64615 -36.67017  16.67162     (-0.427,-28.836) (-1.691,-32.795) (-3.754,-12.862)      16.9769  23.5147  30.1574  17.3284  
13    -10.51277  15.57781   1.58025 -36.68714 -22.00706 -48.31384     (-17.158,-1.580) (-15.578,-18.847) (-2.371,-10.513)     -30.05882  -2.01708 -29.08379 -32.31961 -36.51104  16.84175     (-0.409,-28.695) (-1.608,-32.708) (-3.237,-13.217)      16.7989  23.549  29.6  17.1898  
14    -11.03815  15.67916   1.48172 -36.36060 -21.84792 -48.14371     (-16.785,-1.482) (-15.679,-18.884) (-2.039,-11.038)     -30.58419  -1.91573 -29.18232 -31.99306 -36.35191  17.01189     (-0.392,-28.553) (-1.524,-32.622) (-2.720,-13.572)      16.6446  23.6745  29.0784  17.0757  
15    -11.56352  15.78050   1.38320 -36.03406 -21.68879 -47.97357     (-16.413,-1.383) (-15.781,-18.922) (-1.707,-11.564)     -31.10957  -1.81439 -29.28085 -31.66652 -36.19278  17.18202     (-0.374,-28.412) (-1.440,-32.535) (-2.203,-13.928)      16.5149  23.8899  28.5945  16.9809  
16    -12.08890  15.88185   1.28467 -35.70751 -21.52966 -47.80344     (-16.040,-1.285) (-15.882,-18.960) (-1.374,-12.089)     -31.63494  -1.71304 -29.37937 -31.33997 -36.03365  17.35216     (-0.357,-28.271) (-1.356,-32.449) (-1.686,-14.283)      16.4103  24.1935  28.1504  16.8303  
17    -12.61427  15.98320   1.18614 -35.38097 -21.37053 -47.63330     (-15.667,-1.186) (-15.983,-18.998) (-1.042,-12.614)     -32.16032  -1.61169 -29.47790 -31.01343 -35.87451  17.52229     (-0.339,-28.129) (-1.273,-32.362) (-1.169,-14.638)      16.3312  24.5825  27.7101  16.7091  
18    -13.13964  16.08455   1.08762 -35.05442 -21.21140 -47.46317     (-15.294,-1.088) (-16.085,-19.036) (-0.710,-13.140)     -32.68569  -1.51034 -29.57643 -30.68689 -35.71538  17.69243     (-0.322,-27.988) (-1.189,-32.276) (-0.652,-14.993)      16.2781  24.8937  27.2377  16.6175  
19    -13.66502  16.18590   0.98909 -34.72788 -21.05226 -47.29303     (-14.921,-0.989) (-16.186,-19.074) (-0.378,-13.665)     -33.21106  -1.40899 -29.67495 -30.36034 -35.55625  17.86257     (-0.304,-27.846) (-1.105,-32.189) (-0.135,-15.348)      16.2512  24.7597  26.8118  16.5556  
20    -14.19039  16.28724   0.89056 -34.40134 -20.89313 -47.12290     (-14.548,-0.891) (-16.287,-19.112) (-0.046,-14.190)     -33.73644  -1.30765 -29.77348 -30.03380 -35.39712  18.03270     (-0.096,-0.735) (-27.227,-0.286) (-31.625,-15.990)      15.7764  24.0267  25.328  16.1662  
21    -14.71577  16.38859   0.79204 -34.07479 -20.73400 -46.95276     (-13.889,-16.102) (-0.506,-18.863) (-0.286,-15.002)     -34.26181  -1.20630 -29.87201 -29.70725 -35.23799  18.20284     (-0.630,-0.669) (-26.034,-0.269) (-30.487,-16.328)      14.3314  23.4921  22.5388  14.6686  
22    -15.24114  16.48994   0.69351 -33.74825 -20.57487 -46.78263     (-13.184,-15.871) (-0.075,-18.569) (-0.619,-15.860)     -34.78719  -1.10495 -29.97053 -29.38071 -35.07885  18.37297     (-1.165,-0.603) (-24.841,-0.251) (-29.349,-16.665)      12.9664  22.8683  19.8947  13.24  
23    -15.76652  16.59129   0.59498 -33.42170 -20.41574 -46.61249     (-16.361,-15.285) (-0.356,-18.631) (-0.595,-12.123)     -35.31256  -1.00360 -30.06906 -29.05417 -34.91972  18.54311     (-0.536,-1.699) (-0.234,-23.648) (-28.210,-17.003)      11.7096  22.1569  17.4892  11.7841  
24    -16.29189  16.69264   0.49646 -33.09516 -20.25660 -46.44235     (-16.788,-14.623) (-0.787,-18.767) (-0.496,-10.987)     -35.83794  -0.90225 -30.16759 -28.72762 -34.76059  18.71324     (-0.470,-2.234) (-0.216,-22.455) (-27.072,-17.341)      10.5994  21.5198  15.4372  10.6507  
25    -16.81727  16.79399   0.39793 -32.76861 -20.09747 -46.27222     (-17.215,-13.961) (-1.217,-18.904) (-0.398,-9.852)     -36.36331  -0.80090 -30.26612 -28.40108 -34.60146  18.88338     (-0.404,-2.769) (-0.198,-21.262) (-25.934,-17.678)      9.68635  20.9636  13.8903  9.72103  
26    -17.34264  16.89533   0.29940 -32.44207 -19.93834 -46.10208     (-17.642,-13.300) (-1.648,-19.040) (-0.299,-8.716)     -36.88869  -0.69956 -30.36464 -28.07453 -34.44233  19.05351     (-0.338,-3.303) (-0.181,-20.069) (-24.796,-18.016)      8.74439  20.4949  12.6207  8.93221  
27    -17.86801  16.99668   0.20087 -32.11553 -19.77921 -45.93195     (-18.069,-12.638) (-2.079,-19.177) (-0.201,-7.580)     -37.41406  -0.59821 -30.46317 -27.74799 -34.28319  19.22365     (-0.272,-3.838) (-0.163,-18.876) (-23.658,-18.354)      7.42214  20.1198  11.3069  7.55277  
28    -18.39339  17.09803   0.10235 -31.78898 -19.62008 -45.76181     (-18.496,-11.977) (-2.509,-19.313) (-0.102,-6.445)     -37.93943  -0.49686 -30.56170 -27.42144 -34.12406  19.39378     (-0.206,-4.372) (-0.146,-17.683) (-22.520,-18.691)      6.32126  19.8438  10.8898  6.40254  
29    -18.91876  17.19938   0.00382 -31.46244 -19.46094 -45.59168     (-18.923,-11.315) (-2.940,-19.449) (-0.004,-5.309)     -38.46481  -0.39551 -30.66022 -27.09490 -33.96493  19.56392     (-0.140,-4.907) (-0.128,-16.490) (-21.381,-19.029)      5.5745  19.6708  11.4516  5.61929  
30    -19.44414  17.30073  -0.09471 -31.13589 -19.30181 -45.42154     (-19.255,-3.276) (-10.559,-19.491) (-0.095,-4.268)     -38.99018  -0.29416 -30.75875 -26.76836 -33.80580  19.73405     (-0.073,-5.442) (-0.110,-15.297) (-20.243,-19.367)      5.33273  19.3384  12.8637  5.35467  
31    -19.96951  17.40207  -0.19323 -30.80935 -19.14268 -45.25141     (-19.583,-3.608) (-9.799,-19.529) (-0.193,-3.231)     -39.51556  -0.19282 -30.85728 -26.44181 -33.64666  19.90419     (-0.007,-5.976) (-0.093,-14.104) (-19.105,-19.704)      5.66104  18.8781  14.8784  5.66355  
32    -20.49489  17.50342  -0.29176 -30.48281 -18.98355 -45.08127     (-19.911,-3.941) (-9.039,-19.567) (-0.292,-2.193)     -40.04093  -0.09147 -30.95580 -26.11527 -33.48753  20.07433     (-0.059,-6.570) (-0.016,-17.908) (-12.852,-19.983)      6.53179  18.3549  17.4455  6.53179  
33    -21.02026  17.60477  -0.39029 -30.15626 -18.82441 -44.91114     (-20.240,-4.273) (-8.279,-19.605) (-0.390,-1.156)     -40.56631   0.00988 -31.05433 -25.78872 -33.32840  20.24446     (-20.187,-7.103) (-0.068,-16.771) (-11.525,-0.058)      7.75402  18.03  20.4243  7.79628  
34    -21.54563  17.70612  -0.48881 -29.82972 -18.66528 -44.74100     (-20.568,-4.605) (-7.519,-19.643) (-0.489,-0.119)     -41.09168   0.11123 -31.15286 -25.46218 -33.16927  20.41460     (-20.375,-7.620) (-0.151,-15.651) (-10.182,-0.040)      9.18169  17.8403  23.586  9.28445  
35    -22.07101  17.80747  -0.58734 -29.50317 -18.50615 -44.57086     (-5.840,-4.019) (-19.978,-18.763) (-1.506,-0.918)     -41.61706   0.21258 -31.25138 -25.13564 -33.01014  20.58473     (-20.562,-8.137) (-0.235,-14.530) (-8.839,-0.022)      10.7341  17.7671  26.8429  10.8842  
36    -22.59638  17.90881  -0.68587 -29.17663 -18.34702 -44.40073     (-4.043,-3.314) (-19.269,-17.763) (-2.641,-1.955)     -42.14243   0.31392 -31.34991 -24.80909 -32.85100  20.75487     (-20.750,-8.654) (-0.319,-13.409) (-7.496,-0.005)      11.4761  19.5768  29.2641  11.4761  
37    -23.12176  18.01016  -0.78439 -28.85009 -18.18789 -44.23059     (-2.246,-2.609) (-18.560,-16.764) (-3.777,-2.993)     -42.66780   0.41527 -31.44844 -24.48255 -32.69187  20.92500     (-0.390,-9.158) (-20.925,-12.276) (-6.166,-0.013)      12.1382  22.8024  31.8019  12.147  
38    -23.64713  18.11151  -0.88292 -28.52354 -18.02875 -44.06046     (-0.449,-1.904) (-17.851,-15.765) (-4.913,-4.030)     -43.19318   0.51662 -31.54697 -24.15600 -32.53274  21.09514     (-0.456,-9.658) (-21.095,-11.138) (-4.841,-0.030)      13.0301  26.0719  34.5283  13.0519  
39    -24.17251  18.21286  -0.98145 -28.19700 -17.86962 -43.89032     (-1.349,-2.548) (-15.794,-4.700) (-13.417,-3.718)     -43.71855   0.61797 -31.64549 -23.82946 -32.37361  21.26527     (-0.522,-10.157) (-21.265,-10.000) (-3.516,-0.048)      13.732  28.8432  37.2841  13.9916  
40    -24.69788  18.31421  -1.07998 -27.87045 -17.71049 -43.72019     (-3.146,-3.640) (-13.288,-4.038) (-10.620,-2.958)     -44.24393   0.71932 -31.74402 -23.50292 -32.21448  21.43541     (-0.588,-10.656) (-21.435,-8.862) (-2.190,-0.066)      13.6315  30.1831  39.559  14.3503  
41    -25.22326  18.41556  -1.17850 -27.54391 -17.55136 -43.55005     (-4.943,-4.732) (-10.782,-3.377) (-7.824,-2.198)     -44.76930   0.82067 -31.84255 -23.17637 -32.05534  21.60554     (-0.654,-11.156) (-21.606,-7.723) (-0.865,-0.083)      13.0228  31.3769  41.0011  13.4058  
42    -25.74863  18.51690  -1.27703 -27.21737 -17.39223 -43.37992     (-6.741,-5.824) (-8.275,-2.715) (-5.027,-1.438)     -45.29468   0.92201 -31.94107 -22.84983 -31.89621  21.77568     (-21.315,-0.260) (-11.195,-6.125) (-0.561,-0.460)      13.1613  32.7979  43.6722  13.1613  
43    -26.27400  18.61825  -1.37556 -26.89082 -17.23309 -43.20978     (-8.538,-6.917) (-5.769,-2.054) (-2.230,-0.678)     -45.82005   1.02336 -32.03960 -22.52328 -31.73708  21.94581     (-21.159,-0.999) (-0.905,-2.662) (-9.370,-0.787)      16.5348  32.0129  51.1635  17.0401     glitch
44    -26.79938  18.71960  -1.47408 -26.56428 -17.07396 -43.03965     (-9.769,-2.697) (-7.443,-0.826) (-0.566,-0.484)     -46.34542   1.12471 -32.13813 -22.19674 -31.57795  22.11595     (-1.842,-0.990) (-6.017,-0.853) (-20.410,-0.207)      19.4271  34.4446  59.7686  19.4271  
45    -27.32475  18.82095  -1.57261 -26.23773 -16.91483 -42.86951                            -46.87080   1.22606 -32.23665 -21.87020 -31.41881  22.28609     invalid  
46    -27.85013  18.92230  -1.67114 -25.91119 -16.75570 -42.69938                            -47.39617   1.32741 -32.33518 -21.54365 -31.25968  22.45622     invalid  
47    -28.37550  19.02364  -1.76966 -25.58464 -16.59656 -42.52924                            -47.92155   1.42875 -32.43371 -21.21711 -31.10055  22.62636     invalid  
48    -28.90088  19.12499  -1.86819 -25.25810 -16.43743 -42.35910                            -48.44692   1.53010 -32.53223 -20.89056 -30.94142  22.79649     invalid  
49    -29.42625  19.22634  -1.96672 -24.93156 -16.27830 -42.18897                            -48.97230   1.63145 -32.63076 -20.56402 -30.78229  22.96663     invalid  
50    -29.95163  19.32769  -2.06524 -24.60501 -16.11917 -42.01883                            -49.49767   1.73280 -32.72929 -20.23747 -30.62315  23.13676     invalid  
51    -30.47700  19.42904  -2.16377 -24.27847 -15.96004 -41.84870                            -50.02305   1.83415 -32.82782 -19.91093 -30.46402  23.30690     invalid  
52    -31.00237  19.53038  -2.26230 -23.95192 -15.80090 -41.67856                            -50.54842   1.93550 -32.92634 -19.58439 -30.30489  23.47703     invalid  
53    -31.52775  19.63173  -2.36082 -23.62538 -15.64177 -41.50843                            -51.07379   2.03684 -33.02487 -19.25784 -30.14576  23.64717     invalid  
54    -32.05312  19.73308  -2.45935 -23.29884 -15.48264 -41.33829                            -51.59917   2.13819 -33.12340 -18.93130 -29.98663  23.81730     invalid  
55    -32.57850  19.83443  -2.55788 -22.97229 -15.32351 -41.16816                            -52.12454   2.23954 -33.22192 -18.60475 -29.82749  23.98744     invalid  
56    -33.10387  19.93578  -2.65641 -22.64575 -15.16438 -40.99802                            -52.64992   2.34089 -33.32045 -18.27821 -29.66836  24.15757     invalid  
57    -33.62925  20.03713  -2.75493 -22.31920 -15.00524 -40.82789                            -53.17529   2.44224 -33.41898 -17.95167 -29.50923  24.32771     invalid  
58    -34.15462  20.13847  -2.85346 -21.99266 -14.84611 -40.65775                            -53.70067   2.54358 -33.51750 -17.62512 -29.35010  24.49785     invalid  
59    -34.67999  20.23982  -2.95199 -21.66612 -14.68698 -40.48762                            -54.22604   2.64493 -33.61603 -17.29858 -29.19096  24.66798     invalid  
60    -35.20537  20.34117  -3.05051 -21.33957 -14.52785 -40.31748                            -54.75142   2.74628 -33.71456 -16.97203 -29.03183  24.83812     invalid  
61    -35.73074  20.44252  -3.14904 -21.01303 -14.36871 -40.14734                            -55.27679   2.84763 -33.81308 -16.64549 -28.87270  25.00825     invalid  
62    -36.25612  20.54387  -3.24757 -20.68648 -14.20958 -39.97721                            -55.80216   2.94898 -33.91161 -16.31895 -28.71357  25.17839     invalid  
63    -36.78149  20.64521  -3.34609 -20.35994 -14.05045 -39.80707                            -56.32754   3.05032 -34.01014 -15.99240 -28.55444  25.34852     invalid  
64    -37.30687  20.74656  -3.44462 -20.03339 -13.89132 -39.63694                            -56.85291   3.15167 -34.10867 -15.66586 -28.39530  25.51866     invalid  
65    -37.83224  20.84791  -3.54315 -19.70685 -13.73219 -39.46680                            -57.37829   3.25302 -34.20719 -15.33931 -28.23617  25.68879     invalid  
66    -38.35762  20.94926  -3.64167 -19.38031 -13.57305 -39.29667                            -57.90366   3.35437 -34.30572 -15.01277 -28.07704  25.85893     invalid  
67    -38.88299  21.05061  -3.74020 -19.05376 -13.41392 -39.12653                            -58.42904   3.45572 -34.40425 -14.68623 -27.91791  26.02906     invalid  
68    -39.40836  21.15196  -3.83873 -18.72722 -13.25479 -38.95640                            -58.95441   3.55707 -34.50277 -14.35968 -27.75878  26.19920     invalid  
69    -39.93374  21.25330  -3.93726 -18.40067 -13.09566 -38.78626                            -59.47979   3.65841 -34.60130 -14.03314 -27.59964  26.36933     invalid  
70    -40.45911  21.35465  -4.03578 -18.07413 -12.93653 -38.61613                            -60.00516   3.75976 -34.69983 -13.70659 -27.44051  26.53947     invalid  
71    -40.98449  21.45600  -4.13431 -17.74759 -12.77739 -38.44599                            -60.53053   3.86111 -34.79835 -13.38005 -27.28138  26.70961     invalid  
72    -41.50986  21.55735  -4.23284 -17.42104 -12.61826 -38.27586                            -61.05591   3.96246 -34.89688 -13.05350 -27.12225  26.87974     invalid  
73    -42.03524  21.65870  -4.33136 -17.09450 -12.45913 -38.10572                            -61.58128   4.06381 -34.99541 -12.72696 -26.96312  27.04988     invalid  
74    -42.56061  21.76004  -4.42989 -16.76795 -12.30000 -37.93558                            -62.10666   4.16515 -35.09393 -12.40042 -26.80398  27.22001     invalid  
75    -43.08599  21.86139  -4.52842 -16.44141 -12.14087 -37.76545                            -62.63203   4.26650 -35.19246 -12.07387 -26.64485  27.39015     invalid  
76    -43.61136  21.96274  -4.62694 -16.11487 -11.98173 -37.59531                            -63.15741   4.36785 -35.29099 -11.74733 -26.48572  27.56028     invalid  
77    -44.13673  22.06409  -4.72547 -15.78832 -11.82260 -37.42518                            -63.68278   4.46920 -35.38951 -11.42078 -26.32659  27.73042     invalid  
78    -44.66211  22.16544  -4.82400 -15.46178 -11.66347 -37.25504                            -64.20815   4.57055 -35.48804 -11.09424 -26.16745  27.90055     invalid  
79    -45.18748  22.26678  -4.92252 -15.13523 -11.50434 -37.08491                            -64.73353   4.67190 -35.58657 -10.76770 -26.00832  28.07069     invalid  
80    -45.71286  22.36813  -5.02105 -14.80869 -11.34520 -36.91477                            -65.25890   4.77324 -35.68510 -10.44115 -25.84919  28.24082     invalid  
81    -46.23823  22.46948  -5.11958 -14.48215 -11.18607 -36.74464                            -65.78428   4.87459 -35.78362 -10.11461 -25.69006  28.41096     invalid  
82    -46.76361  22.57083  -5.21811 -14.15560 -11.02694 -36.57450                            -66.30965   4.97594 -35.88215  -9.78806 -25.53093  28.58110     invalid  
83    -47.28898  22.67218  -5.31663 -13.82906 -10.86781 -36.40437                            -66.83503   5.07729 -35.98068  -9.46152 -25.37179  28.75123     invalid  
84    -47.81436  22.77353  -5.41516 -13.50251 -10.70868 -36.23423                            -67.36040   5.17864 -36.07920  -9.13498 -25.21266  28.92137     invalid  
85    -48.33973  22.87487  -5.51369 -13.17597 -10.54954 -36.06410                            -67.88578   5.27998 -36.17773  -8.80843 -25.05353  29.09150     invalid  
86    -48.86510  22.97622  -5.61221 -12.84942 -10.39041 -35.89396                            -68.41115   5.38133 -36.27626  -8.48189 -24.89440  29.26164     invalid  
87    -49.39048  23.07757  -5.71074 -12.52288 -10.23128 -35.72382                            -68.93652   5.48268 -36.37478  -8.15534 -24.73527  29.43177     invalid  
88    -49.91585  23.17892  -5.80927 -12.19634 -10.07215 -35.55369                            -69.46190   5.58403 -36.47331  -7.82880 -24.57613  29.60191     invalid  
89    -50.44123  23.28027  -5.90779 -11.86979  -9.91302 -35.38355                            -69.98727   5.68538 -36.57184  -7.50226 -24.41700  29.77204     invalid  
90    -50.96660  23.38161  -6.00632 -11.54325  -9.75388 -35.21342                            -70.51265   5.78672 -36.67036  -7.17571 -24.25787  29.94218     invalid  
91    -51.49198  23.48296  -6.10485 -11.21670  -9.59475 -35.04328                            -71.03802   5.88807 -36.76889  -6.84917 -24.09874  30.11231     invalid  
92    -52.01735  23.58431  -6.20337 -10.89016  -9.43562 -34.87315                            -71.56340   5.98942 -36.86742  -6.52262 -23.93960  30.28245     invalid  
93    -52.54272  23.68566  -6.30190 -10.56362  -9.27649 -34.70301                            -72.08877   6.09077 -36.96595  -6.19608 -23.78047  30.45258     invalid  
94    -53.06810  23.78701  -6.40043 -10.23707  -9.11735 -34.53288                            -72.61415   6.19212 -37.06447  -5.86953 -23.62134  30.62272     invalid  
95    -53.59347  23.88836  -6.49896  -9.91053  -8.95822 -34.36274                            -73.13952   6.29347 -37.16300  -5.54299 -23.46221  30.79286     invalid  
96    -54.11885  23.98970  -6.59748  -9.58398  -8.79909 -34.19261                            -73.66489   6.39481 -37.26153  -5.21645 -23.30308  30.96299     invalid  
97    -54.64422  24.09105  -6.69601  -9.25744  -8.63996 -34.02247                            -74.19027   6.49616 -37.36005  -4.88990 -23.14394  31.13313     invalid  
98    -55.16960  24.19240  -6.79454  -8.93090  -8.48083 -33.85234                            -74.71564   6.59751 -37.45858  -4.56336 -22.98481  31.30326     invalid  
99    -55.69497  24.29375  -6.89306  -8.60435  -8.32169 -33.68220                            -75.24102   6.69886 -37.55711  -4.23681 -22.82568  31.47340     invalid  
