PointDistanceFollower  May 16 2018
Fol_2018-05-16.16_29_25.2_1.txt     Output is S6 probe cell, C3 reduced cell, S6Dist CS6Dist distance between
0      5.44487  13.99542  -2.04290 -34.49418 -26.96125 -58.82084     (-5.445,-6.503) (-19.940,-2.043) (-16.072,-13.995)     -23.00091  -5.92674 -23.62952 -37.97995 -43.07775  18.47124     (-2.088,-26.126) (-5.927,-1.959) (-35.483,-2.442)      21.4368  22.2959  
1      4.86376  14.04946  -2.10147 -34.24596 -26.74046 -58.61491     (-4.864,-6.147) (-20.788,-2.101) (-17.013,-14.049)     -23.58203  -5.87269 -23.68809 -37.73174 -42.85696  18.67717     (-2.027,-25.986) (-5.873,-1.449) (-35.433,-2.878)      21.5533  22.3305  
2      4.28265  14.10350  -2.16004 -33.99775 -26.51967 -58.40897     (-4.283,-5.791) (-21.637,-2.160) (-17.954,-14.103)     -24.16314  -5.81865 -23.74666 -37.48352 -42.63618  18.88311     (-1.966,-25.846) (-5.819,-0.938) (-35.384,-3.314)      21.6912  22.3866  
3      3.70153  14.15754  -2.21861 -33.74953 -26.29888 -58.20304     (-3.702,-5.434) (-22.485,-2.219) (-18.896,-14.158)     -24.74425  -5.76461 -23.80523 -37.23530 -42.41539  19.08904     (-1.905,-25.706) (-5.765,-0.428) (-35.334,-3.751)      21.8502  22.4638  
4      3.12042  14.21158  -2.27718 -33.50131 -26.07809 -57.99711     (-3.120,-5.078) (-23.333,-2.277) (-19.837,-14.212)     -25.32536  -5.71057 -23.86380 -36.98708 -42.19460  19.29498     (-35.203,-25.484) (-5.793,-0.082) (-1.761,-4.105)      22.502  26.857     glitch
5      2.53931  14.26562  -2.33575 -33.25309 -25.85730 -57.79117     (-2.539,-4.722) (-24.181,-2.336) (-20.779,-14.266)     -25.90648  -5.65653 -23.92237 -36.73886 -41.97381  19.50091     (-34.643,-24.833) (-6.249,-0.593) (-1.190,-4.031)      21.75  26.0024  
6      1.95820  14.31966  -2.39432 -33.00487 -25.63652 -57.58524     (-1.958,-4.366) (-25.030,-2.394) (-21.720,-14.320)     -26.48759  -5.60249 -23.98094 -36.49064 -41.75302  19.70685     (-34.083,-24.183) (-6.705,-1.103) (-0.618,-3.957)      20.9687  25.1798  
7      1.37708  14.37370  -2.45289 -32.75665 -25.41573 -57.37930     (-1.377,-4.009) (-25.878,-2.453) (-22.662,-14.374)     -27.06870  -5.54845 -24.03951 -36.24242 -41.53223  19.91278     (-33.523,-23.532) (-7.162,-1.613) (-0.047,-3.883)      20.0343  24.3925  
8      0.79597  14.42774  -2.51146 -32.50843 -25.19494 -57.17337     (-0.796,-3.653) (-26.726,-2.511) (-23.603,-14.428)     -27.64981  -5.49441 -24.09808 -35.99421 -41.31144  20.11872     (-32.439,-7.093) (-22.357,-1.599) (-0.525,-4.334)      18.7209  18.7209     glitch
9      0.21486  14.48178  -2.57003 -32.26022 -24.97415 -56.96743     (-0.215,-3.297) (-27.574,-2.570) (-24.544,-14.482)     -28.23093  -5.44037 -24.15665 -35.74599 -41.09065  20.32465     (-31.307,-6.978) (-21.135,-1.538) (-1.096,-4.831)      17.4574  17.4574  
10     -0.36625  14.53582  -2.62859 -32.01200 -24.75336 -56.76150     (-0.366,-3.307) (-28.056,-25.120) (-2.262,-14.170)     -28.81204  -5.38633 -24.21522 -35.49777 -40.86986  20.53058     (-30.176,-6.863) (-19.913,-1.476) (-1.668,-5.329)      16.3026  16.3026  
11     -0.94737  14.58986  -2.68716 -31.76378 -24.53257 -56.55556     (-0.947,-3.531) (-28.323,-25.480) (-1.740,-13.642)     -29.39315  -5.33229 -24.27379 -35.24955 -40.64908  20.73652     (-29.045,-6.748) (-18.691,-1.415) (-2.239,-5.826)      15.2813  15.2813  
12     -1.52848  14.64390  -2.74573 -31.51556 -24.31178 -56.34963     (-1.528,-3.756) (-28.590,-25.840) (-1.217,-13.115)     -29.97426  -5.27825 -24.33236 -35.00133 -40.42829  20.94245     (-27.913,-6.632) (-17.469,-1.354) (-2.811,-6.324)      14.4219  14.4219  
13     -2.10959  14.69795  -2.80430 -31.26734 -24.09099 -56.14370     (-2.110,-3.981) (-28.857,-26.201) (-0.695,-12.588)     -30.55538  -5.22421 -24.39093 -34.75311 -40.20750  21.14839     (-26.782,-6.517) (-16.247,-1.293) (-3.382,-6.821)      13.7547  13.7547  
14     -2.69070  14.75199  -2.86287 -31.01912 -23.87020 -55.93776     (-2.691,-4.206) (-29.124,-26.561) (-0.172,-12.061)     -31.13649  -5.17017 -24.44950 -34.50489 -39.98671  21.35432     (-25.650,-6.402) (-15.025,-1.232) (-3.954,-7.319)      13.1702  13.3087  
15     -3.27182  14.80603  -2.92144 -30.77090 -23.64942 -55.73183     (-29.041,-2.921) (-4.080,-26.571) (-11.885,-0.350)     -31.71760  -5.11613 -24.50807 -34.25668 -39.76592  21.56026     (-24.519,-6.287) (-13.803,-1.171) (-4.525,-7.816)      12.5869  13.1064  
16     -3.85293  14.86007  -2.98001 -30.52269 -23.42863 -55.52589     (-28.786,-2.980) (-3.783,-26.409) (-11.880,-0.873)     -32.29871  -5.06208 -24.56664 -34.00846 -39.54513  21.76619     (-23.388,-6.172) (-12.581,-1.109) (-5.097,-8.314)      12.253  13.1592  
17     -4.43404  14.91411  -3.03858 -30.27447 -23.20784 -55.31996     (-28.530,-3.039) (-3.485,-26.246) (-11.876,-1.395)     -32.87983  -5.00804 -24.62521 -33.76024 -39.32434  21.97212     (-22.256,-6.056) (-11.359,-1.048) (-5.668,-8.811)      12.1889  13.464  
18     -5.01515  14.96815  -3.09715 -30.02625 -22.98705 -55.11402     (-28.275,-3.097) (-3.187,-26.084) (-11.871,-1.918)     -33.46094  -4.95400 -24.68378 -33.51202 -39.10355  22.17806     (-21.125,-5.941) (-10.137,-0.987) (-6.240,-9.309)      12.0711  12.4726  
19     -5.59627  15.02219  -3.15572 -29.77803 -22.76626 -54.90809     (-28.019,-3.156) (-2.889,-25.922) (-11.866,-2.441)     -34.04205  -4.89996 -24.74235 -33.26380 -38.88276  22.38399     (-19.994,-5.826) (-8.915,-0.926) (-6.811,-9.806)      11.4639  11.113  
20     -6.17738  15.07623  -3.21429 -29.52981 -22.54547 -54.70215     (-27.764,-3.214) (-2.592,-25.760) (-11.862,-2.963)     -34.62316  -4.84592 -24.80092 -33.01558 -38.66197  22.58993     (-18.862,-5.711) (-7.693,-0.865) (-7.383,-10.304)      10.6773  9.63831  
21     -6.75849  15.13027  -3.27286 -29.28159 -22.32468 -54.49622     (-27.509,-3.273) (-2.294,-25.598) (-11.857,-3.486)     -35.20428  -4.79188 -24.85949 -32.76736 -38.44119  22.79586     (-17.731,-5.596) (-6.471,-0.804) (-7.954,-10.801)      10.1645  8.308  
22     -7.33960  15.18431  -3.33143 -29.03337 -22.10389 -54.29029     (-27.253,-3.331) (-1.996,-25.435) (-11.853,-4.008)     -35.78539  -4.73784 -24.91806 -32.51915 -38.22040  23.00180     (-16.600,-5.480) (-5.250,-0.743) (-8.526,-11.299)      9.96785  7.20259  
23     -7.92072  15.23835  -3.39000 -28.78516 -21.88310 -54.08435     (-26.998,-3.390) (-1.698,-25.273) (-11.848,-4.531)     -36.36650  -4.68380 -24.97663 -32.27093 -37.99961  23.20773     (-15.468,-5.365) (-4.028,-0.681) (-9.097,-11.796)      10.1058  6.43896  
24     -8.50183  15.29239  -3.44857 -28.53694 -21.66231 -53.87842     (-26.742,-3.449) (-1.401,-25.111) (-11.844,-5.053)     -36.94761  -4.62976 -25.03519 -32.02271 -37.77882  23.41367     (-14.337,-5.250) (-2.806,-0.620) (-9.669,-12.294)      10.5653  6.14586  
25     -9.08294  15.34643  -3.50714 -28.28872 -21.44153 -53.67248     (-26.487,-3.507) (-1.103,-24.949) (-11.839,-5.576)     -37.52873  -4.57572 -25.09376 -31.77449 -37.55803  23.61960     (-13.206,-5.135) (-1.584,-0.559) (-10.240,-12.791)      11.3071  6.38839  
26     -9.66405  15.40047  -3.56571 -28.04050 -21.22074 -53.46655     (-26.231,-3.566) (-0.805,-24.786) (-11.835,-6.098)     -38.10984  -4.52168 -25.15233 -31.52627 -37.33724  23.82553     (-13.289,-10.812) (-0.498,-0.362) (-12.074,-5.020)      12.2803  5.55101  
27    -10.24517  15.45451  -3.62428 -27.79228 -20.99995 -53.26061     (-25.976,-3.624) (-0.508,-24.624) (-11.830,-6.621)     -38.69095  -4.46764 -25.21090 -31.27805 -37.11645  24.03147     (-10.083,-10.523) (-0.860,-1.297) (-4.044,-12.926)      12.142  12.142     glitch
28    -10.82628  15.50856  -3.68285 -27.54406 -20.77916 -53.05468     (-25.720,-3.683) (-0.210,-24.462) (-11.826,-7.143)     -39.27206  -4.41360 -25.26947 -31.02983 -36.89566  24.23740     (-7.729,-9.872) (-2.082,-2.458) (-2.707,-12.201)      12.8723  12.8723  
29    -11.40739  15.56260  -3.74142 -27.29585 -20.55837 -52.84875     (-7.578,-3.653) (-0.088,-24.388) (-11.733,-25.377)     -39.85318  -4.35956 -25.32804 -30.78162 -36.67487  24.44334     (-5.376,-9.222) (-3.304,-3.619) (-1.370,-11.477)      14.3595  14.3595     glitch
30    -11.98850  15.61664  -3.79999 -27.04763 -20.33758 -52.64281     (-7.803,-3.414) (-0.386,-24.523) (-11.431,-24.824)     -40.43429  -4.30552 -25.38661 -30.53340 -36.45409  24.64927     (-3.023,-8.571) (-4.526,-4.779) (-0.033,-10.752)      15.5842  16.2483  
31    -12.56962  15.67068  -3.85856 -26.79941 -20.11679 -52.43688     (-8.028,-3.175) (-0.683,-24.659) (-11.129,-24.271)     -41.01540  -4.25147 -25.44518 -30.28518 -36.23330  24.85521     (-0.635,-5.079) (-5.981,-0.670) (-4.000,-10.697)      18.3371  14.4253  
32    -13.15073  15.72472  -3.91713 -26.55119 -19.89600 -52.23094     (-8.252,-2.936) (-0.981,-24.794) (-10.826,-23.718)     -41.59651  -4.19743 -25.50375 -30.03696 -36.01251  25.06114     (-1.550,-8.520) (-0.437,-1.092) (-0.134,-4.386)      22.5448  10.1048  
33    -13.73184  15.77876  -3.97570 -26.30297 -19.67521 -52.02501                            -42.17763  -4.14339 -25.56232 -29.78874 -35.79172  25.26708     invalid  
34    -14.31295  15.83280  -4.03426 -26.05475 -19.45443 -51.81907                            -42.75874  -4.08935 -25.62089 -29.54052 -35.57093  25.47301     invalid  
35    -14.89407  15.88684  -4.09283 -25.80653 -19.23364 -51.61314                            -43.33985  -4.03531 -25.67946 -29.29230 -35.35014  25.67894     invalid  
36    -15.47518  15.94088  -4.15140 -25.55832 -19.01285 -51.40720                            -43.92096  -3.98127 -25.73803 -29.04409 -35.12935  25.88488     invalid  
37    -16.05629  15.99492  -4.20997 -25.31010 -18.79206 -51.20127                            -44.50208  -3.92723 -25.79660 -28.79587 -34.90856  26.09081     invalid  
38    -16.63740  16.04896  -4.26854 -25.06188 -18.57127 -50.99534                            -45.08319  -3.87319 -25.85517 -28.54765 -34.68777  26.29675     invalid  
39    -17.21852  16.10300  -4.32711 -24.81366 -18.35048 -50.78940                            -45.66430  -3.81915 -25.91374 -28.29943 -34.46698  26.50268     invalid  
40    -17.79963  16.15704  -4.38568 -24.56544 -18.12969 -50.58347                            -46.24541  -3.76511 -25.97231 -28.05121 -34.24620  26.70862     invalid  
41    -18.38074  16.21108  -4.44425 -24.31722 -17.90890 -50.37753                            -46.82653  -3.71107 -26.03088 -27.80299 -34.02541  26.91455     invalid  
42    -18.96186  16.26512  -4.50282 -24.06900 -17.68811 -50.17160                            -47.40764  -3.65703 -26.08945 -27.55477 -33.80462  27.12048     invalid  
43    -19.54297  16.31917  -4.56139 -23.82079 -17.46733 -49.96566                            -47.98875  -3.60299 -26.14802 -27.30656 -33.58383  27.32642     invalid  
44    -20.12408  16.37321  -4.61996 -23.57257 -17.24654 -49.75973                            -48.56986  -3.54895 -26.20659 -27.05834 -33.36304  27.53235     invalid  
45    -20.70519  16.42725  -4.67853 -23.32435 -17.02575 -49.55379                            -49.15098  -3.49491 -26.26516 -26.81012 -33.14225  27.73829     invalid  
46    -21.28631  16.48129  -4.73710 -23.07613 -16.80496 -49.34786                            -49.73209  -3.44086 -26.32373 -26.56190 -32.92146  27.94422     invalid  
47    -21.86742  16.53533  -4.79567 -22.82791 -16.58417 -49.14193                            -50.31320  -3.38682 -26.38230 -26.31368 -32.70067  28.15016     invalid  
48    -22.44853  16.58937  -4.85424 -22.57969 -16.36338 -48.93599                            -50.89431  -3.33278 -26.44086 -26.06546 -32.47988  28.35609     invalid  
49    -23.02964  16.64341  -4.91281 -22.33147 -16.14259 -48.73006                            -51.47543  -3.27874 -26.49943 -25.81725 -32.25910  28.56203     invalid  
50    -23.61076  16.69745  -4.97138 -22.08326 -15.92180 -48.52412                            -52.05654  -3.22470 -26.55800 -25.56903 -32.03831  28.76796     invalid  
51    -24.19187  16.75149  -5.02995 -21.83504 -15.70101 -48.31819                            -52.63765  -3.17066 -26.61657 -25.32081 -31.81752  28.97389     invalid  
52    -24.77298  16.80553  -5.08852 -21.58682 -15.48022 -48.11225                            -53.21876  -3.11662 -26.67514 -25.07259 -31.59673  29.17983     invalid  
53    -25.35409  16.85957  -5.14709 -21.33860 -15.25944 -47.90632                            -53.79988  -3.06258 -26.73371 -24.82437 -31.37594  29.38576     invalid  
54    -25.93521  16.91361  -5.20566 -21.09038 -15.03865 -47.70039                            -54.38099  -3.00854 -26.79228 -24.57615 -31.15515  29.59170     invalid  
55    -26.51632  16.96765  -5.26423 -20.84216 -14.81786 -47.49445                            -54.96210  -2.95450 -26.85085 -24.32793 -30.93436  29.79763     invalid  
56    -27.09743  17.02169  -5.32280 -20.59394 -14.59707 -47.28852                            -55.54322  -2.90046 -26.90942 -24.07972 -30.71357  30.00357     invalid  
57    -27.67854  17.07573  -5.38137 -20.34573 -14.37628 -47.08258                            -56.12433  -2.84642 -26.96799 -23.83150 -30.49278  30.20950     invalid  
58    -28.25966  17.12978  -5.43993 -20.09751 -14.15549 -46.87665                            -56.70544  -2.79238 -27.02656 -23.58328 -30.27200  30.41544     invalid  
59    -28.84077  17.18382  -5.49850 -19.84929 -13.93470 -46.67071                            -57.28655  -2.73834 -27.08513 -23.33506 -30.05121  30.62137     invalid  
60    -29.42188  17.23786  -5.55707 -19.60107 -13.71391 -46.46478                            -57.86767  -2.68430 -27.14370 -23.08684 -29.83042  30.82730     invalid  
61    -30.00299  17.29190  -5.61564 -19.35285 -13.49312 -46.25884                            -58.44878  -2.63025 -27.20227 -22.83862 -29.60963  31.03324     invalid  
62    -30.58411  17.34594  -5.67421 -19.10463 -13.27234 -46.05291                            -59.02989  -2.57621 -27.26084 -22.59040 -29.38884  31.23917     invalid  
63    -31.16522  17.39998  -5.73278 -18.85641 -13.05155 -45.84698                            -59.61100  -2.52217 -27.31941 -22.34219 -29.16805  31.44511     invalid  
64    -31.74633  17.45402  -5.79135 -18.60820 -12.83076 -45.64104                            -60.19212  -2.46813 -27.37798 -22.09397 -28.94726  31.65104     invalid  
65    -32.32744  17.50806  -5.84992 -18.35998 -12.60997 -45.43511                            -60.77323  -2.41409 -27.43655 -21.84575 -28.72647  31.85698     invalid  
66    -32.90856  17.56210  -5.90849 -18.11176 -12.38918 -45.22917                            -61.35434  -2.36005 -27.49512 -21.59753 -28.50568  32.06291     invalid  
67    -33.48967  17.61614  -5.96706 -17.86354 -12.16839 -45.02324                            -61.93545  -2.30601 -27.55369 -21.34931 -28.28489  32.26884     invalid  
68    -34.07078  17.67018  -6.02563 -17.61532 -11.94760 -44.81730                            -62.51657  -2.25197 -27.61226 -21.10109 -28.06411  32.47478     invalid  
69    -34.65189  17.72422  -6.08420 -17.36710 -11.72681 -44.61137                            -63.09768  -2.19793 -27.67083 -20.85287 -27.84332  32.68071     invalid  
70    -35.23301  17.77826  -6.14277 -17.11888 -11.50602 -44.40543                            -63.67879  -2.14389 -27.72940 -20.60466 -27.62253  32.88665     invalid  
71    -35.81412  17.83230  -6.20134 -16.87067 -11.28523 -44.19950                            -64.25990  -2.08985 -27.78797 -20.35644 -27.40174  33.09258     invalid  
72    -36.39523  17.88634  -6.25991 -16.62245 -11.06445 -43.99357                            -64.84102  -2.03581 -27.84653 -20.10822 -27.18095  33.29852     invalid  
73    -36.97634  17.94039  -6.31848 -16.37423 -10.84366 -43.78763                            -65.42213  -1.98177 -27.90510 -19.86000 -26.96016  33.50445     invalid  
74    -37.55746  17.99443  -6.37705 -16.12601 -10.62287 -43.58170                            -66.00324  -1.92773 -27.96367 -19.61178 -26.73937  33.71039     invalid  
75    -38.13857  18.04847  -6.43562 -15.87779 -10.40208 -43.37576                            -66.58435  -1.87369 -28.02224 -19.36356 -26.51858  33.91632     invalid  
76    -38.71968  18.10251  -6.49419 -15.62957 -10.18129 -43.16983                            -67.16547  -1.81965 -28.08081 -19.11534 -26.29779  34.12225     invalid  
77    -39.30079  18.15655  -6.55276 -15.38136  -9.96050 -42.96389                            -67.74658  -1.76560 -28.13938 -18.86713 -26.07701  34.32819     invalid  
78    -39.88191  18.21059  -6.61133 -15.13314  -9.73971 -42.75796                            -68.32769  -1.71156 -28.19795 -18.61891 -25.85622  34.53412     invalid  
79    -40.46302  18.26463  -6.66990 -14.88492  -9.51892 -42.55203                            -68.90880  -1.65752 -28.25652 -18.37069 -25.63543  34.74006     invalid  
80    -41.04413  18.31867  -6.72847 -14.63670  -9.29813 -42.34609                            -69.48992  -1.60348 -28.31509 -18.12247 -25.41464  34.94599     invalid  
81    -41.62524  18.37271  -6.78704 -14.38848  -9.07735 -42.14016                            -70.07103  -1.54944 -28.37366 -17.87425 -25.19385  35.15193     invalid  
82    -42.20636  18.42675  -6.84561 -14.14026  -8.85656 -41.93422                            -70.65214  -1.49540 -28.43223 -17.62603 -24.97306  35.35786     invalid  
83    -42.78747  18.48079  -6.90417 -13.89204  -8.63577 -41.72829                            -71.23325  -1.44136 -28.49080 -17.37781 -24.75227  35.56380     invalid  
84    -43.36858  18.53483  -6.96274 -13.64383  -8.41498 -41.52235                            -71.81437  -1.38732 -28.54937 -17.12960 -24.53148  35.76973     invalid  
85    -43.94969  18.58887  -7.02131 -13.39561  -8.19419 -41.31642                            -72.39548  -1.33328 -28.60794 -16.88138 -24.31069  35.97566     invalid  
86    -44.53081  18.64291  -7.07988 -13.14739  -7.97340 -41.11048                            -72.97659  -1.27924 -28.66651 -16.63316 -24.08990  36.18160     invalid  
87    -45.11192  18.69695  -7.13845 -12.89917  -7.75261 -40.90455                            -73.55770  -1.22520 -28.72508 -16.38494 -23.86912  36.38753     invalid  
88    -45.69303  18.75100  -7.19702 -12.65095  -7.53182 -40.69862                            -74.13882  -1.17116 -28.78365 -16.13672 -23.64833  36.59347     invalid  
89    -46.27414  18.80504  -7.25559 -12.40273  -7.31103 -40.49268                            -74.71993  -1.11712 -28.84222 -15.88850 -23.42754  36.79940     invalid  
90    -46.85526  18.85908  -7.31416 -12.15451  -7.09024 -40.28675                            -75.30104  -1.06308 -28.90079 -15.64029 -23.20675  37.00534     invalid  
91    -47.43637  18.91312  -7.37273 -11.90630  -6.86946 -40.08081                            -75.88215  -1.00904 -28.95936 -15.39207 -22.98596  37.21127     invalid  
92    -48.01748  18.96716  -7.43130 -11.65808  -6.64867 -39.87488                            -76.46327  -0.95499 -29.01793 -15.14385 -22.76517  37.41720     invalid  
93    -48.59859  19.02120  -7.48987 -11.40986  -6.42788 -39.66894                            -77.04438  -0.90095 -29.07650 -14.89563 -22.54438  37.62314     invalid  
94    -49.17971  19.07524  -7.54844 -11.16164  -6.20709 -39.46301                            -77.62549  -0.84691 -29.13507 -14.64741 -22.32359  37.82907     invalid  
95    -49.76082  19.12928  -7.60701 -10.91342  -5.98630 -39.25707                            -78.20660  -0.79287 -29.19364 -14.39919 -22.10280  38.03501     invalid  
96    -50.34193  19.18332  -7.66558 -10.66520  -5.76551 -39.05114                            -78.78772  -0.73883 -29.25220 -14.15097 -21.88202  38.24094     invalid  
97    -50.92304  19.23736  -7.72415 -10.41698  -5.54472 -38.84521                            -79.36883  -0.68479 -29.31077 -13.90276 -21.66123  38.44688     invalid  
98    -51.50416  19.29140  -7.78272 -10.16877  -5.32393 -38.63927                            -79.94994  -0.63075 -29.36934 -13.65454 -21.44044  38.65281     invalid  
99    -52.08527  19.34544  -7.84129  -9.92055  -5.10314 -38.43334                            -80.53105  -0.57671 -29.42791 -13.40632 -21.21965  38.85875     invalid  
