PointDistanceFollower   Dec 21 2019   mode =  Line 
Fol_2019-12-25.16_13_48.4_0.txt      Output is S6 probe cell, C3 reduced cell,  S6Dist CS6Dist LMDist  distance between 
Compute times (msec)     S6Dist   48   CS6Dist  1   LMDist   728
PointDistanceFollower  Dec 21 2019  mode = Line
Fol_2019-12-25.16_13_48.4_0.txt     Output is S6 probe cell, C3 reduced cell, S6Dist CS6Dist LMDist distance between
0     -6.39050 -21.61021 -33.99239 -34.57116 -55.91736  16.83033     (-4.780,-1.641) (-0.731,-43.867) (-46.043,-5.660)      0  0  0  
1     -6.37423 -21.39930 -34.11411 -34.23853 -55.79564  16.60316     (-4.796,-1.974) (-0.941,-43.989) (-45.921,-5.433)      0.486444  0.486444  0.486444  
2     -6.35796 -21.18840 -34.23584 -33.90591 -55.67392  16.37598     (-4.812,-2.306) (-1.152,-44.110) (-45.799,-5.206)      0.972888  0.972888  0.972888  
3     -6.34169 -20.97749 -34.35756 -33.57328 -55.55219  16.14881     (-4.829,-2.639) (-1.363,-44.232) (-45.678,-4.978)      1.45933  1.45933  1.45933  
4     -6.32542 -20.76658 -34.47928 -33.24065 -55.43047  15.92163     (-4.845,-2.972) (-1.574,-44.354) (-45.556,-4.751)      1.94578  1.94578  1.94578  
5     -6.30916 -20.55568 -34.60100 -32.90802 -55.30875  15.69446     (-4.861,-3.304) (-1.785,-44.476) (-45.434,-4.524)      2.43222  2.43222  2.43222  
6     -6.29289 -20.34477 -34.72272 -32.57540 -55.18703  15.46728     (-4.877,-3.637) (-1.996,-44.597) (-45.313,-4.297)      2.91866  2.91866  2.91866  
7     -6.27662 -20.13387 -34.84445 -32.24277 -55.06531  15.24011     (-4.894,-3.969) (-2.207,-44.719) (-45.191,-4.070)      3.40511  3.40511  3.40511  
8     -6.26035 -19.92296 -34.96617 -31.91014 -54.94359  15.01294     (-4.910,-4.302) (-2.418,-44.841) (-45.069,-3.843)      3.89155  3.89155  3.89155  
9     -6.24408 -19.71206 -35.08789 -31.57751 -54.82186  14.78576     (-4.926,-4.635) (-2.629,-44.962) (-44.947,-3.615)      4.378  4.378  4.378  
10     -6.22781 -19.50115 -35.20961 -31.24489 -54.70014  14.55859     (-4.943,-4.967) (-2.840,-45.084) (-44.826,-3.388)      4.86444  4.86444  4.86444  
11     -6.21154 -19.29024 -35.33133 -30.91226 -54.57842  14.33141     (-4.959,-5.300) (-3.051,-45.206) (-44.704,-3.161)      5.2476  5.2476  5.2476  
12     -6.19527 -19.07934 -35.45305 -30.57963 -54.45670  14.10424     (-4.975,-5.633) (-3.261,-45.328) (-44.582,-2.934)      5.2537  5.2537  5.2537  
13     -6.17900 -18.86843 -35.57478 -30.24700 -54.33498  13.87706     (-4.991,-5.965) (-3.472,-45.449) (-44.460,-2.707)      5.30459  5.30459  5.30459  
14     -6.16273 -18.65753 -35.69650 -29.91438 -54.21325  13.64989     (-5.008,-6.298) (-3.683,-45.571) (-44.339,-2.480)      5.399  5.399  5.399  
15     -6.14647 -18.44662 -35.81822 -29.58175 -54.09153  13.42271     (-5.024,-6.630) (-3.894,-45.693) (-44.217,-2.252)      5.53471  5.53471  5.53471  
16     -6.13020 -18.23572 -35.93994 -29.24912 -53.96981  13.19554     (-5.040,-6.963) (-4.105,-45.814) (-44.095,-2.025)      5.70877  5.70877  5.70877  
17     -6.11393 -18.02481 -36.06166 -28.91649 -53.84809  12.96836     (-5.056,-7.296) (-4.316,-45.936) (-43.974,-1.798)      5.9178  5.9178  5.9178  
18     -6.09766 -17.81390 -36.18339 -28.58387 -53.72637  12.74119     (-5.073,-7.628) (-4.527,-46.058) (-43.852,-1.571)      6.15824  6.15824  6.15824  
19     -6.08139 -17.60300 -36.30511 -28.25124 -53.60465  12.51401     (-5.089,-7.961) (-4.738,-46.180) (-43.730,-1.344)      6.42656  6.42656  6.42656  
20     -6.06512 -17.39209 -36.42683 -27.91861 -53.48292  12.28684     (-5.105,-8.294) (-4.949,-46.301) (-43.608,-1.116)      6.71944  6.71944  6.71944  
21     -6.04885 -17.18119 -36.54855 -27.58598 -53.36120  12.05966     (-5.122,-8.626) (-5.160,-46.423) (-43.487,-0.889)      7.03379  7.03379  7.03379  
22     -6.03258 -16.97028 -36.67027 -27.25336 -53.23948  11.83249     (-5.138,-8.959) (-5.370,-46.545) (-43.365,-0.662)      7.36687  7.36687  7.36687  
23     -6.01631 -16.75938 -36.79199 -26.92073 -53.11776  11.60532     (-5.154,-9.291) (-5.581,-46.667) (-43.243,-0.435)      7.71625  7.71625  7.71625  
24     -6.00005 -16.54847 -36.91372 -26.58810 -52.99604  11.37814     (-5.170,-9.624) (-5.792,-46.788) (-43.122,-0.208)      8.07983  8.07983  8.07983  
25     -5.98378 -16.33756 -37.03544 -26.25547 -52.87431  11.15097     (-5.984,-9.937) (-5.167,-46.891) (-43.019,-0.019)      8.43106  8.44876  8.45577  
26     -5.96751 -16.12666 -37.15716 -25.92285 -52.75259  10.92379     (-5.968,-10.043) (-4.956,-46.785) (-43.125,-0.247)      8.53062  8.59248  8.59248  
27     -5.95124 -15.91575 -37.27888 -25.59022 -52.63087  10.69662     (-5.951,-10.148) (-4.745,-46.680) (-43.230,-0.474)      8.64405  8.68664  8.68664  
28     -5.93497 -15.70485 -37.40060 -25.25759 -52.50915  10.46944     (-5.935,-10.254) (-4.534,-46.574) (-43.336,-0.701)      8.77081  8.79454  8.79454  
29     -5.91870 -15.49394 -37.52233 -24.92496 -52.38743  10.24227     (-5.919,-10.359) (-4.324,-46.469) (-43.441,-0.928)      8.91034  8.9157  8.9157  
30     -5.90243 -15.28304 -37.64405 -24.59234 -52.26571  10.01509     (-5.902,-10.465) (-4.113,-46.363) (-43.546,-1.155)      9.04958  9.04958  9.04958  
31     -5.88616 -15.07213 -37.76577 -24.25971 -52.14398   9.78792     (-5.886,-10.570) (-3.902,-46.258) (-43.652,-1.382)      9.19563  9.19563  9.19563  
32     -5.86989 -14.86122 -37.88749 -23.92708 -52.02226   9.56074     (-5.870,-10.675) (-3.691,-46.152) (-43.757,-1.610)      9.35327  9.35327  9.35327  
33     -5.85362 -14.65032 -38.00921 -23.59445 -51.90054   9.33357     (-5.854,-10.781) (-3.480,-46.047) (-43.863,-1.837)      9.52193  9.52193  9.52193  
34     -5.83736 -14.43941 -38.13093 -23.26183 -51.77882   9.10639     (-5.837,-10.886) (-3.269,-45.941) (-43.968,-2.064)      9.70103  9.70103  9.70103  
35     -5.82109 -14.22851 -38.25266 -22.92920 -51.65710   8.87922     (-5.821,-10.992) (-3.058,-45.836) (-44.074,-2.291)      9.89001  9.89001  9.89001  
36     -5.80482 -14.01760 -38.37438 -22.59657 -51.53537   8.65205     (-5.805,-11.097) (-2.847,-45.731) (-44.179,-2.518)      10.0883  10.0883  10.0883  
37     -5.78855 -13.80670 -38.49610 -22.26394 -51.41365   8.42487     (-5.789,-11.203) (-2.636,-45.625) (-44.285,-2.746)      10.2954  10.2954  10.2954  
38     -5.77228 -13.59579 -38.61782 -21.93132 -51.29193   8.19770     (-5.772,-11.308) (-2.425,-45.520) (-44.390,-2.973)      10.4879  10.4879  10.4879  
39     -5.75601 -13.38488 -38.73954 -21.59869 -51.17021   7.97052     (-5.756,-11.414) (-2.215,-45.414) (-44.496,-3.200)      10.4642  10.4642  10.4642  
40     -5.73974 -13.17398 -38.86127 -21.26606 -51.04849   7.74335     (-5.740,-11.519) (-2.004,-45.309) (-44.601,-3.427)      10.4529  10.4529  10.4529  
41     -5.72347 -12.96307 -38.98299 -20.93343 -50.92677   7.51617     (-5.723,-11.625) (-1.793,-45.203) (-44.706,-3.654)      10.4539  10.4539  10.4539  
42     -5.70720 -12.75217 -39.10471 -20.60081 -50.80504   7.28900     (-5.707,-11.730) (-1.582,-45.098) (-44.812,-3.881)      10.4674  10.4674  10.4674  
43     -5.69094 -12.54126 -39.22643 -20.26818 -50.68332   7.06182     (-5.691,-11.835) (-1.371,-44.992) (-44.917,-4.109)      10.4932  10.4932  10.4932  
44     -5.67467 -12.33036 -39.34815 -19.93555 -50.56160   6.83465     (-5.675,-11.941) (-1.160,-44.887) (-45.023,-4.336)      10.5312  10.5312  10.5312  
45     -5.65840 -12.11945 -39.46987 -19.60292 -50.43988   6.60747     (-5.658,-12.046) (-0.949,-44.781) (-45.128,-4.563)      10.5814  10.5814  10.5814  
46     -5.64213 -11.90854 -39.59160 -19.27030 -50.31816   6.38030     (-5.642,-12.152) (-0.738,-44.676) (-45.234,-4.790)      10.6436  10.6436  10.6436  
47     -5.62586 -11.69764 -39.71332 -18.93767 -50.19644   6.15312     (-5.626,-12.257) (-0.527,-44.571) (-45.339,-5.017)      10.7175  10.7175  10.7175  
48     -5.60959 -11.48673 -39.83504 -18.60504 -50.07471   5.92595     (-5.610,-12.363) (-0.316,-44.465) (-45.445,-5.244)      10.8029  10.8029  10.8029  
49     -5.59332 -11.27583 -39.95676 -18.27241 -49.95299   5.69877     (-5.593,-12.468) (-0.105,-44.360) (-45.550,-5.472)      10.8996  10.8996  10.8996  
50     -5.57705 -11.06492 -40.07848 -17.93979 -49.83127   5.47160     (-5.593,-12.468) (-0.105,-44.360) (-45.550,-5.472)      10.8996  10.8996  10.8996  
51     -5.56078 -10.85402 -40.20020 -17.60716 -49.70955   5.24443     (-5.610,-12.363) (-0.316,-44.465) (-45.445,-5.244)      10.8029  10.8029  10.8029  
52     -5.54451 -10.64311 -40.32193 -17.27453 -49.58783   5.01725     (-5.626,-12.257) (-0.527,-44.571) (-45.339,-5.017)      10.7175  10.7175  10.7175  
53     -5.52825 -10.43220 -40.44365 -16.94190 -49.46610   4.79008     (-5.642,-12.152) (-0.738,-44.676) (-45.234,-4.790)      10.6436  10.6436  10.6436  
54     -5.51198 -10.22130 -40.56537 -16.60928 -49.34438   4.56290     (-5.658,-12.046) (-0.949,-44.781) (-45.128,-4.563)      10.5814  10.5814  10.5814  
55     -5.49571 -10.01039 -40.68709 -16.27665 -49.22266   4.33573     (-5.675,-11.941) (-1.160,-44.887) (-45.023,-4.336)      10.5312  10.5312  10.5312  
56     -5.47944  -9.79949 -40.80881 -15.94402 -49.10094   4.10855     (-5.691,-11.835) (-1.371,-44.992) (-44.917,-4.109)      10.4932  10.4932  10.4932  
57     -5.46317  -9.58858 -40.93054 -15.61139 -48.97922   3.88138     (-5.707,-11.730) (-1.582,-45.098) (-44.812,-3.881)      10.4674  10.4674  10.4674  
58     -5.44690  -9.37768 -41.05226 -15.27877 -48.85750   3.65420     (-5.723,-11.625) (-1.793,-45.203) (-44.706,-3.654)      10.4539  10.4539  10.4539  
59     -5.43063  -9.16677 -41.17398 -14.94614 -48.73577   3.42703     (-5.740,-11.519) (-2.004,-45.309) (-44.601,-3.427)      10.4529  10.4529  10.4529  
60     -5.41436  -8.95586 -41.29570 -14.61351 -48.61405   3.19985     (-5.756,-11.414) (-2.215,-45.414) (-44.496,-3.200)      10.4642  10.4642  10.4642  
61     -5.39809  -8.74496 -41.41742 -14.28088 -48.49233   2.97268     (-5.772,-11.308) (-2.425,-45.520) (-44.390,-2.973)      10.4879  10.4879  10.4879  
62     -5.38183  -8.53405 -41.53914 -13.94826 -48.37061   2.74550     (-5.789,-11.203) (-2.636,-45.625) (-44.285,-2.746)      10.2954  10.2954  10.2954  
63     -5.36556  -8.32315 -41.66087 -13.61563 -48.24889   2.51833     (-5.805,-11.097) (-2.847,-45.731) (-44.179,-2.518)      10.0883  10.0883  10.0883  
64     -5.34929  -8.11224 -41.78259 -13.28300 -48.12716   2.29115     (-5.821,-10.992) (-3.058,-45.836) (-44.074,-2.291)      9.89001  9.89001  9.89001  
65     -5.33302  -7.90134 -41.90431 -12.95037 -48.00544   2.06398     (-5.837,-10.886) (-3.269,-45.941) (-43.968,-2.064)      9.70103  9.70103  9.70103  
66     -5.31675  -7.69043 -42.02603 -12.61775 -47.88372   1.83681     (-5.854,-10.781) (-3.480,-46.047) (-43.863,-1.837)      9.52193  9.52193  9.52193  
67     -5.30048  -7.47952 -42.14775 -12.28512 -47.76200   1.60963     (-5.870,-10.675) (-3.691,-46.152) (-43.757,-1.610)      9.35327  9.35327  9.35327  
68     -5.28421  -7.26862 -42.26948 -11.95249 -47.64028   1.38246     (-5.886,-10.570) (-3.902,-46.258) (-43.652,-1.382)      9.19563  9.19563  9.19563  
69     -5.26794  -7.05771 -42.39120 -11.61986 -47.51856   1.15528     (-5.902,-10.465) (-4.113,-46.363) (-43.546,-1.155)      9.04958  9.04958  9.04958  
70     -5.25167  -6.84681 -42.51292 -11.28724 -47.39683   0.92811     (-5.919,-10.359) (-4.324,-46.469) (-43.441,-0.928)      8.91034  8.9157  8.9157  
71     -5.23540  -6.63590 -42.63464 -10.95461 -47.27511   0.70093     (-5.935,-10.254) (-4.534,-46.574) (-43.336,-0.701)      8.77081  8.79454  8.79454  
72     -5.21914  -6.42500 -42.75636 -10.62198 -47.15339   0.47376     (-5.951,-10.148) (-4.745,-46.680) (-43.230,-0.474)      8.64405  8.68664  8.68664  
73     -5.20287  -6.21409 -42.87808 -10.28935 -47.03167   0.24658     (-5.968,-10.043) (-4.956,-46.785) (-43.125,-0.247)      8.53062  8.59248  8.59248  
74     -5.18660  -6.00318 -42.99981  -9.95672 -46.90995   0.01941     (-5.984,-9.937) (-5.167,-46.891) (-43.019,-0.019)      8.43106  8.44876  8.45577  
75     -5.17033  -5.79228 -43.12153  -9.62410 -46.78822  -0.20777     (-5.170,-9.624) (-5.792,-46.788) (-43.122,-0.208)      8.07983  8.07983  8.07983  
76     -5.15406  -5.58137 -43.24325  -9.29147 -46.66650  -0.43494     (-5.154,-9.291) (-5.581,-46.667) (-43.243,-0.435)      7.71625  7.71625  7.71625  
77     -5.13779  -5.37047 -43.36497  -8.95884 -46.54478  -0.66212     (-5.138,-8.959) (-5.370,-46.545) (-43.365,-0.662)      7.36687  7.36687  7.36687  
78     -5.12152  -5.15956 -43.48669  -8.62621 -46.42306  -0.88929     (-5.122,-8.626) (-5.160,-46.423) (-43.487,-0.889)      7.03379  7.03379  7.03379  
79     -5.10525  -4.94866 -43.60842  -8.29359 -46.30134  -1.11647     (-5.105,-8.294) (-4.949,-46.301) (-43.608,-1.116)      6.71944  6.71944  6.71944  
80     -5.08898  -4.73775 -43.73014  -7.96096 -46.17962  -1.34364     (-5.089,-7.961) (-4.738,-46.180) (-43.730,-1.344)      6.42656  6.42656  6.42656  
81     -5.07272  -4.52684 -43.85186  -7.62833 -46.05789  -1.57081     (-5.073,-7.628) (-4.527,-46.058) (-43.852,-1.571)      6.15824  6.15824  6.15824  
82     -5.05645  -4.31594 -43.97358  -7.29570 -45.93617  -1.79799     (-5.056,-7.296) (-4.316,-45.936) (-43.974,-1.798)      5.9178  5.9178  5.9178  
83     -5.04018  -4.10503 -44.09530  -6.96308 -45.81445  -2.02516     (-5.040,-6.963) (-4.105,-45.814) (-44.095,-2.025)      5.70877  5.70877  5.70877  
84     -5.02391  -3.89413 -44.21702  -6.63045 -45.69273  -2.25234     (-5.024,-6.630) (-3.894,-45.693) (-44.217,-2.252)      5.53471  5.53471  5.53471  
85     -5.00764  -3.68322 -44.33875  -6.29782 -45.57101  -2.47951     (-5.008,-6.298) (-3.683,-45.571) (-44.339,-2.480)      5.399  5.399  5.399  
86     -4.99137  -3.47232 -44.46047  -5.96519 -45.44928  -2.70669     (-4.991,-5.965) (-3.472,-45.449) (-44.460,-2.707)      5.30459  5.30459  5.30459  
87     -4.97510  -3.26141 -44.58219  -5.63257 -45.32756  -2.93386     (-4.975,-5.633) (-3.261,-45.328) (-44.582,-2.934)      5.2537  5.2537  5.2537  
88     -4.95883  -3.05050 -44.70391  -5.29994 -45.20584  -3.16104     (-4.959,-5.300) (-3.051,-45.206) (-44.704,-3.161)      5.2476  5.2476  5.2476  
89     -4.94256  -2.83960 -44.82563  -4.96731 -45.08412  -3.38821     (-4.943,-4.967) (-2.840,-45.084) (-44.826,-3.388)      4.86444  4.86444  4.86444  
90     -4.92629  -2.62869 -44.94736  -4.63468 -44.96240  -3.61539     (-4.926,-4.635) (-2.629,-44.962) (-44.947,-3.615)      4.378  4.378  4.378  
91     -4.91003  -2.41779 -45.06908  -4.30206 -44.84068  -3.84256     (-4.910,-4.302) (-2.418,-44.841) (-45.069,-3.843)      3.89155  3.89155  3.89155  
92     -4.89376  -2.20688 -45.19080  -3.96943 -44.71895  -4.06974     (-4.894,-3.969) (-2.207,-44.719) (-45.191,-4.070)      3.40511  3.40511  3.40511  
93     -4.87749  -1.99598 -45.31252  -3.63680 -44.59723  -4.29691     (-4.877,-3.637) (-1.996,-44.597) (-45.313,-4.297)      2.91866  2.91866  2.91866  
94     -4.86122  -1.78507 -45.43424  -3.30417 -44.47551  -4.52408     (-4.861,-3.304) (-1.785,-44.476) (-45.434,-4.524)      2.43222  2.43222  2.43222  
95     -4.84495  -1.57416 -45.55596  -2.97155 -44.35379  -4.75126     (-4.845,-2.972) (-1.574,-44.354) (-45.556,-4.751)      1.94578  1.94578  1.94578  
96     -4.82868  -1.36326 -45.67769  -2.63892 -44.23207  -4.97843     (-4.829,-2.639) (-1.363,-44.232) (-45.678,-4.978)      1.45933  1.45933  1.45933  
97     -4.81241  -1.15235 -45.79941  -2.30629 -44.11035  -5.20561     (-4.812,-2.306) (-1.152,-44.110) (-45.799,-5.206)      0.972888  0.972888  0.972888  
98     -4.79614  -0.94145 -45.92113  -1.97366 -43.98862  -5.43278     (-4.796,-1.974) (-0.941,-43.989) (-45.921,-5.433)      0.486444  0.486444  0.486444  
99     -4.77987  -0.73054 -46.04285  -1.64104 -43.86690  -5.65996     (-4.780,-1.641) (-0.731,-43.867) (-46.043,-5.660)      0  0  0  
