PointDistanceFollower  May 27 2018  mode = LINE3
Fol_2018-05-27.16_53_57.3_0.txt     Output is S6 probe cell, C3 reduced cell, S6Dist NCDist D7Dist CS6Dist distance between
0    -27.99463  10.35313 -16.17604 -24.96460 -47.87787   3.09539     (-1.098,-17.002) (-33.724,-4.193) (-9.256,-3.433)      -7.78575 -15.26579 -33.56398 -22.64208  10.03712   0.90105     (-7.786,-0.766) (-13.490,-0.901) (-13.464,-10.037)      21.4038  20.809  44.0771  22.2396  
1    -28.15187   9.84985 -15.79505 -25.01183 -47.65673   2.99341     (-2.465,-19.668) (-36.326,-5.459) (-7.385,-1.439)      -7.94299 -15.76907 -33.18298 -22.68931  10.25826   0.79907     (-7.943,-0.575) (-12.666,-0.799) (-14.171,-10.258)      20.9562  20.2432  43.6786  21.6982  
2    -28.30910   9.34657 -15.41405 -25.05906 -47.43560   2.89143     (-38.374,-21.780) (-3.279,-6.171) (-6.067,-0.554)      -8.10022 -16.27235 -32.80198 -22.73655  10.47939   0.69709     (-8.100,-0.384) (-11.843,-0.697) (-14.878,-10.479)      20.5621  20.0298  43.3469  21.2101  
3    -28.46634   8.84328 -15.03306 -25.10630 -47.21446   2.78945     (-38.982,-22.453) (-2.654,-5.443) (-6.190,-2.547)      -8.25745 -16.77564 -32.42099 -22.78378  10.70053   0.59511     (-8.257,-0.193) (-11.020,-0.595) (-15.585,-10.701)      20.2246  19.9101  43.0788  20.7786  
4    -28.62357   8.34000 -14.65206 -25.15353 -46.99333   2.68748     (-39.590,-23.126) (-2.028,-4.715) (-6.312,-4.541)      -8.41469 -17.27892 -32.03999 -22.83102  10.92166   0.49314     (-8.415,-0.001) (-10.197,-0.493) (-16.293,-10.922)      19.9466  19.8855  42.7767  20.4064  
5    -28.78080   7.83671 -14.27107 -25.20077 -46.77219   2.58550     (-40.199,-23.798) (-1.402,-3.988) (-6.434,-6.534)      -8.57192 -17.78221 -31.65900 -22.87825  11.14279   0.39116     (-8.762,-0.190) (-16.810,-0.202) (-9.184,-10.953)      19.9655  19.9566  42.8068  20.1236  
6    -28.93804   7.33343 -13.89007 -25.24800 -46.55106   2.48352     (-40.807,-24.471) (-0.777,-3.260) (-6.557,-8.527)      -8.72916 -18.28549 -31.27800 -22.92549  11.36393   0.28918     (-8.078,-0.289) (-17.418,-0.092) (-9.018,-10.892)      19.3105  19.6228  42.4533  19.3819  
7    -29.09527   6.83015 -13.50907 -25.29523 -46.32992   2.38154     (-41.416,-25.144) (-0.151,-2.533) (-6.679,-10.521)      -8.88639 -18.78877 -30.89701 -22.97272  11.58506   0.18720     (-6.770,-0.187) (-18.227,-0.385) (-9.074,-10.629)      18.38  19.1632  42.4176  18.6726  
8    -29.25251   6.32686 -13.12808 -25.34247 -46.10879   2.27956     (-12.040,-25.342) (-2.280,-0.474) (-41.550,-6.327)      -9.04363 -19.29206 -30.51601 -23.01995  11.80620   0.08522     (-5.463,-0.085) (-19.036,-0.678) (-9.129,-10.366)      17.5447  18.9909  42.4251  18.0465  
9    -29.40974   5.82358 -12.74708 -25.38970 -45.88766   2.17759     (-13.407,-25.390) (-2.178,-1.100) (-41.532,-5.824)      -9.20086 -19.79534 -30.13502 -23.06719  12.02733  -0.01675     (-4.172,-0.017) (-9.167,-0.954) (-19.829,-10.086)      16.6537  19.1135  42.3909  17.5172  
10    -29.56698   5.32029 -12.36609 -25.43694 -45.66652   2.07561     (-14.775,-25.437) (-2.076,-1.725) (-41.515,-5.320)      -9.35810 -20.29863 -29.75402 -23.11442  12.24847  -0.11873     (-2.967,-0.119) (-9.121,-1.145) (-20.536,-9.721)      16.0655  19.5256  42.6676  17.047  
11    -29.72421   4.81701 -11.98509 -25.48417 -45.44539   1.97363     (-16.143,-25.484) (-1.974,-2.351) (-41.498,-4.817)      -9.51533 -20.80191 -29.37303 -23.16166  12.46960  -0.22071     (-1.762,-0.221) (-9.074,-1.336) (-21.243,-9.356)      15.5926  20.2094  43.0673  16.5569  
12    -29.88144   4.31373 -11.60410 -25.53140 -45.22425   1.87165     (-17.511,-25.531) (-1.872,-2.977) (-41.481,-4.314)      -9.67256 -21.30519 -28.99203 -23.20889  12.69074  -0.32269     (-0.556,-0.323) (-9.027,-1.527) (-21.951,-8.991)      15.2455  21.1385  43.5862  16.1929  
13    -30.03868   3.81044 -11.22310 -25.57864 -45.00312   1.76967     (-18.878,-25.579) (-1.770,-3.602) (-41.464,-3.810)      -9.82980 -21.80848 -28.61103 -23.25612  12.91187  -0.42467     (-0.649,-1.074) (-8.331,-22.009) (-1.069,-7.977)      15.5478  21.6109  45.3581  16.4243  
14    -30.19591   3.30716 -10.84211 -25.62587 -44.78198   1.66770     (-20.246,-25.626) (-1.668,-4.228) (-41.447,-3.307)      -9.98703 -22.31176 -28.23004 -23.30336  13.13300  -0.52664     (-1.855,-2.381) (-7.079,-21.510) (-0.055,-6.406)      16.4855  21.5957  47.7251  16.5287  
15    -30.35315   2.80388 -10.46111 -25.67311 -44.56085   1.56572     (-21.614,-25.673) (-1.566,-4.853) (-41.429,-2.804)     -10.14427 -22.81504 -27.84904 -23.35059  13.35414  -0.62862     (-2.100,-4.867) (-2.729,-20.052) (-0.960,-5.796)      18.3218  21.8396  52.3936  18.3218  
16    -30.51038   2.30059 -10.08011 -25.72034 -44.33971   1.46374     (-22.982,-25.720) (-1.464,-5.479) (-41.412,-2.301)     -10.30150 -23.31833 -27.46805 -23.39783  13.57527  -0.73060     (-2.292,-2.601) (-3.022,-18.540) (-1.974,-5.240)      20.4117  22.334  57.3449  20.4117  
17    -30.66762   1.79731  -9.69912 -25.76757 -44.11858   1.36176     (-24.349,-25.768) (-1.362,-6.105) (-41.395,-1.797)     -10.45874 -23.82161 -27.08705 -23.44506  13.79641  -0.83258     (-2.483,-0.334) (-3.315,-17.027) (-2.988,-4.683)      22.3226  23.0662  62.2806  22.7016  
18    -30.82485   1.29402  -9.31812 -25.81481 -43.89744   1.25978     (-25.717,-25.815) (-1.260,-6.730) (-41.378,-1.294)     -10.61597 -24.32490 -26.70606 -23.49229  14.01754  -0.93456     (-1.932,-4.606) (-13.583,-2.070) (-1.676,-2.195)      24.9704  27.8546  69.8839  24.9704     glitch
19    -30.98208   0.79074  -8.93713 -25.86204 -43.67631   1.15781     (-27.085,-25.862) (-1.158,-7.356) (-41.361,-0.791)     -10.77320 -24.82818 -26.32506 -23.53953  14.23868  -1.03653     (-9.176,-6.436) (-3.571,-0.191) (-0.330,-0.627)      27.8025  36.221  78.9773  27.9692  
20    -31.13932   0.28746  -8.55613 -25.90928 -43.45518   1.05583                            -10.93044 -25.33146 -25.94407 -23.58676  14.45981  -1.13851     invalid  
21    -31.29655  -0.21583  -8.17514 -25.95651 -43.23404   0.95385                            -11.08767 -25.83475 -25.56307 -23.63400  14.68095  -1.24049     invalid  
22    -31.45379  -0.71911  -7.79414 -26.00375 -43.01291   0.85187                            -11.24491 -26.33803 -25.18207 -23.68123  14.90208  -1.34247     invalid  
23    -31.61102  -1.22240  -7.41315 -26.05098 -42.79177   0.74989                            -11.40214 -26.84132 -24.80108 -23.72846  15.12322  -1.44445     invalid  
24    -31.76826  -1.72568  -7.03215 -26.09821 -42.57064   0.64792                            -11.55938 -27.34460 -24.42008 -23.77570  15.34435  -1.54642     invalid  
25    -31.92549  -2.22896  -6.65116 -26.14545 -42.34950   0.54594                            -11.71661 -27.84788 -24.03909 -23.82293  15.56548  -1.64840     invalid  
26    -32.08273  -2.73225  -6.27016 -26.19268 -42.12837   0.44396                            -11.87384 -28.35117 -23.65809 -23.87017  15.78662  -1.75038     invalid  
27    -32.23996  -3.23553  -5.88916 -26.23992 -41.90723   0.34198                            -12.03108 -28.85445 -23.27710 -23.91740  16.00775  -1.85236     invalid  
28    -32.39719  -3.73882  -5.50817 -26.28715 -41.68610   0.24000                            -12.18831 -29.35774 -22.89610 -23.96463  16.22889  -1.95434     invalid  
29    -32.55443  -4.24210  -5.12717 -26.33438 -41.46497   0.13803                            -12.34555 -29.86102 -22.51511 -24.01187  16.45002  -2.05631     invalid  
30    -32.71166  -4.74538  -4.74618 -26.38162 -41.24383   0.03605                            -12.50278 -30.36430 -22.13411 -24.05910  16.67116  -2.15829     invalid  
31    -32.86890  -5.24867  -4.36518 -26.42885 -41.02270  -0.06593                            -12.66002 -30.86759 -21.75312 -24.10634  16.89229  -2.26027     invalid  
32    -33.02613  -5.75195  -3.98419 -26.47609 -40.80156  -0.16791                            -12.81725 -31.37087 -21.37212 -24.15357  17.11343  -2.36225     invalid  
33    -33.18337  -6.25523  -3.60319 -26.52332 -40.58043  -0.26989                            -12.97449 -31.87415 -20.99112 -24.20080  17.33456  -2.46423     invalid  
34    -33.34060  -6.75852  -3.22220 -26.57055 -40.35929  -0.37187                            -13.13172 -32.37744 -20.61013 -24.24804  17.55569  -2.56621     invalid  
35    -33.49783  -7.26180  -2.84120 -26.61779 -40.13816  -0.47384                            -13.28895 -32.88072 -20.22913 -24.29527  17.77683  -2.66818     invalid  
36    -33.65507  -7.76509  -2.46020 -26.66502 -39.91702  -0.57582                            -13.44619 -33.38401 -19.84814 -24.34251  17.99796  -2.77016     invalid  
37    -33.81230  -8.26837  -2.07921 -26.71226 -39.69589  -0.67780                            -13.60342 -33.88729 -19.46714 -24.38974  18.21910  -2.87214     invalid  
38    -33.96954  -8.77165  -1.69821 -26.75949 -39.47475  -0.77978                            -13.76066 -34.39057 -19.08615 -24.43697  18.44023  -2.97412     invalid  
39    -34.12677  -9.27494  -1.31722 -26.80672 -39.25362  -0.88176                            -13.91789 -34.89386 -18.70515 -24.48421  18.66137  -3.07610     invalid  
40    -34.28401  -9.77822  -0.93622 -26.85396 -39.03249  -0.98373                            -14.07513 -35.39714 -18.32416 -24.53144  18.88250  -3.17807     invalid  
41    -34.44124 -10.28151  -0.55523 -26.90119 -38.81135  -1.08571                            -14.23236 -35.90043 -17.94316 -24.57868  19.10364  -3.28005     invalid  
42    -34.59847 -10.78479  -0.17423 -26.94843 -38.59022  -1.18769                            -14.38959 -36.40371 -17.56216 -24.62591  19.32477  -3.38203     invalid  
43    -34.75571 -11.28807   0.20676 -26.99566 -38.36908  -1.28967                            -14.54683 -36.90699 -17.18117 -24.67314  19.54591  -3.48401     invalid  
44    -34.91294 -11.79136   0.58776 -27.04289 -38.14795  -1.39165                            -14.70406 -37.41028 -16.80017 -24.72038  19.76704  -3.58599     invalid  
45    -35.07018 -12.29464   0.96875 -27.09013 -37.92681  -1.49362                            -14.86130 -37.91356 -16.41918 -24.76761  19.98817  -3.68796     invalid  
46    -35.22741 -12.79793   1.34975 -27.13736 -37.70568  -1.59560                            -15.01853 -38.41685 -16.03818 -24.81485  20.20931  -3.78994     invalid  
47    -35.38465 -13.30121   1.73075 -27.18460 -37.48454  -1.69758                            -15.17577 -38.92013 -15.65719 -24.86208  20.43044  -3.89192     invalid  
48    -35.54188 -13.80449   2.11174 -27.23183 -37.26341  -1.79956                            -15.33300 -39.42341 -15.27619 -24.90931  20.65158  -3.99390     invalid  
49    -35.69912 -14.30778   2.49274 -27.27906 -37.04228  -1.90154                            -15.49023 -39.92670 -14.89520 -24.95655  20.87271  -4.09588     invalid  
50    -35.85635 -14.81106   2.87373 -27.32630 -36.82114  -2.00351                            -15.64747 -40.42998 -14.51420 -25.00378  21.09385  -4.19785     invalid  
51    -36.01358 -15.31434   3.25473 -27.37353 -36.60001  -2.10549                            -15.80470 -40.93326 -14.13321 -25.05102  21.31498  -4.29983     invalid  
52    -36.17082 -15.81763   3.63572 -27.42077 -36.37887  -2.20747                            -15.96194 -41.43655 -13.75221 -25.09825  21.53612  -4.40181     invalid  
53    -36.32805 -16.32091   4.01672 -27.46800 -36.15774  -2.30945                            -16.11917 -41.93983 -13.37121 -25.14548  21.75725  -4.50379     invalid  
54    -36.48529 -16.82420   4.39771 -27.51523 -35.93660  -2.41143                            -16.27641 -42.44312 -12.99022 -25.19272  21.97838  -4.60577     invalid  
55    -36.64252 -17.32748   4.77871 -27.56247 -35.71547  -2.51340                            -16.43364 -42.94640 -12.60922 -25.23995  22.19952  -4.70774     invalid  
56    -36.79976 -17.83076   5.15971 -27.60970 -35.49433  -2.61538                            -16.59087 -43.44968 -12.22823 -25.28719  22.42065  -4.80972     invalid  
57    -36.95699 -18.33405   5.54070 -27.65694 -35.27320  -2.71736                            -16.74811 -43.95297 -11.84723 -25.33442  22.64179  -4.91170     invalid  
58    -37.11422 -18.83733   5.92170 -27.70417 -35.05206  -2.81934                            -16.90534 -44.45625 -11.46624 -25.38165  22.86292  -5.01368     invalid  
59    -37.27146 -19.34062   6.30269 -27.75140 -34.83093  -2.92132                            -17.06258 -44.95954 -11.08524 -25.42889  23.08406  -5.11566     invalid  
60    -37.42869 -19.84390   6.68369 -27.79864 -34.60980  -3.02329                            -17.21981 -45.46282 -10.70425 -25.47612  23.30519  -5.21763     invalid  
61    -37.58593 -20.34718   7.06468 -27.84587 -34.38866  -3.12527                            -17.37705 -45.96610 -10.32325 -25.52336  23.52633  -5.31961     invalid  
62    -37.74316 -20.85047   7.44568 -27.89311 -34.16753  -3.22725                            -17.53428 -46.46939  -9.94225 -25.57059  23.74746  -5.42159     invalid  
63    -37.90040 -21.35375   7.82667 -27.94034 -33.94639  -3.32923                            -17.69152 -46.97267  -9.56126 -25.61782  23.96860  -5.52357     invalid  
64    -38.05763 -21.85703   8.20767 -27.98757 -33.72526  -3.43121                            -17.84875 -47.47595  -9.18026 -25.66506  24.18973  -5.62555     invalid  
65    -38.21486 -22.36032   8.58866 -28.03481 -33.50412  -3.53318                            -18.00598 -47.97924  -8.79927 -25.71229  24.41086  -5.72752     invalid  
66    -38.37210 -22.86360   8.96966 -28.08204 -33.28299  -3.63516                            -18.16322 -48.48252  -8.41827 -25.75953  24.63200  -5.82950     invalid  
67    -38.52933 -23.36689   9.35066 -28.12928 -33.06185  -3.73714                            -18.32045 -48.98581  -8.03728 -25.80676  24.85313  -5.93148     invalid  
68    -38.68657 -23.87017   9.73165 -28.17651 -32.84072  -3.83912                            -18.47769 -49.48909  -7.65628 -25.85399  25.07427  -6.03346     invalid  
69    -38.84380 -24.37345  10.11265 -28.22374 -32.61959  -3.94110                            -18.63492 -49.99237  -7.27529 -25.90123  25.29540  -6.13544     invalid  
70    -39.00104 -24.87674  10.49364 -28.27098 -32.39845  -4.04307                            -18.79216 -50.49566  -6.89429 -25.94846  25.51654  -6.23741     invalid  
71    -39.15827 -25.38002  10.87464 -28.31821 -32.17732  -4.14505                            -18.94939 -50.99894  -6.51330 -25.99570  25.73767  -6.33939     invalid  
72    -39.31550 -25.88331  11.25563 -28.36545 -31.95618  -4.24703                            -19.10662 -51.50223  -6.13230 -26.04293  25.95881  -6.44137     invalid  
73    -39.47274 -26.38659  11.63663 -28.41268 -31.73505  -4.34901                            -19.26386 -52.00551  -5.75130 -26.09016  26.17994  -6.54335     invalid  
74    -39.62997 -26.88987  12.01762 -28.45991 -31.51391  -4.45099                            -19.42109 -52.50879  -5.37031 -26.13740  26.40107  -6.64533     invalid  
75    -39.78721 -27.39316  12.39862 -28.50715 -31.29278  -4.55296                            -19.57833 -53.01208  -4.98931 -26.18463  26.62221  -6.74730     invalid  
76    -39.94444 -27.89644  12.77962 -28.55438 -31.07164  -4.65494                            -19.73556 -53.51536  -4.60832 -26.23187  26.84334  -6.84928     invalid  
77    -40.10168 -28.39973  13.16061 -28.60162 -30.85051  -4.75692                            -19.89280 -54.01865  -4.22732 -26.27910  27.06448  -6.95126     invalid  
78    -40.25891 -28.90301  13.54161 -28.64885 -30.62937  -4.85890                            -20.05003 -54.52193  -3.84633 -26.32634  27.28561  -7.05324     invalid  
79    -40.41615 -29.40629  13.92260 -28.69608 -30.40824  -4.96088                            -20.20726 -55.02521  -3.46533 -26.37357  27.50675  -7.15522     invalid  
80    -40.57338 -29.90958  14.30360 -28.74332 -30.18711  -5.06285                            -20.36450 -55.52850  -3.08434 -26.42080  27.72788  -7.25719     invalid  
81    -40.73061 -30.41286  14.68459 -28.79055 -29.96597  -5.16483                            -20.52173 -56.03178  -2.70334 -26.46804  27.94902  -7.35917     invalid  
82    -40.88785 -30.91614  15.06559 -28.83779 -29.74484  -5.26681                            -20.67897 -56.53506  -2.32234 -26.51527  28.17015  -7.46115     invalid  
83    -41.04508 -31.41943  15.44658 -28.88502 -29.52370  -5.36879                            -20.83620 -57.03835  -1.94135 -26.56251  28.39129  -7.56313     invalid  
84    -41.20232 -31.92271  15.82758 -28.93225 -29.30257  -5.47077                            -20.99344 -57.54163  -1.56035 -26.60974  28.61242  -7.66511     invalid  
85    -41.35955 -32.42600  16.20857 -28.97949 -29.08143  -5.57274                            -21.15067 -58.04492  -1.17936 -26.65697  28.83355  -7.76708     invalid  
86    -41.51679 -32.92928  16.58957 -29.02672 -28.86030  -5.67472                            -21.30790 -58.54820  -0.79836 -26.70421  29.05469  -7.86906     invalid  
87    -41.67402 -33.43256  16.97057 -29.07396 -28.63916  -5.77670                            -21.46514 -59.05148  -0.41737 -26.75144  29.27582  -7.97104     invalid  
88    -41.83125 -33.93585  17.35156 -29.12119 -28.41803  -5.87868                            -21.62237 -59.55477  -0.03637 -26.79868  29.49696  -8.07302     invalid  
89    -41.98849 -34.43913  17.73256 -29.16842 -28.19690  -5.98066                            -21.77961 -60.05805   0.34462 -26.84591  29.71809  -8.17500     invalid  
90    -42.14572 -34.94242  18.11355 -29.21566 -27.97576  -6.08263                            -21.93684 -60.56134   0.72562 -26.89314  29.93923  -8.27697     invalid  
91    -42.30296 -35.44570  18.49455 -29.26289 -27.75463  -6.18461                            -22.09408 -61.06462   1.10661 -26.94038  30.16036  -8.37895     invalid  
92    -42.46019 -35.94898  18.87554 -29.31013 -27.53349  -6.28659                            -22.25131 -61.56790   1.48761 -26.98761  30.38150  -8.48093     invalid  
93    -42.61743 -36.45227  19.25654 -29.35736 -27.31236  -6.38857                            -22.40855 -62.07119   1.86861 -27.03485  30.60263  -8.58291     invalid  
94    -42.77466 -36.95555  19.63753 -29.40460 -27.09122  -6.49055                            -22.56578 -62.57447   2.24960 -27.08208  30.82376  -8.68489     invalid  
95    -42.93189 -37.45884  20.01853 -29.45183 -26.87009  -6.59252                            -22.72301 -63.07776   2.63060 -27.12931  31.04490  -8.78686     invalid  
96    -43.08913 -37.96212  20.39953 -29.49906 -26.64895  -6.69450                            -22.88025 -63.58104   3.01159 -27.17655  31.26603  -8.88884     invalid  
97    -43.24636 -38.46540  20.78052 -29.54630 -26.42782  -6.79648                            -23.03748 -64.08432   3.39259 -27.22378  31.48717  -8.99082     invalid  
98    -43.40360 -38.96869  21.16152 -29.59353 -26.20668  -6.89846                            -23.19472 -64.58761   3.77358 -27.27102  31.70830  -9.09280     invalid  
99    -43.56083 -39.47197  21.54251 -29.64077 -25.98555  -7.00044                            -23.35195 -65.09089   4.15458 -27.31825  31.92944  -9.19478     invalid  
