PointDistanceFollower  May 16 2018
Fol_2018-05-16.16_29_39.11_10.txt     Output is S6 probe cell, C3 reduced cell, S6Dist CS6Dist distance between
0    -62.16714   7.44579 -12.07749  -5.09814 -54.43416 -51.52108     (-46.423,-2.348) (-2.284,-59.532) (-5.098,-52.374)     -14.13582 -36.02623  -8.22232 -14.81841 -23.11776  14.17516     (-14.136,-0.604) (-0.039,-8.982) (-22.358,-21.812)      67.7734  36.3367  
1    -61.81855   7.61172 -12.26605  -5.15442 -53.97517 -51.50013     (-46.346,-2.457) (-2.197,-59.130) (-5.154,-51.750)     -13.78723 -35.86030  -8.41089 -14.87469 -22.65877  14.19610     (-13.787,-0.270) (-0.409,-8.872) (-22.198,-21.255)      68.3243  35.7115  
2    -61.46996   7.77764 -12.45462  -5.21070 -53.51618 -51.47919     (-46.268,-2.567) (-2.110,-58.727) (-5.211,-51.125)     -13.43864 -35.69438  -8.59945 -14.93097 -22.19978  14.21704     (-13.503,-0.064) (-21.974,-8.697) (-0.714,-20.634)      68.6022  35.0245  
3    -61.12137   7.94357 -12.64319  -5.26698 -53.05719 -51.45824     (-46.191,-2.677) (-2.023,-58.324) (-5.267,-50.501)     -13.09005 -35.52845  -8.78802 -14.98725 -21.74079  14.23799     (-13.489,-0.399) (-21.479,-8.252) (-0.749,-19.744)      69.0672  34.0495  
4    -60.77278   8.10950 -12.83175  -5.32326 -52.59820 -51.43730     (-46.114,-2.786) (-1.936,-57.921) (-5.323,-49.877)     -12.74146 -35.36252  -8.97659 -15.04353 -21.28180  14.25893     (-13.474,-0.733) (-20.985,-7.807) (-0.785,-18.853)      69.5485  33.0874  
5    -60.42419   8.27543 -13.02032  -5.37954 -52.13921 -51.41636     (-46.037,-2.896) (-1.849,-57.519) (-5.380,-49.253)     -12.39288 -35.19659  -9.16515 -15.09981 -20.82281  14.27988     (-13.460,-1.067) (-20.491,-7.363) (-0.820,-17.963)      70.0458  32.1394  
6    -60.07561   8.44136 -13.20888  -5.43582 -51.68022 -51.39541     (-45.960,-3.006) (-1.762,-57.116) (-5.436,-48.629)     -12.04429 -35.03066  -9.35372 -15.15609 -20.36382  14.30082     (-13.446,-1.401) (-19.997,-6.918) (-0.855,-17.072)      70.5586  31.207  
7    -59.72702   8.60728 -13.39745  -5.49211 -51.22123 -51.37447     (-45.882,-3.115) (-1.675,-56.713) (-5.492,-48.005)     -11.69570 -34.86474  -9.54228 -15.21237 -19.90483  14.32177     (-13.431,-1.735) (-19.503,-6.474) (-0.891,-16.181)      71.0867  30.2916  
8    -59.37843   8.77321 -13.58601  -5.54839 -50.76224 -51.35352     (-45.805,-3.225) (-1.588,-56.311) (-5.548,-47.380)     -11.34711 -34.69881  -9.73085 -15.26865 -19.44584  14.34271     (-13.417,-2.070) (-19.008,-6.029) (-0.926,-15.291)      71.5882  29.3951  
9    -59.02984   8.93914 -13.77458  -5.60467 -50.30325 -51.33258     (-45.728,-3.334) (-1.501,-55.908) (-5.605,-46.756)     -10.99852 -34.53288  -9.91942 -15.32494 -18.98685  14.36365     (-13.402,-2.404) (-18.514,-5.584) (-0.961,-14.400)      72.076  28.5194  
10    -58.68125   9.10507 -13.96315  -5.66095 -49.84426 -51.31163     (-45.651,-3.444) (-1.414,-55.505) (-5.661,-46.132)     -10.64993 -34.36695 -10.10798 -15.38122 -18.52786  14.38460     (-13.388,-2.738) (-18.020,-5.140) (-0.997,-13.510)      72.5791  27.6666  
11    -58.33266   9.27100 -14.15171  -5.71723 -49.38527 -51.29069     (-45.573,-3.554) (-1.327,-55.103) (-5.717,-45.508)     -10.30134 -34.20102 -10.29655 -15.43750 -18.06887  14.40554     (-13.374,-3.072) (-17.526,-4.695) (-1.032,-12.619)      73.0972  26.8391  
12    -57.98407   9.43692 -14.34028  -5.77351 -48.92628 -51.26975     (-45.496,-3.663) (-1.240,-54.700) (-5.774,-44.884)      -9.95275 -34.03510 -10.48511 -15.49378 -17.60989  14.42649     (-13.359,-3.406) (-17.031,-4.251) (-1.067,-11.728)      73.6299  26.0395  
13    -57.63548   9.60285 -14.52884  -5.82979 -48.46729 -51.24880     (-45.419,-3.773) (-1.153,-54.297) (-5.830,-44.260)      -9.60416 -33.86917 -10.67368 -15.55006 -17.15090  14.44743     (-13.345,-3.741) (-16.537,-3.806) (-1.103,-10.838)      74.1467  25.2708  
14    -57.28689   9.76878 -14.71741  -5.88607 -48.00830 -51.22786     (-45.342,-3.883) (-1.066,-53.894) (-5.886,-43.635)      -9.25557 -33.70324 -10.86225 -15.60634 -16.69191  14.46838     (-13.330,-4.075) (-16.043,-3.361) (-1.138,-9.947)      74.329  24.5361  
15    -56.93830   9.93471 -14.90598  -5.94235 -47.54931 -51.20691     (-45.265,-3.992) (-0.979,-53.492) (-5.942,-43.011)      -8.90698 -33.53731 -11.05081 -15.66262 -16.23292  14.48932     (-13.316,-4.409) (-15.549,-2.917) (-1.173,-9.057)      74.5216  23.839  
16    -56.58971  10.10064 -15.09454  -5.99863 -47.09032 -51.18597     (-45.187,-4.102) (-0.892,-53.089) (-5.999,-42.387)      -8.55840 -33.37138 -11.23938 -15.71890 -15.77393  14.51026     (-13.302,-4.743) (-15.055,-2.472) (-1.209,-8.166)      74.7211  23.1832  
17    -56.24113  10.26656 -15.28311  -6.05491 -46.63133 -51.16502     (-45.110,-4.212) (-0.805,-52.686) (-6.055,-41.763)      -8.20981 -33.20546 -11.42794 -15.77518 -15.31494  14.53121     (-13.287,-5.077) (-14.560,-2.028) (-1.244,-7.275)      74.9381  22.5727  
18    -55.89254  10.43249 -15.47167  -6.11120 -46.17234 -51.14408     (-45.033,-4.321) (-0.718,-52.284) (-6.111,-41.139)      -7.86122 -33.03953 -11.61651 -15.83146 -14.85595  14.55215     (-13.273,-5.412) (-14.066,-1.583) (-1.279,-6.385)      75.1724  22.0117  
19    -55.54395  10.59842 -15.66024  -6.16748 -45.71335 -51.12314     (-44.956,-4.431) (-0.631,-51.881) (-6.167,-40.515)      -7.51263 -32.87360 -11.80507 -15.88774 -14.39696  14.57310     (-13.258,-5.746) (-13.572,-1.139) (-1.315,-5.494)      75.4238  21.5045  
20    -55.19536  10.76435 -15.84881  -6.22376 -45.25436 -51.10219     (-44.878,-4.541) (-0.544,-51.478) (-6.224,-39.890)      -7.16404 -32.70767 -11.99364 -15.94403 -13.93797  14.59404     (-13.244,-6.080) (-13.078,-0.694) (-1.350,-4.604)      75.6922  21.0353  
21    -54.84677  10.93028 -16.03737  -6.28004 -44.79537 -51.08125     (-44.801,-4.650) (-0.457,-51.075) (-6.280,-39.266)      -6.81545 -32.54174 -12.18221 -16.00031 -13.47898  14.61499     (-13.230,-6.414) (-12.583,-0.249) (-1.385,-3.713)      75.9775  20.5887  
22    -54.49818  11.09620 -16.22594  -6.33632 -44.33638 -51.06030     (-44.724,-4.760) (-0.370,-50.673) (-6.336,-38.642)      -6.46686 -32.37582 -12.37077 -16.05659 -13.01999  14.63593     (-1.225,-6.553) (-12.285,-0.195) (-13.020,-2.627)      76.369  20.1041  
23    -54.14959  11.26213 -16.41450  -6.39260 -43.87739 -51.03936     (-44.647,-4.870) (-0.283,-50.270) (-6.393,-38.018)      -6.11827 -32.20989 -12.55934 -16.11287 -12.56100  14.65687     (-0.816,-6.443) (-12.235,-0.640) (-12.561,-1.292)      76.8996  19.5919  
24    -53.80100  11.42806 -16.60307  -6.44888 -43.41840 -51.01841     (-44.570,-4.979) (-0.196,-49.867) (-6.449,-37.394)      -5.76968 -32.04396 -12.74790 -16.16915 -12.10201  14.67782     (-12.142,-6.289) (-0.364,-1.041) (-12.145,-0.043)      77.4192  19.1791  
25    -53.45241  11.59399 -16.79164  -6.50516 -42.95941 -50.99747     (-44.492,-5.089) (-0.109,-49.465) (-6.505,-36.770)      -5.42109 -31.87803 -12.93647 -16.22543 -11.64302  14.69876     (-0.002,-3.465) (-1.378,-11.638) (-1.529,-9.374)      79.4513  16.1265  
26    -53.10382  11.75991 -16.98020  -6.56144 -42.50042 -50.97653     (-44.415,-5.198) (-0.022,-49.062) (-6.561,-36.145)      -5.07251 -31.71211 -13.12504 -16.28171 -11.18403  14.71971     (-0.412,-0.684) (-2.714,-10.361) (-1.974,-5.835)      81.9355  12.8282  
27    -52.75523  11.92584 -17.16877  -6.61772 -42.04143 -50.95558     (-35.456,-5.243) (-0.065,-48.724) (-6.553,-44.273)      -4.72392 -31.54618 -13.31360 -16.33799 -10.72504  14.74065     (-2.097,-2.918) (-6.987,-0.322) (-1.952,-0.200)      85.3212  8.52714  
28    -52.40665  12.09177 -17.35733  -6.67401 -41.58244 -50.93464                             -4.37533 -31.38025 -13.50217 -16.39427 -10.26605  14.76160     invalid  
29    -52.05806  12.25770 -17.54590  -6.73029 -41.12345 -50.91369                             -4.02674 -31.21432 -13.69073 -16.45055  -9.80706  14.78254     invalid  
30    -51.70947  12.42363 -17.73446  -6.78657 -40.66446 -50.89275                             -3.67815 -31.04839 -13.87930 -16.50683  -9.34807  14.80349     invalid  
31    -51.36088  12.58955 -17.92303  -6.84285 -40.20547 -50.87180                             -3.32956 -30.88247 -14.06787 -16.56312  -8.88908  14.82443     invalid  
32    -51.01229  12.75548 -18.11160  -6.89913 -39.74648 -50.85086                             -2.98097 -30.71654 -14.25643 -16.61940  -8.43009  14.84537     invalid  
33    -50.66370  12.92141 -18.30016  -6.95541 -39.28749 -50.82991                             -2.63238 -30.55061 -14.44500 -16.67568  -7.97110  14.86632     invalid  
34    -50.31511  13.08734 -18.48873  -7.01169 -38.82850 -50.80897                             -2.28379 -30.38468 -14.63356 -16.73196  -7.51211  14.88726     invalid  
35    -49.96652  13.25327 -18.67729  -7.06797 -38.36951 -50.78803                             -1.93520 -30.21875 -14.82213 -16.78824  -7.05312  14.90821     invalid  
36    -49.61793  13.41919 -18.86586  -7.12425 -37.91052 -50.76708                             -1.58661 -30.05283 -15.01070 -16.84452  -6.59413  14.92915     invalid  
37    -49.26934  13.58512 -19.05443  -7.18053 -37.45153 -50.74614                             -1.23803 -29.88690 -15.19926 -16.90080  -6.13514  14.95010     invalid  
38    -48.92076  13.75105 -19.24299  -7.23681 -36.99254 -50.72519                             -0.88944 -29.72097 -15.38783 -16.95708  -5.67615  14.97104     invalid  
39    -48.57217  13.91698 -19.43156  -7.29310 -36.53355 -50.70425                             -0.54085 -29.55504 -15.57639 -17.01336  -5.21716  14.99198     invalid  
40    -48.22358  14.08291 -19.62012  -7.34938 -36.07456 -50.68330                             -0.19226 -29.38911 -15.76496 -17.06964  -4.75817  15.01293     invalid  
41    -47.87499  14.24883 -19.80869  -7.40566 -35.61557 -50.66236                              0.15633 -29.22319 -15.95353 -17.12592  -4.29918  15.03387     invalid  
42    -47.52640  14.41476 -19.99726  -7.46194 -35.15658 -50.64142                              0.50492 -29.05726 -16.14209 -17.18221  -3.84019  15.05482     invalid  
43    -47.17781  14.58069 -20.18582  -7.51822 -34.69759 -50.62047                              0.85351 -28.89133 -16.33066 -17.23849  -3.38120  15.07576     invalid  
44    -46.82922  14.74662 -20.37439  -7.57450 -34.23860 -50.59953                              1.20210 -28.72540 -16.51922 -17.29477  -2.92221  15.09671     invalid  
45    -46.48063  14.91255 -20.56295  -7.63078 -33.77961 -50.57858                              1.55069 -28.55947 -16.70779 -17.35105  -2.46322  15.11765     invalid  
46    -46.13204  15.07847 -20.75152  -7.68706 -33.32062 -50.55764                              1.89928 -28.39355 -16.89635 -17.40733  -2.00423  15.13859     invalid  
47    -45.78345  15.24440 -20.94009  -7.74334 -32.86163 -50.53669                              2.24787 -28.22762 -17.08492 -17.46361  -1.54524  15.15954     invalid  
48    -45.43486  15.41033 -21.12865  -7.79962 -32.40264 -50.51575                              2.59645 -28.06169 -17.27349 -17.51989  -1.08625  15.18048     invalid  
49    -45.08628  15.57626 -21.31722  -7.85590 -31.94365 -50.49481                              2.94504 -27.89576 -17.46205 -17.57617  -0.62726  15.20143     invalid  
50    -44.73769  15.74219 -21.50578  -7.91219 -31.48466 -50.47386                              3.29363 -27.72983 -17.65062 -17.63245  -0.16827  15.22237     invalid  
51    -44.38910  15.90811 -21.69435  -7.96847 -31.02567 -50.45292                              3.64222 -27.56391 -17.83918 -17.68873   0.29072  15.24332     invalid  
52    -44.04051  16.07404 -21.88291  -8.02475 -30.56668 -50.43197                              3.99081 -27.39798 -18.02775 -17.74502   0.74971  15.26426     invalid  
53    -43.69192  16.23997 -22.07148  -8.08103 -30.10769 -50.41103                              4.33940 -27.23205 -18.21632 -17.80130   1.20870  15.28520     invalid  
54    -43.34333  16.40590 -22.26005  -8.13731 -29.64870 -50.39008                              4.68799 -27.06612 -18.40488 -17.85758   1.66769  15.30615     invalid  
55    -42.99474  16.57183 -22.44861  -8.19359 -29.18971 -50.36914                              5.03658 -26.90019 -18.59345 -17.91386   2.12668  15.32709     invalid  
56    -42.64615  16.73775 -22.63718  -8.24987 -28.73072 -50.34820                              5.38517 -26.73427 -18.78201 -17.97014   2.58567  15.34804     invalid  
57    -42.29756  16.90368 -22.82574  -8.30615 -28.27173 -50.32725                              5.73376 -26.56834 -18.97058 -18.02642   3.04466  15.36898     invalid  
58    -41.94897  17.06961 -23.01431  -8.36243 -27.81274 -50.30631                              6.08234 -26.40241 -19.15915 -18.08270   3.50365  15.38993     invalid  
59    -41.60038  17.23554 -23.20288  -8.41871 -27.35375 -50.28536                              6.43093 -26.23648 -19.34771 -18.13898   3.96264  15.41087     invalid  
60    -41.25180  17.40147 -23.39144  -8.47499 -26.89476 -50.26442                              6.77952 -26.07055 -19.53628 -18.19526   4.42163  15.43181     invalid  
61    -40.90321  17.56739 -23.58001  -8.53128 -26.43577 -50.24347                              7.12811 -25.90463 -19.72484 -18.25154   4.88062  15.45276     invalid  
62    -40.55462  17.73332 -23.76857  -8.58756 -25.97678 -50.22253                              7.47670 -25.73870 -19.91341 -18.30782   5.33961  15.47370     invalid  
63    -40.20603  17.89925 -23.95714  -8.64384 -25.51779 -50.20158                              7.82529 -25.57277 -20.10198 -18.36411   5.79860  15.49465     invalid  
64    -39.85744  18.06518 -24.14571  -8.70012 -25.05881 -50.18064                              8.17388 -25.40684 -20.29054 -18.42039   6.25759  15.51559     invalid  
65    -39.50885  18.23110 -24.33427  -8.75640 -24.59982 -50.15970                              8.52247 -25.24092 -20.47911 -18.47667   6.71658  15.53654     invalid  
66    -39.16026  18.39703 -24.52284  -8.81268 -24.14083 -50.13875                              8.87106 -25.07499 -20.66767 -18.53295   7.17557  15.55748     invalid  
67    -38.81167  18.56296 -24.71140  -8.86896 -23.68184 -50.11781                              9.21965 -24.90906 -20.85624 -18.58923   7.63456  15.57843     invalid  
68    -38.46308  18.72889 -24.89997  -8.92524 -23.22285 -50.09686                              9.56824 -24.74313 -21.04480 -18.64551   8.09355  15.59937     invalid  
69    -38.11449  18.89482 -25.08854  -8.98152 -22.76386 -50.07592                              9.91682 -24.57720 -21.23337 -18.70179   8.55254  15.62031     invalid  
70    -37.76591  19.06074 -25.27710  -9.03780 -22.30487 -50.05497                             10.26541 -24.41128 -21.42194 -18.75807   9.01153  15.64126     invalid  
71    -37.41732  19.22667 -25.46567  -9.09408 -21.84588 -50.03403                             10.61400 -24.24535 -21.61050 -18.81435   9.47052  15.66220     invalid  
72    -37.06873  19.39260 -25.65423  -9.15037 -21.38689 -50.01309                             10.96259 -24.07942 -21.79907 -18.87063   9.92951  15.68315     invalid  
73    -36.72014  19.55853 -25.84280  -9.20665 -20.92790 -49.99214                             11.31118 -23.91349 -21.98763 -18.92691  10.38850  15.70409     invalid  
74    -36.37155  19.72446 -26.03136  -9.26293 -20.46891 -49.97120                             11.65977 -23.74756 -22.17620 -18.98320  10.84749  15.72504     invalid  
75    -36.02296  19.89038 -26.21993  -9.31921 -20.00992 -49.95025                             12.00836 -23.58164 -22.36477 -19.03948  11.30648  15.74598     invalid  
76    -35.67437  20.05631 -26.40850  -9.37549 -19.55093 -49.92931                             12.35695 -23.41571 -22.55333 -19.09576  11.76547  15.76692     invalid  
77    -35.32578  20.22224 -26.59706  -9.43177 -19.09194 -49.90836                             12.70554 -23.24978 -22.74190 -19.15204  12.22446  15.78787     invalid  
78    -34.97719  20.38817 -26.78563  -9.48805 -18.63295 -49.88742                             13.05413 -23.08385 -22.93046 -19.20832  12.68345  15.80881     invalid  
79    -34.62860  20.55410 -26.97419  -9.54433 -18.17396 -49.86648                             13.40272 -22.91792 -23.11903 -19.26460  13.14244  15.82976     invalid  
80    -34.28001  20.72002 -27.16276  -9.60061 -17.71497 -49.84553                             13.75130 -22.75200 -23.30760 -19.32088  13.60143  15.85070     invalid  
81    -33.93143  20.88595 -27.35133  -9.65689 -17.25598 -49.82459                             14.09989 -22.58607 -23.49616 -19.37716  14.06042  15.87165     invalid  
82    -33.58284  21.05188 -27.53989  -9.71318 -16.79699 -49.80364                             14.44848 -22.42014 -23.68473 -19.43344  14.51941  15.89259     invalid  
83    -33.23425  21.21781 -27.72846  -9.76946 -16.33800 -49.78270                             14.79707 -22.25421 -23.87329 -19.48972  14.97840  15.91353     invalid  
84    -32.88566  21.38374 -27.91702  -9.82574 -15.87901 -49.76175                             15.14566 -22.08828 -24.06186 -19.54600  15.43739  15.93448     invalid  
85    -32.53707  21.54966 -28.10559  -9.88202 -15.42002 -49.74081                             15.49425 -21.92236 -24.25043 -19.60229  15.89638  15.95542     invalid  
86    -32.18848  21.71559 -28.29416  -9.93830 -14.96103 -49.71987                             15.84284 -21.75643 -24.43899 -19.65857  16.35537  15.97637     invalid  
87    -31.83989  21.88152 -28.48272  -9.99458 -14.50204 -49.69892                             16.19143 -21.59050 -24.62756 -19.71485  16.81436  15.99731     invalid  
88    -31.49130  22.04745 -28.67129 -10.05086 -14.04305 -49.67798                             16.54002 -21.42457 -24.81612 -19.77113  17.27335  16.01826     invalid  
89    -31.14271  22.21338 -28.85985 -10.10714 -13.58406 -49.65703                             16.88861 -21.25864 -25.00469 -19.82741  17.73234  16.03920     invalid  
90    -30.79412  22.37930 -29.04842 -10.16342 -13.12507 -49.63609                             17.23719 -21.09272 -25.19325 -19.88369  18.19133  16.06014     invalid  
91    -30.44553  22.54523 -29.23699 -10.21970 -12.66608 -49.61514                             17.58578 -20.92679 -25.38182 -19.93997  18.65032  16.08109     invalid  
92    -30.09695  22.71116 -29.42555 -10.27598 -12.20709 -49.59420                             17.93437 -20.76086 -25.57039 -19.99625  19.10931  16.10203     invalid  
93    -29.74836  22.87709 -29.61412 -10.33227 -11.74810 -49.57325                             18.28296 -20.59493 -25.75895 -20.05253  19.56830  16.12298     invalid  
94    -29.39977  23.04302 -29.80268 -10.38855 -11.28911 -49.55231                             18.63155 -20.42900 -25.94752 -20.10881  20.02729  16.14392     invalid  
95    -29.05118  23.20894 -29.99125 -10.44483 -10.83012 -49.53137                             18.98014 -20.26308 -26.13608 -20.16510  20.48628  16.16487     invalid  
96    -28.70259  23.37487 -30.17981 -10.50111 -10.37113 -49.51042                             19.32873 -20.09715 -26.32465 -20.22138  20.94527  16.18581     invalid  
97    -28.35400  23.54080 -30.36838 -10.55739  -9.91214 -49.48948                             19.67732 -19.93122 -26.51322 -20.27766  21.40426  16.20676     invalid  
98    -28.00541  23.70673 -30.55695 -10.61367  -9.45315 -49.46853                             20.02591 -19.76529 -26.70178 -20.33394  21.86325  16.22770     invalid  
99    -27.65682  23.87265 -30.74551 -10.66995  -8.99416 -49.44759                             20.37450 -19.59937 -26.89035 -20.39022  22.32224  16.24864     invalid  
