PointDistanceFollower  May 27 2018  mode = LINE3
Fol_2018-05-27.13_23_09.0_1.txt     Output is S6 probe cell, C3 reduced cell, S6Dist NCDist D7Dist CS6Dist distance between
0     10.72398 -51.60140 -48.80086   2.21277  -3.23414  -8.49819     (-3.234,-33.388) (-1.021,-30.587) (-7.490,-5.264)       7.20607 -51.30006  -2.03185 -17.31010 -56.07582 -15.94770     (-43.696,-19.342) (-49.268,-5.174) (-2.032,-3.567)      26.8647  32.5278  71.0535  27.6517  
1     10.41131 -51.07125 -48.47033   1.99391  -3.13242  -8.50089     (-3.132,-33.381) (-1.139,-30.780) (-7.279,-5.368)       6.89339 -50.76991  -1.70132 -17.52896 -55.97410 -15.95041     (-43.889,-19.230) (-49.069,-5.192) (-1.701,-3.865)      26.8218  32.7566  70.8462  27.5785  
2     10.09863 -50.54109 -48.13980   1.77505  -3.03070  -8.50360     (-3.031,-33.375) (-1.256,-30.973) (-7.068,-5.473)       6.58071 -50.23976  -1.37079 -17.74782 -55.87237 -15.95311     (-44.082,-19.119) (-48.869,-5.210) (-1.371,-4.162)      26.7895  32.9961  70.6476  27.5156  
3      9.78596 -50.01094 -47.80928   1.55619  -2.92898  -8.50631     (-2.929,-33.368) (-1.373,-31.166) (-6.857,-5.577)       6.26804 -49.70960  -1.04027 -17.96668 -55.77065 -15.95582     (-44.275,-19.007) (-48.669,-5.228) (-1.040,-4.460)      26.7679  33.2564  70.4578  27.4631  
4      9.47328 -49.48078 -47.47875   1.33733  -2.82726  -8.50902     (-2.827,-33.361) (-1.490,-31.359) (-6.646,-5.682)       5.95536 -49.17945  -0.70974 -18.18554 -55.66893 -15.95853     (-44.468,-18.895) (-48.470,-5.246) (-0.710,-4.758)      26.7571  33.5416  70.2768  27.4209  
5      9.16061 -48.95063 -47.14822   1.11847  -2.72553  -8.51172     (-2.726,-33.355) (-1.607,-31.553) (-6.435,-5.786)       5.64269 -48.64930  -0.37921 -18.40440 -55.56721 -15.96124     (-44.661,-18.784) (-48.270,-5.263) (-0.379,-5.055)      26.757  33.8511  70.1048  27.3892  
6      8.84793 -48.42048 -46.81769   0.89961  -2.62381  -8.51443     (-2.624,-33.348) (-1.724,-31.746) (-6.224,-5.891)       5.33001 -48.11914  -0.04868 -18.62326 -55.46549 -15.96394     (-44.854,-18.672) (-48.070,-5.281) (-0.049,-5.353)      26.7676  34.1841  69.9419  27.3679  
7      8.53525 -47.89032 -46.48716   0.68075  -2.52209  -8.51714     (-2.522,-33.342) (-1.841,-31.939) (-6.013,-5.995)       5.01734 -47.58899   0.28185 -18.84212 -55.36376 -15.96665     (-44.765,-47.589) (-18.278,-5.017) (-0.282,-5.932)      26.8638  34.54  69.3193  46.057     glitch
8      8.22258 -47.36017 -46.15664   0.46189  -2.42037  -8.51985     (-2.420,-33.335) (-1.958,-32.132) (-5.802,-6.099)       4.70466 -47.05884   0.61237 -19.06098 -55.26204 -15.96936     (-44.628,-47.059) (-17.836,-4.705) (-0.612,-6.560)      26.3017  34.9182  68.5028  45.8149  
9      7.90990 -46.83002 -45.82611   0.24303  -2.31865  -8.52256     (-2.319,-33.329) (-2.076,-32.325) (-5.591,-6.204)       4.39199 -46.52868   0.94290 -19.27984 -55.16032 -15.97207     (-44.491,-46.529) (-17.394,-4.392) (-0.943,-7.188)      25.7699  35.3178  67.7136  45.5956  
10      7.59723 -46.29986 -45.49558   0.02417  -2.21692  -8.52526     (-2.217,-33.322) (-2.193,-32.518) (-5.380,-6.308)       4.07931 -45.99853   1.27343 -19.49870 -55.05860 -15.97477     (-44.353,-45.999) (-16.952,-4.079) (-1.273,-7.816)      25.2704  35.7381  66.9527  45.3994  
11      7.28455 -45.76971 -45.16505  -0.19468  -2.11520  -8.52797     (-2.115,-33.316) (-2.310,-32.711) (-5.169,-6.413)       3.76663 -45.46837   1.60396 -19.71756 -54.95688 -15.97748     (-44.216,-45.468) (-16.510,-3.767) (-1.604,-8.444)      24.805  36.1785  66.2212  45.2266  
12      6.97188 -45.23955 -44.83453  -0.41354  -2.01348  -8.53068     (-2.013,-33.309) (-2.427,-32.904) (-4.958,-6.517)       3.45396 -44.93822   1.93449 -19.93642 -54.85515 -15.98019     (-44.078,-44.938) (-16.067,-3.454) (-1.934,-9.072)      24.3238  36.6381  65.5201  45.0776  
13      6.65920 -44.70940 -44.50400  -0.63240  -1.91176  -8.53339     (-1.912,-33.303) (-2.544,-33.097) (-4.747,-6.622)       3.14128 -44.40807   2.26501 -20.15528 -54.75343 -15.98290     (-43.941,-44.408) (-15.625,-3.141) (-2.265,-9.700)      23.7934  37.1163  64.8506  44.9524  
14      6.34653 -44.17925 -44.17347  -0.85126  -1.81004  -8.53609     (-1.810,-33.296) (-2.661,-33.290) (-4.536,-6.726)       2.82861 -43.87791   2.59554 -20.37414 -54.65171 -15.98561     (-43.803,-43.878) (-15.183,-2.829) (-2.596,-10.328)      23.2981  37.6124  64.0427  44.8513  
15      6.03385 -43.64909 -43.84294  -1.07012  -1.70831  -8.53880     (-1.708,-33.290) (-2.778,-33.484) (-4.326,-6.830)       2.51593 -43.34776   2.92607 -20.59300 -54.54999 -15.98831     (-43.666,-43.348) (-14.741,-2.516) (-2.926,-10.956)      22.8401  38.1255  63.0128  44.7745  
16      5.72117 -43.11894 -43.51241  -1.28898  -1.60659  -8.54151     (-1.607,-33.283) (-2.896,-33.677) (-4.115,-6.935)       2.20326 -42.81761   3.25660 -20.81186 -54.44826 -15.99102     (-43.529,-42.818) (-14.299,-2.203) (-3.257,-11.585)      22.4217  38.6552  62.0063  44.6572  
17      5.40850 -42.58879 -43.18189  -1.50784  -1.50487  -8.54422     (-1.505,-33.277) (-3.013,-33.870) (-3.904,-7.039)       1.89058 -42.28745   3.58712 -21.03072 -54.34654 -15.99373     (-43.391,-42.287) (-13.856,-1.891) (-3.587,-12.213)      22.0451  38.8783  61.0243  44.3781  
18      5.09582 -42.05863 -42.85136  -1.72670  -1.40315  -8.54693     (-1.403,-33.270) (-3.130,-34.063) (-3.693,-7.144)       1.57791 -41.75730   3.91765 -21.24958 -54.24482 -15.99644     (-43.254,-41.757) (-13.414,-1.578) (-3.918,-12.841)      21.7126  39.1019  60.0678  44.122  
19      4.78315 -41.52848 -42.52083  -1.94556  -1.30143  -8.54963     (-1.301,-33.264) (-3.247,-34.256) (-3.482,-7.248)       1.26523 -41.22714   4.24818 -21.46844 -54.14310 -15.99914     (-43.116,-41.227) (-12.972,-1.265) (-4.248,-13.469)      21.4262  39.3483  59.1378  43.8895  
20      4.47047 -40.99832 -42.19030  -2.16442  -1.19970  -8.55234     (-1.200,-33.257) (-3.364,-34.449) (-3.271,-7.353)       0.95255 -40.69699   4.57871 -21.68730 -54.04138 -16.00185     (-42.979,-40.697) (-12.530,-0.953) (-4.579,-14.097)      21.1878  39.6171  58.2354  43.3079  
21      4.15780 -40.46817 -41.85977  -2.38328  -1.09798  -8.55505     (-1.098,-33.251) (-3.481,-34.642) (-3.060,-7.457)       0.63988 -40.16684   4.90924 -21.90616 -53.93965 -16.00456     (-42.841,-40.167) (-12.088,-0.640) (-4.909,-14.725)      20.9989  39.7841  57.3618  42.5865  
22      3.84512 -39.93802 -41.52925  -2.60214  -0.99626  -8.55776     (-0.996,-33.244) (-3.598,-34.835) (-2.849,-7.561)       0.32720 -39.63668   5.23976 -22.12502 -53.83793 -16.00727     (-42.704,-39.637) (-11.645,-0.327) (-5.240,-15.353)      20.8609  39.7866  56.5181  41.8789  
23      3.53244 -39.40786 -41.19872  -2.82100  -0.89454  -8.56046     (-0.895,-33.238) (-3.716,-35.028) (-2.638,-7.666)       0.01453 -39.10653   5.57029 -22.34388 -53.73621 -16.00998     (-42.567,-39.107) (-11.203,-0.015) (-5.570,-15.981)      20.775  39.8083  55.7055  41.1858  
24      3.21977 -38.87771 -40.86819  -3.03986  -0.79282  -8.56317     (-0.793,-33.231) (-3.833,-35.221) (-2.427,-7.770)      -0.29815 -38.57638   5.90082 -22.56274 -53.63449 -16.01268     (-5.603,-38.278) (-11.059,-0.298) (-42.131,-16.311)      20.3198  39.8487  54.4414  20.3198     glitch
25      2.90709 -38.34756 -40.53766  -3.25872  -0.69109  -8.56588     (-0.691,-33.224) (-3.950,-35.415) (-2.216,-7.875)      -0.61082 -38.04622   6.23135 -22.78159 -53.53277 -16.01539     (-5.621,-37.435) (-10.930,-0.611) (-41.681,-16.626)      19.8856  40.2069  53.1876  19.8897  
26      2.59442 -37.81740 -40.20714  -3.47758  -0.58937  -8.56859     (-0.589,-33.218) (-4.067,-35.608) (-2.005,-7.979)      -0.92350 -37.51607   6.56188 -23.00045 -53.43104 -16.01810     (-5.638,-36.593) (-10.800,-0.923) (-41.231,-16.942)      19.4592  39.9264  51.9701  19.5079  
27      2.28174 -37.28725 -39.87661  -3.69644  -0.48765  -8.57129     (-0.488,-33.211) (-4.184,-35.801) (-1.794,-8.084)      -1.23618 -36.98591   6.89240 -23.21931 -53.32932 -16.02081     (-5.656,-35.750) (-10.671,-1.236) (-40.781,-17.257)      19.0825  39.6681  50.7917  19.1774  
28      1.96907 -36.75710 -39.54608  -3.91530  -0.38593  -8.57400     (-0.386,-33.205) (-4.301,-35.994) (-1.583,-8.188)      -1.54885 -36.45576   7.22293 -23.43817 -53.22760 -16.02351     (-5.674,-34.907) (-10.541,-1.549) (-40.331,-17.572)      18.7584  39.4327  49.655  18.9009  
29      1.65639 -36.22694 -39.21555  -4.13416  -0.28421  -8.57671     (-0.284,-33.198) (-4.418,-36.187) (-1.372,-8.293)      -1.86153 -35.92561   7.55346 -23.65703 -53.12588 -16.02622     (-5.692,-34.064) (-10.412,-1.862) (-39.880,-17.888)      18.4897  39.2204  48.5629  18.6806  
30      1.34372 -35.69679 -38.88502  -4.35302  -0.18248  -8.57942     (-0.182,-33.192) (-4.536,-36.380) (-1.161,-8.397)      -2.17420 -35.39545   7.88399 -23.87589 -53.02416 -16.02893     (-5.710,-33.221) (-10.282,-2.174) (-39.430,-18.203)      18.2788  39.0318  47.5186  18.5187  
31      1.03104 -35.16663 -38.55450  -4.57188  -0.08076  -8.58213     (-0.081,-33.185) (-4.653,-36.573) (-0.950,-8.501)      -2.48688 -34.86530   8.21451 -24.09475 -52.92243 -16.03164     (-5.728,-32.378) (-10.153,-2.487) (-38.980,-18.519)      18.1277  38.8671  46.5253  18.4167  
32      0.71836 -34.63648 -38.22397  -4.79074   0.02096  -8.58483     (-0.021,-33.200) (-4.749,-0.718) (-36.745,-8.585)      -2.79955 -34.33515   8.54504 -24.31361 -52.82071 -16.03435     (-5.745,-31.536) (-10.023,-2.800) (-38.530,-18.834)      18.0379  38.7266  45.5863  18.3756  
33      0.40569 -34.10633 -37.89344  -5.00960   0.12268  -8.58754     (-0.123,-33.295) (-4.764,-0.406) (-36.837,-8.588)      -3.11223 -33.80499   8.87557 -24.53247 -52.71899 -16.03705     (-5.763,-30.693) (-9.894,-3.112) (-38.080,-19.149)      18.0104  38.6107  44.705  18.3958  
34      0.09301 -33.57617 -37.56291  -5.22846   0.22440  -8.59025     (-0.224,-33.390) (-4.780,-0.093) (-36.928,-8.590)      -3.42490 -33.27484   9.20610 -24.75133 -52.61727 -16.03976     (-5.781,-29.850) (-9.764,-3.425) (-37.630,-19.465)      18.0454  38.5195  43.8849  18.477  
35     -0.21966 -33.04602 -37.23238  -5.44732   0.32613  -8.59296     (-36.800,-33.266) (-5.015,-0.220) (-0.106,-8.373)      -3.73758 -32.74468   9.53663 -24.97019 -52.51555 -16.04247     (-5.799,-29.007) (-9.635,-3.738) (-37.180,-19.780)      18.1426  38.4532  43.1295  18.6186  
36     -0.53234 -32.51587 -36.90186  -5.66618   0.42785  -8.59566     (-36.474,-5.238) (-32.944,-0.428) (-0.104,-8.168)      -4.05026 -32.21453   9.86715 -25.18905 -52.41382 -16.04518     (-5.817,-28.164) (-9.505,-4.050) (-36.730,-20.095)      18.301  38.412  42.4422  18.819  
37     -0.84501 -31.98571 -36.57133  -5.88504   0.52957  -8.59837     (-36.042,-5.355) (-32.515,-0.530) (-0.315,-8.069)      -4.36293 -31.68438  10.19768 -25.40791 -52.31210 -16.04788     (-5.835,-27.321) (-9.375,-4.363) (-36.280,-20.411)      18.519  38.2765  41.8264  19.0766  
38     -1.15769 -31.45556 -36.24080  -6.10390   0.63129  -8.60108     (-35.610,-5.473) (-32.087,-0.631) (-0.526,-7.970)      -4.67561 -31.15422  10.52821 -25.62677 -52.21038 -16.05059     (-5.853,-26.479) (-9.246,-4.676) (-35.830,-20.726)      18.7945  37.9908  41.2854  19.3889  
39     -1.47036 -30.92540 -35.91027  -6.32276   0.73301  -8.60379     (-35.177,-5.590) (-31.658,-0.733) (-0.737,-7.871)      -4.98828 -30.62407  10.85874 -25.84563 -52.10866 -16.05330     (-5.870,-25.636) (-9.116,-4.988) (-35.379,-21.042)      19.1251  38.021  40.822  19.7535  
40     -1.78304 -30.39525 -35.57975  -6.54162   0.83474  -8.60650     (-34.745,-5.707) (-31.230,-0.835) (-0.948,-7.772)      -5.30096 -30.09392  11.18926 -26.06449 -52.00694 -16.05601     (-5.888,-24.793) (-8.987,-5.301) (-34.929,-21.357)      19.5079  37.951  40.439  20.1674  
41     -2.09572 -29.86510 -35.24922  -6.76048   0.93646  -8.60920     (-34.313,-5.824) (-30.802,-0.936) (-1.159,-7.673)      -5.61363 -29.56376  11.51979 -26.28335 -51.90521 -16.05872     (-5.906,-23.950) (-8.857,-5.614) (-34.479,-21.672)      19.94  37.8655  40.1386  20.6277  
42     -2.40839 -29.33494 -34.91869  -6.97934   1.03818  -8.61191     (-33.881,-5.941) (-30.373,-1.038) (-1.370,-7.574)      -5.92631 -29.03361  11.85032 -26.50221 -51.80349 -16.06142     (-5.924,-23.107) (-8.728,-5.926) (-34.029,-21.988)      20.4182  37.8038  39.9227  21.1313  
43     -2.72107 -28.80479 -34.58816  -7.19820   1.13990  -8.61462     (-33.448,-6.058) (-29.945,-1.140) (-1.581,-7.475)      -6.23898 -28.50346  12.18085 -26.72107 -51.70177 -16.06413     (-5.942,-22.264) (-8.598,-6.239) (-33.579,-22.303)      20.9394  37.7662  39.7927  21.6754  
44     -3.03374 -28.27464 -34.25763  -7.41706   1.24162  -8.61733     (-33.016,-6.175) (-29.516,-1.242) (-1.792,-7.376)      -6.55166 -27.97330  12.51138 -26.93993 -51.60005 -16.06684     (-5.960,-21.422) (-8.469,-6.552) (-33.129,-22.618)      21.5004  37.7526  39.7495  22.2567  
45     -3.34642 -27.74448 -33.92711  -7.63592   1.34335  -8.62003     (-32.584,-6.293) (-29.088,-1.343) (-2.003,-7.277)      -6.86434 -27.44315  12.84190 -27.15879 -51.49833 -16.06955     (-5.978,-20.579) (-8.339,-6.864) (-32.679,-22.934)      22.0982  37.7631  39.7531  22.8727  
46     -3.65909 -27.21433 -33.59658  -7.85478   1.44507  -8.62274     (-32.152,-6.410) (-28.659,-1.445) (-2.214,-7.178)      -7.17701 -26.91299  13.17243 -27.37765 -51.39660 -16.07225     (-5.995,-19.736) (-8.210,-7.177) (-32.229,-23.249)      22.5638  37.7977  39.8486  23.5204  
47     -3.97177 -26.68417 -33.26605  -8.07364   1.54679  -8.62545     (-31.719,-6.527) (-28.231,-1.547) (-2.425,-7.079)      -7.48969 -26.38284  13.50296 -27.59651 -51.29488 -16.07496     (-6.013,-18.893) (-8.080,-7.490) (-31.779,-23.565)      22.0298  37.8564  40.036  24.1974  
48     -4.28445 -26.15402 -32.93552  -8.29250   1.64851  -8.62816     (-31.287,-6.644) (-27.803,-1.649) (-2.636,-6.980)      -7.80236 -25.85269  13.83349 -27.81537 -51.19316 -16.07767     (-6.031,-18.050) (-7.951,-7.802) (-31.329,-23.880)      21.535  37.9389  39.5999  24.9013  
49     -4.59712 -25.62387 -32.60500  -8.51136   1.75024  -8.63087     (-30.855,-6.761) (-27.374,-1.750) (-2.847,-6.881)      -8.11504 -25.32253  14.16402 -28.03423 -51.09144 -16.08038     (-6.049,-17.207) (-7.821,-8.115) (-30.878,-24.195)      21.0821  38.0451  38.4408  25.6299  
50     -4.90980 -25.09371 -32.27447  -8.73022   1.85196  -8.63357     (-30.423,-6.878) (-26.946,-1.852) (-3.058,-6.782)      -8.42771 -24.79238  14.49454 -28.25309 -50.98972 -16.08308     (-6.067,-16.365) (-7.692,-8.428) (-30.428,-24.511)      20.6739  38.1749  37.3685  26.381  
51     -5.22247 -24.56356 -31.94394  -8.94908   1.95368  -8.63628     (-29.990,-6.995) (-26.517,-1.954) (-3.269,-6.683)      -8.74039 -24.26223  14.82507 -28.47195 -50.88799 -16.08579     (-6.085,-15.522) (-7.562,-8.740) (-29.978,-24.826)      20.313  38.4676  36.3959  27.1529  
52     -5.53515 -24.03341 -31.61341  -9.16794   2.05540  -8.63899     (-29.558,-7.113) (-26.089,-2.055) (-3.480,-6.584)      -9.05307 -23.73207  15.15560 -28.69081 -50.78627 -16.08850     (-6.103,-14.679) (-7.433,-9.053) (-29.528,-25.142)      20.002  38.8447  35.5379  27.9439  
53     -5.84782 -23.50325 -31.28288  -9.38679   2.15712  -8.64170     (-29.126,-7.230) (-25.660,-2.157) (-3.691,-6.485)      -9.36574 -23.20192  15.48613 -28.90967 -50.68455 -16.09121     (-6.120,-13.836) (-7.303,-9.366) (-29.078,-25.457)      19.7432  39.1767  34.8104  28.7523  
54     -6.16050 -22.97310 -30.95236  -9.60565   2.25885  -8.64440     (-28.694,-7.347) (-25.232,-2.259) (-3.902,-6.386)      -9.67842 -22.67176  15.81665 -29.12853 -50.58283 -16.09392     (-6.138,-12.993) (-7.174,-9.678) (-28.628,-25.772)      19.5388  39.4015  34.2303  29.5767  
55     -6.47317 -22.44294 -30.62183  -9.82451   2.36057  -8.64711     (-28.261,-7.464) (-24.804,-2.361) (-4.113,-6.287)      -9.99109 -22.14161  16.14718 -29.34739 -50.48111 -16.09662     (-6.156,-12.151) (-7.044,-9.991) (-28.178,-26.088)      19.3561  39.6483  33.7027  30.4158  
56     -6.78585 -21.91279 -30.29130 -10.04337   2.46229  -8.64982     (-27.829,-7.581) (-24.375,-2.462) (-4.324,-6.188)     -10.30377 -21.61146  16.47771 -29.56625 -50.37938 -16.09933     (-6.174,-11.308) (-6.915,-10.304) (-27.728,-26.403)      19.1022  39.9165  33.2189  31.2685  
57     -7.09853 -21.38264 -29.96077 -10.26223   2.56401  -8.65253     (-27.397,-7.698) (-23.947,-2.564) (-4.535,-6.089)     -10.61644 -21.08130  16.80824 -29.78511 -50.27766 -16.10204     (-6.192,-10.465) (-6.785,-10.616) (-27.278,-26.718)      18.9046  40.2059  31.8754  32.103  
58     -7.41120 -20.85248 -29.63024 -10.48109   2.66573  -8.65524     (-26.965,-7.815) (-23.518,-2.666) (-4.745,-5.990)     -10.92912 -20.55115  17.13877 -30.00397 -50.17594 -16.10475     (-6.210,-9.622) (-6.656,-10.929) (-26.828,-27.034)      18.7651  40.3515  30.7163  32.1415  
59     -7.72388 -20.32233 -29.29972 -10.69995   2.76746  -8.65794     (-26.532,-7.932) (-23.090,-2.767) (-4.956,-5.890)     -11.24179 -20.02100  17.46929 -30.22283 -50.07422 -16.10745     (-6.227,-8.779) (-6.526,-11.242) (-26.377,-27.349)      18.5529  40.3245  29.8367  31.4732  
60     -8.03655 -19.79218 -28.96919 -10.91881   2.86918  -8.66065     (-26.100,-8.050) (-22.661,-2.869) (-5.167,-5.791)     -11.55447 -19.49084  17.79982 -30.44169 -49.97250 -16.11016     (-6.245,-7.936) (-6.397,-11.554) (-25.927,-27.665)      18.3376  39.836  29.6525  30.7824  
61     -8.34923 -19.26202 -28.63866 -11.13767   2.97090  -8.66336     (-25.668,-8.167) (-22.233,-2.971) (-5.378,-5.692)     -11.86715 -18.96069  18.13035 -30.66055 -49.87077 -16.11287     (-6.263,-7.094) (-6.267,-11.867) (-25.477,-27.980)      18.1817  38.4711  29.0062  30.1131  
62     -8.66190 -18.73187 -28.30813 -11.35653   3.07262  -8.66607     (-25.236,-8.284) (-21.804,-3.073) (-5.589,-5.593)     -12.17982 -18.43053  18.46088 -30.87941 -49.76905 -16.11558     (-6.281,-6.251) (-6.137,-12.180) (-25.027,-28.295)      18.087  37.2276  28.2979  29.4669  
63     -8.97458 -18.20172 -27.97761 -11.57539   3.17434  -8.66877     (-24.803,-8.401) (-21.376,-3.174) (-5.800,-5.494)     -12.49250 -17.90038  18.79141 -31.09827 -49.66733 -16.11829     (-6.299,-5.408) (-6.008,-12.492) (-24.577,-28.611)      18.0543  36.118  27.8392  28.8453  
64     -9.28725 -17.67156 -27.64708 -11.79425   3.27607  -8.67148     (-24.371,-8.518) (-20.948,-3.276) (-6.011,-5.395)     -12.80517 -17.37023  19.12193 -31.31713 -49.56561 -16.12099     (-6.317,-4.565) (-5.878,-12.805) (-24.127,-28.926)      18.0839  34.533  27.6458  28.25  
65     -9.59993 -17.14141 -27.31655 -12.01311   3.37779  -8.67419     (-23.939,-8.635) (-20.519,-3.378) (-6.222,-5.296)     -13.11785 -16.84007  19.45246 -31.53599 -49.46389 -16.12370     (-6.335,-3.722) (-5.749,-13.118) (-23.677,-29.242)      18.1757  32.8701  27.7184  27.6826  
66     -9.91261 -16.61125 -26.98602 -12.23197   3.47951  -8.67690     (-23.507,-8.752) (-20.091,-3.480) (-6.433,-5.197)     -13.43052 -16.30992  19.78299 -31.75484 -49.36216 -16.12641     (-6.352,-2.879) (-5.619,-13.431) (-23.227,-29.557)      18.3286  31.2026  28.0427  27.1449  
67    -10.22528 -16.08110 -26.65549 -12.45083   3.58123  -8.67960     (-23.074,-8.870) (-19.662,-3.581) (-6.644,-5.098)     -13.74320 -15.77977  20.11352 -31.97370 -49.26044 -16.12912     (-6.370,-2.037) (-5.490,-13.743) (-22.777,-29.872)      18.2283  29.7073  27.5749  26.6386  
68    -10.53796 -15.55095 -26.32497 -12.66969   3.68295  -8.68231     (-22.642,-8.987) (-19.234,-3.683) (-6.855,-4.999)     -14.05587 -15.24961  20.44404 -32.19256 -49.15872 -16.13182     (-6.388,-1.194) (-5.360,-14.056) (-22.327,-30.188)      18.1539  28.4023  26.8522  26.1657  
69    -10.85063 -15.02079 -25.99444 -12.88855   3.78468  -8.68502     (-22.210,-9.104) (-18.805,-3.785) (-7.066,-4.900)     -14.36855 -14.71946  20.77457 -32.41142 -49.05700 -16.13453     (-6.406,-0.351) (-5.231,-14.369) (-21.876,-30.503)      18.1414  27.3038  26.1897  25.7279  
70    -11.16331 -14.49064 -25.66391 -13.10741   3.88640  -8.68773     (-21.778,-9.221) (-18.377,-3.886) (-7.277,-4.801)     -14.68123 -14.18930  21.10510 -32.63028 -48.95528 -16.13724     (-0.492,-6.916) (-14.189,-20.934) (-4.609,-30.327)      18.0953  26.4246  26.1494  18.1529     glitch
71    -11.47598 -13.96049 -25.33338 -13.32627   3.98812  -8.69044     (-21.345,-9.338) (-17.949,-3.988) (-7.488,-4.702)     -14.99390 -13.65915  21.43563 -32.84914 -48.85355 -16.13995     (-1.335,-7.776) (-13.659,-19.641) (-3.637,-29.799)      18.2727  25.5416  26.9494  18.3509  
72    -11.78866 -13.43033 -25.00285 -13.54513   4.08984  -8.69314     (-20.913,-9.455) (-17.520,-4.090) (-7.699,-4.603)     -15.30658 -13.12900  21.76616 -33.06800 -48.75183 -16.14266     (-2.178,-8.637) (-13.129,-18.349) (-2.665,-29.272)      18.6975  24.7466  28.2445  18.7947  
73    -12.10134 -12.90018 -24.67233 -13.76399   4.19156  -8.69585     (-20.481,-9.572) (-17.092,-4.192) (-7.910,-4.504)     -15.61925 -12.59884  22.09668 -33.28686 -48.65011 -16.14536     (-3.020,-9.498) (-12.599,-17.056) (-1.692,-28.744)      19.3535  23.9955  29.9705  19.4673  
74    -12.41401 -12.37002 -24.34180 -13.98285   4.29329  -8.69856     (-20.049,-9.690) (-16.663,-4.293) (-8.121,-4.405)     -15.93193 -12.06869  22.42721 -33.50572 -48.54839 -16.14807     (-3.863,-10.359) (-12.069,-15.763) (-0.720,-28.217)      20.2181  23.3768  32.0579  20.3462  
75    -12.72669 -11.83987 -24.01127 -14.20171   4.39501  -8.70127     (-19.616,-9.807) (-16.235,-4.395) (-8.332,-4.306)     -16.24460 -11.53854  22.75774 -33.72458 -48.44666 -16.15078     (-4.454,-11.286) (-10.967,-14.217) (-0.252,-27.942)      21.2347  22.922  34.4009  21.2347  
76    -13.03936 -11.30972 -23.68074 -14.42057   4.49673  -8.70397     (-19.184,-9.924) (-15.806,-4.497) (-8.543,-4.207)     -16.55728 -11.00838  23.08827 -33.94344 -48.34494 -16.15349     (-4.324,-9.784) (-10.855,-11.952) (-1.225,-28.387)      22.2517  22.8127  37.7099  22.4379  
77    -13.35204 -10.77956 -23.35022 -14.63943   4.59845  -8.70668     (-18.752,-10.041) (-15.378,-4.598) (-8.754,-4.108)     -16.86996 -10.47823  23.41879 -34.16230 -48.24322 -16.15619     (-4.195,-8.281) (-10.744,-9.687) (-2.197,-28.831)      21.7779  22.8347  39.5751  22.1914  
78    -13.66471 -10.24941 -23.01969 -14.85829   4.70017  -8.70939     (-18.320,-10.158) (-14.950,-4.700) (-8.965,-4.009)     -17.18263  -9.94808  23.74932 -34.38116 -48.14150 -16.15890     (-4.065,-6.779) (-10.632,-7.422) (-3.169,-29.276)      21.4014  23.5328  41.0802  21.4014  
79    -13.97739  -9.71926 -22.68916 -15.07715   4.80190  -8.71210     (-17.887,-10.275) (-14.521,-4.802) (-9.175,-3.910)     -17.49531  -9.41792  24.07985 -34.60002 -48.03978 -16.16161     (-3.936,-5.276) (-10.520,-5.156) (-4.142,-29.721)      20.993  23.7682  43.2436  20.993  
80    -14.29006  -9.18910 -22.35863 -15.29601   4.90362  -8.71481     (-17.455,-10.392) (-14.093,-4.904) (-9.386,-3.811)     -17.80798  -8.88777  24.41038 -34.81888 -47.93805 -16.16432     (-3.806,-3.774) (-10.409,-2.891) (-5.114,-30.166)      20.9885  24.4733  45.9733  20.9885  
81    -14.60274  -8.65895 -22.02810 -15.51487   5.00534  -8.71751     (-17.023,-10.510) (-13.664,-5.005) (-9.597,-3.712)     -18.12066  -8.35761  24.74091 -35.03774 -47.83633 -16.16703     (-3.677,-2.271) (-10.297,-0.626) (-6.086,-30.611)      21.2184  27.7184  49.1394  21.388  
82    -14.91542  -8.12879 -21.69758 -15.73373   5.10706  -8.72022     (-16.591,-10.627) (-13.236,-5.107) (-9.808,-3.613)     -18.43333  -7.82746  25.07143 -35.25660 -47.73461 -16.16973     (-6.290,-0.871) (-1.037,-0.769) (-10.954,-28.545)      22.0172  34.0222  56.2278  27.1376     glitch
83    -15.22809  -7.59864 -21.36705 -15.95259   5.20878  -8.72293     (-16.158,-10.744) (-12.807,-5.209) (-10.019,-3.514)     -18.74601  -7.29731  25.40196 -35.47546 -47.63289 -16.17244     (-18.319,-0.487) (-3.726,-3.905) (-4.639,-3.152)      30.471  37.5963  78.9262  19.9954  
84    -15.54077  -7.06849 -21.03652 -16.17145   5.31051  -8.72564                            -19.05868  -6.76715  25.73249 -35.69432 -47.53117 -16.17515     invalid  
85    -15.85344  -6.53833 -20.70599 -16.39031   5.41223  -8.72834                            -19.37136  -6.23700  26.06302 -35.91318 -47.42944 -16.17786     invalid  
86    -16.16612  -6.00818 -20.37546 -16.60917   5.51395  -8.73105                            -19.68404  -5.70685  26.39355 -36.13204 -47.32772 -16.18056     invalid  
87    -16.47879  -5.47803 -20.04494 -16.82803   5.61567  -8.73376                            -19.99671  -5.17669  26.72407 -36.35090 -47.22600 -16.18327     invalid  
88    -16.79147  -4.94787 -19.71441 -17.04689   5.71739  -8.73647                            -20.30939  -4.64654  27.05460 -36.56976 -47.12428 -16.18598     invalid  
89    -17.10414  -4.41772 -19.38388 -17.26575   5.81912  -8.73918                            -20.62206  -4.11638  27.38513 -36.78862 -47.02256 -16.18869     invalid  
90    -17.41682  -3.88756 -19.05335 -17.48461   5.92084  -8.74188                            -20.93474  -3.58623  27.71566 -37.00748 -46.92083 -16.19139     invalid  
91    -17.72950  -3.35741 -18.72283 -17.70347   6.02256  -8.74459                            -21.24741  -3.05608  28.04618 -37.22634 -46.81911 -16.19410     invalid  
92    -18.04217  -2.82726 -18.39230 -17.92233   6.12428  -8.74730                            -21.56009  -2.52592  28.37671 -37.44520 -46.71739 -16.19681     invalid  
93    -18.35485  -2.29710 -18.06177 -18.14119   6.22600  -8.75001                            -21.87276  -1.99577  28.70724 -37.66406 -46.61567 -16.19952     invalid  
94    -18.66752  -1.76695 -17.73124 -18.36005   6.32773  -8.75271                            -22.18544  -1.46562  29.03777 -37.88292 -46.51395 -16.20223     invalid  
95    -18.98020  -1.23680 -17.40071 -18.57890   6.42945  -8.75542                            -22.49812  -0.93546  29.36830 -38.10178 -46.41222 -16.20493     invalid  
96    -19.29287  -0.70664 -17.07019 -18.79776   6.53117  -8.75813                            -22.81079  -0.40531  29.69882 -38.32064 -46.31050 -16.20764     invalid  
97    -19.60555  -0.17649 -16.73966 -19.01662   6.63289  -8.76084                            -23.12347   0.12485  30.02935 -38.53950 -46.20878 -16.21035     invalid  
98    -19.91823   0.35366 -16.40913 -19.23548   6.73461  -8.76354                            -23.43614   0.65500  30.35988 -38.75836 -46.10706 -16.21306     invalid  
99    -20.23090   0.88382 -16.07860 -19.45434   6.83634  -8.76625                            -23.74882   1.18515  30.69041 -38.97722 -46.00534 -16.21576     invalid  
