PointDistanceFollower   Jun  2 2018   mode =  TRIANGLE 
Fol_2018-06-02.17_05_23.138_1.txt      Output is S6 probe cell, C3 reduced cell,  S6Dist CS6Dist  distance between 
Compute times (msec)     S6Dist   327   CS6Dist  1
PointDistanceFollower  Jun  2 2018  mode = TRIANGLE
Fol_2018-06-02.17_05_23.138_1.txt     Output is S6 probe cell, C3 reduced cell, S6Dist CS6Dist distance between
0     -6.91638   3.91082  -4.58053 -73.15495 -61.64414 -44.77402     (-40.863,-69.244) (-3.911,-65.555) (-0.670,-3.006)      -7.74511 -35.19108  -3.58875 -73.98270 -62.55311  -8.43242     (-7.745,-73.983) (-35.191,-62.553) (-3.589,-8.432)      14.1649  14.1649  
1     -7.01823   3.79322  -4.50268 -72.93937 -61.58256 -44.99198     (-41.199,-69.146) (-3.793,-65.376) (-0.709,-3.225)      -7.83851 -34.90967  -3.52101 -73.75867 -62.48226  -9.02121     (-7.839,-73.759) (-34.910,-62.482) (-3.521,-9.021)      14.4296  14.4296  
2     -7.12009   3.67563  -4.42482 -72.72379 -61.52098 -45.20995     (-41.534,-69.048) (-3.676,-65.197) (-0.749,-3.444)      -7.93190 -34.62826  -3.45328 -73.53465 -62.41140  -9.61001     (-7.932,-73.535) (-34.628,-62.411) (-3.453,-9.610)      14.7232  14.7232  
3     -7.22194   3.55804  -4.34697 -72.50821 -61.45939 -45.42791     (-41.870,-68.950) (-3.558,-65.017) (-0.789,-3.664)      -8.02530 -34.34686  -3.38555 -73.31062 -62.34054 -10.19881     (-8.025,-73.311) (-34.347,-62.341) (-3.386,-10.199)      15.0439  15.0439  
4     -7.32379   3.44045  -4.26912 -72.29263 -61.39781 -45.64587     (-42.205,-68.852) (-3.440,-64.838) (-0.829,-3.883)      -8.11870 -34.06545  -3.31782 -73.08659 -62.26969 -10.78760     (-8.119,-73.087) (-34.065,-62.270) (-3.318,-10.788)      15.3902  15.3902  
5     -7.42564   3.32286  -4.19126 -72.07705 -61.33623 -45.86384     (-42.541,-68.754) (-3.323,-64.659) (-0.868,-4.103)      -8.21209 -33.78404  -3.25008 -72.86257 -62.19883 -11.37640     (-8.212,-72.863) (-33.784,-62.199) (-3.250,-11.376)      15.7601  15.7601  
6     -7.52750   3.20527  -4.11341 -71.86147 -61.27465 -46.08180     (-42.877,-68.656) (-3.205,-64.480) (-0.908,-4.322)      -8.30549 -33.50263  -3.18235 -72.63854 -62.12798 -11.96519     (-8.305,-72.639) (-33.503,-62.128) (-3.182,-11.965)      16.1523  16.1523  
7     -7.62935   3.08768  -4.03556 -71.64589 -61.21307 -46.29976     (-43.212,-68.558) (-3.088,-64.301) (-0.948,-4.542)      -8.39888 -33.22122  -3.11462 -72.41451 -62.05712 -12.55399     (-8.399,-72.415) (-33.221,-62.057) (-3.115,-12.554)      16.565  16.565  
8     -7.73120   2.97009  -3.95771 -71.43031 -61.15149 -46.51773     (-43.548,-68.460) (-2.970,-64.122) (-0.988,-4.761)      -8.49228 -32.93982  -3.04689 -72.19048 -61.98626 -13.14279     (-8.492,-72.190) (-32.940,-61.986) (-3.047,-13.143)      16.9968  16.9968  
9     -7.83306   2.85249  -3.87985 -71.21473 -61.08991 -46.73569     (-43.883,-68.362) (-2.852,-63.942) (-1.027,-4.981)      -8.58568 -32.65841  -2.97915 -71.96646 -61.91541 -13.73158     (-8.586,-71.966) (-32.658,-61.915) (-2.979,-13.732)      17.4463  17.4463  
10     -7.93491   2.73490  -3.80200 -70.99915 -61.02833 -46.95365     (-44.219,-68.264) (-2.735,-63.763) (-1.067,-5.200)      -8.67907 -32.37700  -2.91142 -71.74243 -61.84455 -14.32038     (-8.679,-71.742) (-32.377,-61.845) (-2.911,-14.320)      17.912  17.912  
11     -8.03676   2.61731  -3.72415 -70.78356 -60.96675 -47.17162     (-44.554,-68.166) (-2.617,-63.584) (-1.107,-5.419)      -8.77247 -32.09559  -2.84369 -71.51840 -61.77370 -14.90918     (-8.772,-71.518) (-32.096,-61.774) (-2.844,-14.909)      18.3929  18.3929  
12     -8.13861   2.49972  -3.64630 -70.56798 -60.90517 -47.38958     (-44.890,-68.068) (-2.500,-63.405) (-1.147,-5.639)      -8.86587 -31.81419  -2.77596 -71.29437 -61.70284 -15.49797     (-8.866,-71.294) (-31.814,-61.703) (-2.776,-15.498)      18.8877  18.8877  
13     -8.24047   2.38213  -3.56844 -70.35240 -60.84359 -47.60755     (-45.225,-67.970) (-2.382,-63.226) (-1.186,-5.858)      -8.95926 -31.53278  -2.70822 -71.07035 -61.63198 -16.08677     (-8.959,-71.070) (-31.533,-61.632) (-2.708,-16.087)      19.3954  19.3954  
14     -8.34232   2.26454  -3.49059 -70.13682 -60.78201 -47.82551     (-45.561,-67.872) (-2.265,-63.047) (-1.226,-6.078)      -9.05266 -31.25137  -2.64049 -70.84632 -61.56113 -16.67556     (-9.053,-70.846) (-31.251,-61.561) (-2.640,-16.676)      19.915  19.915  
15     -8.44417   2.14695  -3.41274 -69.92124 -60.72043 -48.04347     (-45.897,-67.774) (-2.147,-62.867) (-1.266,-6.297)      -9.14606 -30.96996  -2.57276 -70.62229 -61.49027 -17.26436     (-9.146,-70.622) (-30.970,-61.490) (-2.573,-17.264)      20.4455  20.4455  
16     -8.54603   2.02936  -3.33488 -69.70566 -60.65884 -48.26144     (-46.232,-67.676) (-2.029,-62.688) (-1.306,-6.517)      -9.23945 -30.68856  -2.50503 -70.39827 -61.41942 -17.85316     (-9.239,-70.398) (-30.689,-61.419) (-2.505,-17.853)      20.9862  20.9862  
17     -8.64788   1.91176  -3.25703 -69.49008 -60.59726 -48.47940     (-46.568,-67.578) (-1.912,-62.509) (-1.345,-6.736)      -9.33285 -30.40715  -2.43729 -70.17424 -61.34856 -18.44195     (-9.333,-70.174) (-30.407,-61.349) (-2.437,-18.442)      21.5363  21.5363  
18     -8.74973   1.79417  -3.17918 -69.27450 -60.53568 -48.69736     (-46.903,-67.480) (-1.794,-62.330) (-1.385,-6.956)      -9.42625 -30.12574  -2.36956 -69.95021 -61.27770 -19.03075     (-9.426,-69.950) (-30.126,-61.278) (-2.370,-19.031)      22.0951  22.0951  
19     -8.85158   1.67658  -3.10133 -69.05892 -60.47410 -48.91533     (-47.239,-67.382) (-1.677,-62.151) (-1.425,-7.175)      -9.51964 -29.84433  -2.30183 -69.72618 -61.20685 -19.61955     (-9.520,-69.726) (-29.844,-61.207) (-2.302,-19.620)      22.6619  22.6619  
20     -8.95344   1.55899  -3.02347 -68.84334 -60.41252 -49.13329     (-47.574,-67.284) (-1.559,-61.972) (-1.464,-7.394)      -9.61304 -29.56292  -2.23410 -69.50216 -61.13599 -20.20834     (-9.613,-69.502) (-29.563,-61.136) (-2.234,-20.208)      23.2361  23.2361  
21     -9.05529   1.44140  -2.94562 -68.62776 -60.35094 -49.35125     (-47.910,-67.186) (-1.441,-61.792) (-1.504,-7.614)      -9.70643 -29.28152  -2.16636 -69.27813 -61.06514 -20.79714     (-9.706,-69.278) (-29.282,-61.065) (-2.166,-20.797)      23.8173  23.8173  
22     -9.15714   1.32381  -2.86777 -68.41218 -60.28936 -49.56922     (-48.245,-67.088) (-1.324,-61.613) (-1.544,-7.833)      -9.79983 -29.00011  -2.09863 -69.05410 -60.99428 -21.38594     (-9.800,-69.054) (-29.000,-60.994) (-2.099,-21.386)      24.4049  24.4049  
23     -9.25900   1.20622  -2.78992 -68.19660 -60.22778 -49.78718     (-48.581,-66.990) (-1.206,-61.434) (-1.584,-8.053)      -9.89323 -28.71870  -2.03090 -68.83008 -60.92342 -21.97473     (-9.893,-68.830) (-28.719,-60.923) (-2.031,-21.975)      24.9984  24.9984  
24     -9.36085   1.08863  -2.71206 -67.98101 -60.16620 -50.00515     (-48.917,-66.892) (-1.089,-61.255) (-1.623,-8.272)      -9.98662 -28.43729  -1.96317 -68.60605 -60.85257 -22.56353     (-9.987,-68.606) (-28.437,-60.853) (-1.963,-22.564)      25.5975  25.5975  
25     -9.46270   0.97103  -2.63421 -67.76543 -60.10462 -50.22311     (-49.252,-66.794) (-0.971,-61.076) (-1.663,-8.492)     -10.08002 -28.15589  -1.89543 -68.38202 -60.78171 -23.15232     (-10.080,-68.382) (-28.156,-60.782) (-1.895,-23.152)      26.2018  26.2018  
26     -9.56455   0.85344  -2.55636 -67.54985 -60.04304 -50.44107     (-49.588,-66.696) (-0.853,-60.896) (-1.703,-8.711)     -10.17342 -27.87448  -1.82770 -68.15799 -60.71086 -23.74112     (-10.173,-68.158) (-27.874,-60.711) (-1.828,-23.741)      26.8109  26.8109  
27     -9.66641   0.73585  -2.47850 -67.33427 -59.98146 -50.65904     (-49.923,-66.598) (-0.736,-60.717) (-1.743,-8.931)     -10.26681 -27.59307  -1.75997 -67.93397 -60.64000 -24.32992     (-10.267,-67.934) (-27.593,-60.640) (-1.760,-24.330)      27.4245  27.4245  
28     -9.76826   0.61826  -2.40065 -67.11869 -59.91988 -50.87700     (-50.259,-66.500) (-0.618,-60.538) (-1.782,-9.150)     -10.36021 -27.31166  -1.69224 -67.70994 -60.56914 -24.91871     (-10.360,-67.710) (-27.312,-60.569) (-1.692,-24.919)      28.0423  28.0423  
29     -9.87011   0.50067  -2.32280 -66.90311 -59.85829 -51.09496     (-50.594,-66.402) (-0.501,-60.359) (-1.822,-9.369)     -10.45361 -27.03026  -1.62450 -67.48591 -60.49829 -25.50751     (-10.454,-67.486) (-27.030,-60.498) (-1.625,-25.508)      28.664  28.664  
30     -9.97196   0.38308  -2.24495 -66.68753 -59.79671 -51.31293     (-50.930,-66.304) (-0.383,-60.180) (-1.862,-9.589)     -10.54700 -26.74885  -1.55677 -67.26189 -60.42743 -26.09631     (-10.547,-67.262) (-26.749,-60.427) (-1.557,-26.096)      29.2894  29.2894  
31    -10.07382   0.26549  -2.16709 -66.47195 -59.73513 -51.53089     (-51.265,-66.206) (-0.265,-60.001) (-1.902,-9.808)     -10.64040 -26.46744  -1.48904 -67.03786 -60.35658 -26.68510     (-10.640,-67.038) (-26.467,-60.357) (-1.489,-26.685)      29.9183  29.9183  
32    -10.17567   0.14790  -2.08924 -66.25637 -59.67355 -51.74886     (-51.601,-66.108) (-0.148,-59.821) (-1.941,-10.028)     -10.73379 -26.18603  -1.42131 -66.81383 -60.28572 -27.27390     (-10.734,-66.814) (-26.186,-60.286) (-1.421,-27.274)      30.5504  30.5504  
33    -10.27752   0.03030  -2.01139 -66.04079 -59.61197 -51.96682     (-51.937,-66.010) (-0.030,-59.642) (-1.981,-10.247)     -10.82719 -25.90463  -1.35357 -66.58980 -60.21486 -27.86270     (-10.827,-66.590) (-25.905,-60.215) (-1.354,-27.863)      31.1856  31.1856  
34    -10.37938  -0.08729  -1.93354 -65.82521 -59.55039 -52.18478     (-10.379,-65.825) (-0.087,-59.550) (-1.934,-52.185)     -10.92059 -25.62322  -1.28584 -66.36578 -60.14401 -28.45149     (-10.921,-66.366) (-25.623,-60.144) (-1.286,-28.451)      31.1357  31.8236  
35    -10.48123  -0.20488  -1.85568 -65.60963 -59.48881 -52.40275     (-10.481,-65.610) (-0.205,-59.489) (-1.856,-52.403)     -11.01398 -25.34181  -1.21811 -66.14175 -60.07315 -29.04029     (-11.014,-66.142) (-25.342,-60.073) (-1.218,-29.040)      30.7602  32.4642  
36    -10.58308  -0.32247  -1.77783 -65.39405 -59.42723 -52.62071     (-10.583,-65.394) (-0.322,-59.427) (-1.778,-52.621)     -11.10738 -25.06040  -1.15038 -65.91772 -60.00230 -29.62908     (-11.107,-65.918) (-25.060,-60.002) (-1.150,-29.629)      30.3964  32.5773  
37    -10.68493  -0.44006  -1.69998 -65.17846 -59.36565 -52.83867     (-10.685,-65.178) (-0.440,-59.366) (-1.700,-52.839)     -11.20078 -24.77899  -1.08264 -65.69370 -59.93144 -30.21788     (-11.201,-65.694) (-24.779,-59.931) (-1.083,-30.218)      30.0447  32.1912  
38    -10.78679  -0.55765  -1.62212 -64.96288 -59.30407 -53.05664     (-10.787,-64.963) (-0.558,-59.304) (-1.622,-53.057)     -11.29417 -24.49759  -1.01491 -65.46967 -59.86058 -30.80668     (-11.294,-65.470) (-24.498,-59.861) (-1.015,-30.807)      29.7054  31.8174  
39    -10.88864  -0.67524  -1.54427 -64.74730 -59.24249 -53.27460     (-10.889,-64.747) (-0.675,-59.242) (-1.544,-53.275)     -11.38757 -24.21618  -0.94718 -65.24564 -59.78973 -31.39547     (-11.388,-65.246) (-24.216,-59.790) (-0.947,-31.395)      29.379  31.4565  
40    -10.99049  -0.79283  -1.46642 -64.53172 -59.18091 -53.49256     (-10.990,-64.532) (-0.793,-59.181) (-1.466,-53.493)     -11.48097 -23.93477  -0.87945 -65.02161 -59.71887 -31.98427     (-11.481,-65.022) (-23.935,-59.719) (-0.879,-31.984)      29.066  31.109  
41    -11.09235  -0.91043  -1.38857 -64.31614 -59.11933 -53.71053     (-11.092,-64.316) (-0.910,-59.119) (-1.389,-53.711)     -11.57436 -23.65336  -0.81171 -64.79759 -59.64801 -32.57307     (-11.574,-64.798) (-23.653,-59.648) (-0.812,-32.573)      28.7668  30.7754  
42    -11.19420  -1.02802  -1.31071 -64.10056 -59.05774 -53.92849     (-11.194,-64.101) (-1.028,-59.058) (-1.311,-53.928)     -11.66776 -23.37196  -0.74398 -64.57356 -59.57716 -33.16186     (-11.668,-64.574) (-23.372,-59.577) (-0.744,-33.162)      28.4818  30.4562  
43    -11.29605  -1.14561  -1.23286 -63.88498 -58.99616 -54.14646     (-11.296,-63.885) (-1.146,-58.996) (-1.233,-54.146)     -11.76116 -23.09055  -0.67625 -64.34953 -59.50630 -33.75066     (-11.761,-64.350) (-23.091,-59.506) (-0.676,-33.751)      28.2114  30.152  
44    -11.39790  -1.26320  -1.15501 -63.66940 -58.93458 -54.36442     (-11.398,-63.669) (-1.263,-58.935) (-1.155,-54.364)     -11.85455 -22.80914  -0.60852 -64.12550 -59.43545 -34.33945     (-11.855,-64.126) (-22.809,-59.435) (-0.609,-34.339)      27.9561  29.8632  
45    -11.49976  -1.38079  -1.07715 -63.45382 -58.87300 -54.58238     (-11.500,-63.454) (-1.381,-58.873) (-1.077,-54.582)     -11.94795 -22.52773  -0.54078 -63.90148 -59.36459 -34.92825     (-11.948,-63.901) (-22.528,-59.365) (-0.541,-34.928)      27.7163  29.5905  
46    -11.60161  -1.49838  -0.99930 -63.23824 -58.81142 -54.80035     (-11.602,-63.238) (-1.498,-58.811) (-0.999,-54.800)     -12.04134 -22.24633  -0.47305 -63.67745 -59.29373 -35.51705     (-12.041,-63.677) (-22.246,-59.294) (-0.473,-35.517)      27.4924  29.3344  
47    -11.70346  -1.61597  -0.92145 -63.02266 -58.74984 -55.01831     (-11.703,-63.023) (-1.616,-58.750) (-0.921,-55.018)     -12.13474 -21.96492  -0.40532 -63.45342 -59.22288 -36.10584     (-12.135,-63.453) (-21.965,-59.223) (-0.405,-36.106)      27.2848  29.0952  
48    -11.80532  -1.73356  -0.84360 -62.80708 -58.68826 -55.23627     (-11.805,-62.807) (-1.734,-58.688) (-0.844,-55.236)     -12.22814 -21.68351  -0.33759 -63.22940 -59.15202 -36.69464     (-12.228,-63.229) (-21.684,-59.152) (-0.338,-36.695)      27.0939  28.8736  
49    -11.90717  -1.85116  -0.76574 -62.59149 -58.62668 -55.45424     (-11.907,-62.591) (-1.851,-58.627) (-0.766,-55.454)     -12.32153 -21.40210  -0.26985 -63.00537 -59.08117 -37.28344     (-12.322,-63.005) (-21.402,-59.081) (-0.270,-37.283)      26.9199  28.6699  
50    -12.00902  -1.96875  -0.68789 -62.37591 -58.56510 -55.67220     (-12.009,-62.376) (-1.969,-58.565) (-0.688,-55.672)     -12.41493 -21.12070  -0.20212 -62.78134 -59.01031 -37.87223     (-12.415,-62.781) (-21.121,-59.010) (-0.202,-37.872)      26.7633  28.4847  
51    -12.11087  -2.08634  -0.61004 -62.16033 -58.50352 -55.89016     (-12.111,-62.160) (-2.086,-58.504) (-0.610,-55.890)     -12.50833 -20.83929  -0.13439 -62.55731 -58.93945 -38.46103     (-12.508,-62.557) (-20.839,-58.939) (-0.134,-38.461)      26.6244  28.3184  
52    -12.21273  -2.20393  -0.53219 -61.94475 -58.44194 -56.10813     (-12.213,-61.945) (-2.204,-58.442) (-0.532,-56.108)     -12.60172 -20.55788  -0.06666 -62.33329 -58.86860 -39.04983     (-12.602,-62.333) (-20.558,-58.869) (-0.067,-39.050)      26.5034  28.1713  
53    -12.31458  -2.32152  -0.45433 -61.72917 -58.38036 -56.32609     (-12.315,-61.729) (-2.322,-58.380) (-0.454,-56.326)     -12.69512 -20.27647   0.00108 -62.10926 -58.79774 -39.63862     (-12.694,-20.275) (-62.108,-58.797) (-0.001,-39.640)      24.7921  25.1074     glitch
54    -12.41643  -2.43911  -0.37648 -61.51359 -58.31878 -56.54406     (-12.416,-61.514) (-2.439,-58.319) (-0.376,-56.544)     -12.78852 -19.99506   0.06881 -61.88523 -58.72689 -40.22742     (-12.720,-19.926) (-61.816,-58.658) (-0.069,-40.296)      24.6315  24.9437  
55    -12.51829  -2.55670  -0.29863 -61.29801 -58.25719 -56.76202     (-12.518,-61.298) (-2.557,-58.257) (-0.299,-56.762)     -12.88191 -19.71366   0.13654 -61.66121 -58.65603 -40.81621     (-12.745,-19.577) (-61.525,-58.519) (-0.137,-40.953)      24.4968  24.8063  
56    -12.62014  -2.67429  -0.22077 -61.08243 -58.19561 -56.97998     (-12.620,-61.082) (-2.674,-58.196) (-0.221,-56.980)     -12.97531 -19.43225   0.20427 -61.43718 -58.58517 -41.40501     (-12.771,-19.228) (-61.233,-58.381) (-0.204,-41.609)      24.3886  24.6958  
57    -12.72199  -2.79189  -0.14292 -60.86685 -58.13403 -57.19795     (-12.722,-60.867) (-2.792,-58.134) (-0.143,-57.198)     -13.06871 -19.15084   0.27201 -61.21315 -58.51432 -41.99381     (-12.797,-18.879) (-60.941,-58.242) (-0.272,-42.266)      24.3072  24.6124  
58    -12.82384  -2.90948  -0.06507 -60.65127 -58.07245 -57.41591     (-12.824,-60.651) (-2.909,-58.072) (-0.065,-57.416)     -13.16210 -18.86943   0.33974 -60.98912 -58.44346 -42.58260     (-12.822,-18.530) (-60.649,-58.104) (-0.340,-42.922)      24.2529  24.5565  
59    -12.92570  -3.02707   0.01278 -60.43569 -58.01087 -57.63387     (-12.913,-3.014) (-60.423,-57.998) (-0.013,-57.647)     -13.25550 -18.58803   0.40747 -60.76510 -58.37261 -43.17140     (-12.848,-18.181) (-60.358,-57.965) (-0.407,-43.579)      24.2257  24.5282  
60    -13.02755  -3.14466   0.09064 -60.22011 -57.94929 -57.85184     (-12.937,-3.054) (-60.129,-57.859) (-0.091,-57.942)     -13.34889 -18.30662   0.47520 -60.54107 -58.30175 -43.76020     (-12.874,-17.831) (-60.066,-57.827) (-0.475,-44.235)      24.2259  24.5277  
61    -13.12940  -3.26225   0.16849 -60.00453 -57.88771 -58.06980     (-12.961,-3.094) (-59.836,-57.719) (-0.168,-58.238)     -13.44229 -18.02521   0.54294 -60.31704 -58.23089 -44.34899     (-12.899,-17.482) (-59.774,-57.688) (-0.543,-44.892)      24.2535  24.555  
62    -13.23126  -3.37984   0.24634 -59.78894 -57.82613 -58.28776     (-12.985,-3.134) (-59.543,-57.580) (-0.246,-58.534)     -13.53569 -17.74380   0.61067 -60.09302 -58.16004 -44.93779     (-12.925,-17.133) (-59.482,-57.549) (-0.611,-45.548)      24.3083  24.6099  
63    -13.33311  -3.49743   0.32419 -59.57336 -57.76455 -58.50573     (-13.009,-3.173) (-59.249,-57.440) (-0.324,-58.830)     -13.62908 -17.46240   0.67840 -59.86899 -58.08918 -45.52658     (-12.951,-16.784) (-59.191,-57.411) (-0.678,-46.205)      24.3901  24.6922  
64    -13.43496  -3.61502   0.40205 -59.35778 -57.70297 -58.72369     (-13.033,-3.213) (-58.956,-57.301) (-0.402,-59.126)     -13.72248 -17.18099   0.74614 -59.64496 -58.01833 -46.11538     (-12.976,-16.435) (-58.899,-57.272) (-0.746,-46.862)      24.4987  24.8018  
65    -13.53681  -3.73262   0.47990 -59.14220 -57.64139 -58.94166     (-13.057,-3.253) (-58.662,-57.161) (-0.480,-59.422)     -13.81588 -16.89958   0.81387 -59.42093 -57.94747 -46.70418     (-13.002,-16.086) (-58.607,-57.134) (-0.814,-47.518)      24.6338  24.9382  
66    -13.63867  -3.85021   0.55775 -58.92662 -57.57981 -59.15962     (-13.081,-3.292) (-58.369,-57.022) (-0.558,-59.717)     -13.90927 -16.61817   0.88160 -59.19691 -57.87661 -47.29297     (-13.028,-15.737) (-58.315,-56.995) (-0.882,-48.175)      24.7948  25.1009  
67    -13.74052  -3.96780   0.63561 -58.71104 -57.51823 -59.37758     (-13.105,-3.332) (-58.075,-56.883) (-0.636,-60.013)     -14.00267 -16.33676   0.94933 -58.97288 -57.80576 -47.88177     (-13.053,-15.387) (-58.024,-56.856) (-0.949,-48.831)      24.9814  25.2895  
68    -13.84237  -4.08539   0.71346 -58.49546 -57.45664 -59.59555     (-13.129,-3.372) (-57.782,-56.743) (-0.713,-60.309)     -14.09607 -16.05536   1.01707 -58.74885 -57.73490 -48.47057     (-13.079,-15.038) (-57.732,-56.718) (-1.017,-49.488)      25.1928  25.5034  
69    -13.94423  -4.20298   0.79131 -58.27988 -57.39506 -59.81351     (-13.153,-3.412) (-57.489,-56.604) (-0.791,-60.605)     -14.18946 -15.77395   1.08480 -58.52483 -57.66405 -49.05936     (-13.105,-14.689) (-57.440,-56.579) (-1.085,-50.144)      25.4286  25.7419  
70    -14.04608  -4.32057   0.86916 -58.06430 -57.33348 -60.03147     (-13.177,-3.451) (-57.195,-56.464) (-0.869,-60.901)     -14.28286 -15.49254   1.15253 -58.30080 -57.59319 -49.64816     (-13.130,-14.340) (-57.148,-56.441) (-1.153,-50.801)      25.688  26.0042  
71    -14.14793  -4.43816   0.94702 -57.84872 -57.27190 -60.24944     (-13.201,-3.491) (-56.902,-56.325) (-0.947,-61.196)     -14.37625 -15.21113   1.22026 -58.07677 -57.52233 -50.23696     (-13.156,-13.991) (-56.857,-56.302) (-1.220,-51.457)      25.9704  26.2898  
72    -14.24978  -4.55575   1.02487 -57.63314 -57.21032 -60.46740     (-13.225,-3.531) (-56.608,-56.185) (-1.025,-61.492)     -14.46965 -14.92973   1.28800 -57.85274 -57.45148 -50.82575     (-13.182,-13.642) (-56.565,-56.163) (-1.288,-52.114)      26.2749  26.594  
73    -14.35164  -4.67335   1.10272 -57.41756 -57.14874 -60.68536     (-13.249,-3.571) (-56.315,-56.046) (-1.103,-61.788)     -14.56305 -14.64832   1.35573 -57.62872 -57.38062 -51.41455     (-13.207,-13.293) (-56.273,-56.025) (-1.356,-52.770)      26.5782  26.9023  
74    -14.45349  -4.79094   1.18057 -57.20198 -57.08716 -60.90333     (-13.273,-3.610) (-56.021,-55.907) (-1.181,-62.084)     -14.65644 -14.36691   1.42346 -57.40469 -57.30977 -52.00334     (-13.233,-12.943) (-55.981,-55.886) (-1.423,-53.427)      26.8949  27.2319  
75    -14.55534  -4.90853   1.25843 -56.98639 -57.02558 -61.12129     (-13.297,-3.650) (-55.728,-55.767) (-1.258,-62.380)     -14.74984 -14.08550   1.49119 -57.18066 -57.23891 -52.59214     (-13.259,-12.594) (-55.689,-55.748) (-1.491,-54.083)      27.2323  27.5822  
76    -14.65720  -5.02612   1.33628 -56.77081 -56.96400 -61.33926     (-13.321,-3.690) (-55.435,-55.628) (-1.336,-62.676)     -14.84324 -13.80410   1.55893 -56.95663 -57.16805 -53.18094     (-13.284,-12.245) (-55.398,-55.609) (-1.559,-54.740)      27.5895  27.6435  
77    -14.75905  -5.14371   1.41413 -56.55523 -56.90242 -61.55722     (-13.345,-3.730) (-55.141,-55.488) (-1.414,-62.971)     -14.93663 -13.52269   1.62666 -56.73261 -57.09720 -53.76973     (-13.310,-11.896) (-55.106,-55.471) (-1.627,-55.396)      27.1992  27.1992  
78    -14.86090  -5.26130   1.49199 -56.33965 -56.84084 -61.77518     (-13.369,-3.769) (-54.848,-55.349) (-1.492,-63.267)     -15.03003 -13.24128   1.69439 -56.50858 -57.02634 -54.35853     (-13.336,-11.547) (-54.814,-55.332) (-1.694,-56.053)      26.7724  26.7724  
79    -14.96275  -5.37889   1.56984 -56.12407 -56.77926 -61.99315     (-13.393,-3.809) (-54.554,-55.209) (-1.570,-63.563)     -15.12343 -12.95987   1.76212 -56.28455 -56.95549 -54.94733     (-13.361,-11.198) (-54.522,-55.193) (-1.762,-56.709)      26.3637  26.3637  
80    -15.06461  -5.49648   1.64769 -55.90849 -56.71768 -62.21111     (-13.417,-3.849) (-54.261,-55.070) (-1.648,-63.859)     -15.21682 -12.67847   1.82986 -56.06053 -56.88463 -55.53612     (-13.387,-10.849) (-54.231,-55.055) (-1.830,-57.366)      25.9742  25.9742  
81    -15.16646  -5.61408   1.72554 -55.69291 -56.65609 -62.42907     (-13.441,-3.889) (-53.967,-54.931) (-1.726,-64.155)     -15.31022 -12.39706   1.89759 -55.83650 -56.81377 -56.12492     (-13.413,-10.499) (-53.939,-54.916) (-1.898,-58.023)      25.6046  25.6046  
82    -15.26831  -5.73167   1.80340 -55.47733 -56.59451 -62.64704     (-13.465,-3.928) (-53.674,-54.791) (-1.803,-64.450)     -15.40362 -12.11565   1.96532 -55.61247 -56.74292 -56.71372     (-13.438,-10.150) (-53.647,-54.778) (-1.965,-58.679)      25.2558  25.2558  
83    -15.37017  -5.84926   1.88125 -55.26175 -56.53293 -62.86500     (-13.489,-3.968) (-53.380,-54.652) (-1.881,-64.746)     -15.49701 -11.83424   2.03305 -55.38844 -56.67206 -57.30251     (-13.464,-9.801) (-53.355,-54.639) (-2.033,-59.336)      24.9288  24.9288  
84    -15.47202  -5.96685   1.95910 -55.04617 -56.47135 -63.08297     (-13.513,-4.008) (-53.087,-54.512) (-1.959,-65.042)     -15.59041 -11.55283   2.10079 -55.16442 -56.60121 -57.89131     (-13.490,-9.452) (-53.064,-54.500) (-2.101,-59.992)      24.6243  24.6243  
85    -15.57387  -6.08444   2.03695 -54.83059 -56.40977 -63.30093     (-13.537,-4.047) (-52.794,-54.373) (-2.037,-65.338)     -15.68380 -11.27143   2.16852 -54.94039 -56.53035 -58.48010     (-13.515,-9.103) (-52.772,-54.362) (-2.169,-60.649)      24.3432  24.3432  
86    -15.67572  -6.20203   2.11481 -54.61501 -56.34819 -63.51889     (-13.561,-4.087) (-52.500,-54.233) (-2.115,-65.634)     -15.77720 -10.99002   2.23625 -54.71636 -56.45949 -59.06890     (-13.541,-8.754) (-52.480,-54.223) (-2.236,-61.305)      24.0864  24.0864  
87    -15.77758  -6.31962   2.19266 -54.39943 -56.28661 -63.73686     (-13.585,-4.127) (-52.207,-54.094) (-2.193,-65.930)     -15.87060 -10.70861   2.30398 -54.49234 -56.38864 -59.65770     (-13.567,-8.405) (-52.188,-54.085) (-2.304,-61.962)      23.8546  23.8546  
88    -15.87943  -6.43721   2.27051 -54.18384 -56.22503 -63.95482     (-13.609,-4.167) (-51.913,-53.955) (-2.271,-66.225)     -15.96399 -10.42720   2.37172 -54.26831 -56.31778 -60.24649     (-13.592,-8.055) (-51.897,-53.946) (-2.372,-62.618)      23.6486  23.6486  
89    -15.98128  -6.55481   2.34837 -53.96826 -56.16345 -64.17278     (-13.633,-4.206) (-51.620,-53.815) (-2.348,-66.521)     -16.05739 -10.14580   2.43945 -54.04428 -56.24693 -60.83529     (-13.618,-7.706) (-51.605,-53.807) (-2.439,-63.275)      23.4689  23.4689  
90    -16.08314  -6.67240   2.42622 -53.75268 -56.10187 -64.39075     (-13.657,-4.246) (-51.326,-53.676) (-2.426,-66.817)     -16.15079  -9.86439   2.50718 -53.82025 -56.17607 -61.42409     (-13.644,-7.357) (-51.313,-53.669) (-2.507,-63.931)      23.3164  23.3164  
91    -16.18499  -6.78999   2.50407 -53.53710 -56.04029 -64.60871     (-13.681,-4.286) (-51.033,-53.536) (-2.504,-67.113)     -16.24418  -9.58298   2.57491 -53.59623 -56.10521 -62.01288     (-13.669,-7.008) (-51.021,-53.530) (-2.575,-64.588)      23.1914  23.1914  
92    -16.28684  -6.90758   2.58192 -53.32152 -55.97871 -64.82667     (-13.705,-4.326) (-50.740,-53.397) (-2.582,-67.409)     -16.33758  -9.30157   2.64265 -53.37220 -56.03436 -62.60168     (-13.695,-6.659) (-50.730,-53.392) (-2.643,-65.244)      22.9337  23.0944  
93    -16.38869  -7.02517   2.65978 -53.10594 -55.91713 -65.04464     (-13.729,-4.365) (-50.446,-53.257) (-2.660,-67.704)     -16.43098  -9.02017   2.71038 -53.14817 -55.96350 -63.19047     (-13.721,-6.310) (-50.438,-53.253) (-2.710,-65.901)      22.6435  23.0258  
94    -16.49055  -7.14276   2.73763 -52.89036 -55.85554 -65.26260     (-13.753,-4.405) (-50.153,-53.118) (-2.738,-68.000)     -16.52437  -8.73876   2.77811 -52.92415 -55.89265 -63.77927     (-13.746,-5.961) (-50.146,-53.115) (-2.778,-66.557)      22.3791  22.9859  
95    -16.59240  -7.26035   2.81548 -52.67478 -55.79396 -65.48057     (-13.777,-4.445) (-49.859,-52.978) (-2.815,-68.296)     -16.61777  -8.45735   2.84584 -52.70012 -55.82179 -64.36807     (-13.772,-5.612) (-49.854,-52.976) (-2.846,-67.214)      22.1416  22.9747  
96    -16.69425  -7.37795   2.89334 -52.45920 -55.73238 -65.69853     (-13.801,-4.485) (-49.566,-52.839) (-2.893,-68.592)     -16.71117  -8.17594   2.91358 -52.47609 -55.75093 -64.95686     (-13.798,-5.262) (-49.563,-52.837) (-2.914,-67.870)      21.9316  22.9924  
97    -16.79611  -7.49554   2.97119 -52.24362 -55.67080 -65.91649     (-13.825,-4.524) (-49.272,-52.700) (-2.971,-68.888)     -16.80456  -7.89454   2.98131 -52.25206 -55.68008 -65.54566     (-13.823,-4.913) (-49.271,-52.699) (-2.981,-68.527)      21.7502  23.0388  
98    -16.89796  -7.61313   3.04904 -52.02804 -55.60922 -66.13446     (-13.849,-4.564) (-48.979,-52.560) (-3.049,-69.183)     -16.89796  -7.61313   3.04904 -52.02804 -55.60922 -66.13446     (-13.849,-4.564) (-48.979,-52.560) (-3.049,-69.183)      21.5979  23.1138  
99    -16.99981  -7.73072   3.12689 -51.81246 -55.54764 -66.35242     (-13.873,-4.604) (-48.686,-52.421) (-3.127,-69.479)     -16.99135  -7.33172   3.11677 -51.80401 -55.53837 -66.72325     (-13.875,-4.215) (-48.687,-52.422) (-3.117,-69.840)      21.4753  23.2172  
