PointDistanceFollower  May 16 2018
Fol_2018-05-16.16_30_01.24_23.txt     Output is S6 probe cell, C3 reduced cell, S6Dist CS6Dist distance between
0     -0.67115 -36.25189 -38.53018 -54.48751 -12.13755  13.97423     (-0.671,-27.210) (-13.303,-11.466) (-39.201,-8.975)     -31.03441 -17.16357   9.22694  -8.78857 -38.22731 -20.60316     (-29.392,-7.498) (-0.438,-29.439) (-8.789,-21.369)      14.8954  18.1209  
1     -1.16268 -36.29034 -38.31752 -54.07435 -12.18395  13.58329     (-1.163,-28.070) (-12.421,-11.021) (-39.480,-10.286)     -31.52593 -17.20202   9.43960  -8.37542 -38.27371 -20.99409     (-29.370,-6.698) (-1.064,-29.898) (-8.375,-21.022)      14.994  17.4844  
2     -1.65420 -36.32880 -38.10486 -53.66119 -12.23035  13.19235     (-1.654,-28.931) (-11.538,-10.576) (-39.759,-11.598)     -32.01745 -17.24048   9.65226  -7.96226 -38.32011 -21.38503     (-29.347,-5.898) (-1.690,-30.358) (-7.962,-20.675)      15.1934  16.6279  
3     -2.14572 -36.36725 -37.89220 -53.24804 -12.27675  12.80141     (-2.146,-29.791) (-10.656,-10.131) (-40.038,-12.910)     -32.50898 -17.27893   9.86492  -7.54911 -38.36652 -21.77597     (-29.325,-5.098) (-2.316,-30.817) (-7.549,-20.328)      15.4895  15.8222  
4     -2.63725 -36.40570 -37.67954 -52.83488 -12.32316  12.41048     (-2.637,-30.651) (-9.773,-9.686) (-40.317,-14.222)     -33.00050 -17.31739  10.07757  -7.13595 -38.41292 -22.16691     (-29.303,-4.298) (-2.942,-31.277) (-7.136,-19.981)      15.0753  15.0753  
5     -3.12877 -36.44416 -37.46688 -52.42173 -12.36956  12.01954     (-3.129,-31.511) (-8.891,-9.241) (-40.596,-15.534)     -33.49202 -17.35584  10.29023  -6.72279 -38.45932 -22.55784     (-29.281,-3.498) (-3.567,-31.737) (-6.723,-19.634)      14.3963  14.3963  
6     -3.62029 -36.48261 -37.25422 -52.00857 -12.41596  11.62860     (-3.620,-32.372) (-8.008,-8.796) (-40.875,-16.846)     -33.98355 -17.39429  10.50289  -6.30964 -38.50572 -22.94878     (-29.258,-2.698) (-4.193,-32.196) (-6.310,-19.287)      13.7955  13.7955  
7     -4.11182 -36.52107 -37.04157 -51.59541 -12.46236  11.23766     (-4.112,-33.232) (-7.126,-8.351) (-41.153,-18.158)     -34.47507 -17.43275  10.71555  -5.89648 -38.55212 -23.33972     (-29.236,-1.898) (-4.819,-32.656) (-5.896,-18.940)      13.2832  13.2832  
8     -4.60334 -36.55952 -36.82891 -51.18226 -12.50876  10.84673     (-4.603,-34.092) (-6.243,-7.905) (-41.432,-19.469)     -34.96659 -17.47120  10.92821  -5.48332 -38.59852 -23.73066     (-29.214,-1.098) (-5.445,-33.115) (-5.483,-18.593)      12.8702  12.8702  
9     -5.09486 -36.59798 -36.61625 -50.76910 -12.55516  10.45579     (-5.095,-34.952) (-5.361,-7.460) (-41.711,-20.781)     -35.45812 -17.50966  11.14087  -5.07017 -38.64492 -24.12159     (-29.192,-0.298) (-6.071,-33.575) (-5.070,-18.247)      12.2493  12.5661  
10     -5.58638 -36.63643 -36.40359 -50.35594 -12.60156  10.06485     (-5.586,-35.813) (-4.478,-7.015) (-41.990,-22.093)     -35.94964 -17.54811  11.35353  -4.65701 -38.69132 -24.51253     (-29.671,-0.502) (-4.155,-33.532) (-6.195,-17.398)      12.131  12.131  
11     -6.07791 -36.67489 -36.19093 -49.94279 -12.64796   9.67391     (-6.078,-36.673) (-3.596,-6.570) (-42.269,-23.405)     -36.44116 -17.58657  11.56618  -4.24386 -38.73772 -24.90347     (-30.449,-1.302) (-2.942,-33.192) (-6.020,-16.251)      12.6223  12.6223  
12     -6.56943 -36.71334 -35.97827 -49.52963 -12.69436   9.28298     (-6.569,-37.533) (-2.714,-6.125) (-42.548,-24.717)     -36.93269 -17.62502  11.77884  -3.83070 -38.78413 -25.29441     (-31.227,-2.102) (-1.729,-32.851) (-5.846,-15.104)      13.4105  13.4105  
13     -7.06095 -36.75180 -35.76561 -49.11648 -12.74077   8.89204     (-7.061,-38.393) (-1.831,-5.680) (-42.827,-26.029)     -37.42421 -17.66348  11.99150  -3.41754 -38.83053 -25.68534     (-32.005,-2.902) (-0.516,-32.511) (-5.672,-13.957)      13.4619  14.447  
14     -7.55248 -36.79025 -35.55296 -48.70332 -12.78717   8.50110     (-7.552,-39.254) (-0.949,-5.235) (-43.105,-27.341)     -37.91573 -17.70193  12.20416  -3.00439 -38.87693 -26.07628     (-12.112,-3.004) (-0.698,-32.868) (-4.800,-32.085)      13.8884  14.3722  
15     -8.04400 -36.82870 -35.34030 -48.29016 -12.83357   8.11016     (-8.044,-40.114) (-0.066,-4.790) (-43.384,-28.652)     -38.40726 -17.74039  12.41682  -2.59123 -38.92333 -26.46722     (-9.752,-2.591) (-1.911,-33.741) (-3.413,-31.650)      14.9874  14.9874  
16     -8.53552 -36.86716 -35.12764 -47.87701 -12.87997   7.71923     (-29.148,-40.158) (-0.816,-5.161) (-42.847,-7.719)     -38.89878 -17.77884  12.62948  -2.17807 -38.96973 -26.85816     (-7.392,-2.178) (-3.124,-34.614) (-2.025,-31.214)      14.5176  14.612  
17     -9.02705 -36.90561 -34.91498 -47.46385 -12.92637   7.32829     (-29.577,-40.136) (-1.699,-5.598) (-42.243,-7.328)     -39.39030 -17.81729  12.84214  -1.76492 -39.01613 -27.24909     (-5.032,-1.765) (-4.337,-35.486) (-0.638,-30.779)      14.2135  14.919  
18     -9.51857 -36.94407 -34.70232 -47.05069 -12.97277   6.93735     (-30.007,-40.113) (-2.581,-6.035) (-41.640,-6.937)     -39.88183 -17.85575  13.05480  -1.35176 -39.06253 -27.64003     (-1.922,-4.801) (-0.602,-35.610) (-0.749,-31.093)      16.1695  16.1695  
19    -10.01009 -36.98252 -34.48966 -46.63754 -13.01917   6.54641     (-30.436,-40.091) (-3.464,-6.473) (-41.036,-6.546)     -40.37335 -17.89420  13.26745  -0.93861 -39.10893 -28.03097     (-1.825,-2.230) (-25.998,-2.137) (-31.444,-1.198)      18.434  18.434     glitch
20    -10.50162 -37.02098 -34.27700 -46.22438 -13.06557   6.15548     (-30.866,-40.069) (-4.346,-6.910) (-40.432,-6.155)     -40.86487 -17.93266  13.48011  -0.52545 -39.15533 -28.42191     (-7.118,-1.545) (-21.890,-1.979) (-14.309,-1.454)      25.9391  25.9391     glitch
21    -10.99314 -37.05943 -34.06434 -45.81123 -13.11198   5.76454     (-31.295,-40.047) (-5.229,-7.347) (-39.829,-5.765)     -41.35640 -17.97111  13.69277  -0.11229 -39.20174 -28.81284     (-0.019,-3.053) (-0.409,-8.617) (-0.929,-14.194)      35.6648  17.0258  
22    -11.48466 -37.09789 -33.85169 -45.39807 -13.15838   5.37360                            -41.84792 -18.00957  13.90543   0.30086 -39.24814 -29.20378     invalid  
23    -11.97619 -37.13634 -33.63903 -44.98491 -13.20478   4.98266                            -42.33944 -18.04802  14.11809   0.71402 -39.29454 -29.59472     invalid  
24    -12.46771 -37.17480 -33.42637 -44.57176 -13.25118   4.59173                            -42.83096 -18.08648  14.33075   1.12718 -39.34094 -29.98566     invalid  
25    -12.95923 -37.21325 -33.21371 -44.15860 -13.29758   4.20079                            -43.32249 -18.12493  14.54341   1.54033 -39.38734 -30.37659     invalid  
26    -13.45076 -37.25170 -33.00105 -43.74544 -13.34398   3.80985                            -43.81401 -18.16339  14.75606   1.95349 -39.43374 -30.76753     invalid  
27    -13.94228 -37.29016 -32.78839 -43.33229 -13.39038   3.41891                            -44.30553 -18.20184  14.96872   2.36664 -39.48014 -31.15847     invalid  
28    -14.43380 -37.32861 -32.57573 -42.91913 -13.43678   3.02798                            -44.79706 -18.24029  15.18138   2.77980 -39.52654 -31.54940     invalid  
29    -14.92533 -37.36707 -32.36308 -42.50598 -13.48318   2.63704                            -45.28858 -18.27875  15.39404   3.19296 -39.57294 -31.94034     invalid  
30    -15.41685 -37.40552 -32.15042 -42.09282 -13.52959   2.24610                            -45.78010 -18.31720  15.60670   3.60611 -39.61935 -32.33128     invalid  
31    -15.90837 -37.44398 -31.93776 -41.67966 -13.57599   1.85516                            -46.27163 -18.35566  15.81936   4.01927 -39.66575 -32.72222     invalid  
32    -16.39989 -37.48243 -31.72510 -41.26651 -13.62239   1.46423                            -46.76315 -18.39411  16.03202   4.43243 -39.71215 -33.11315     invalid  
33    -16.89142 -37.52089 -31.51244 -40.85335 -13.66879   1.07329                            -47.25467 -18.43257  16.24467   4.84558 -39.75855 -33.50409     invalid  
34    -17.38294 -37.55934 -31.29978 -40.44019 -13.71519   0.68235                            -47.74620 -18.47102  16.45733   5.25874 -39.80495 -33.89503     invalid  
35    -17.87446 -37.59780 -31.08712 -40.02704 -13.76159   0.29142                            -48.23772 -18.50948  16.66999   5.67189 -39.85135 -34.28597     invalid  
36    -18.36599 -37.63625 -30.87447 -39.61388 -13.80799  -0.09952                            -48.72924 -18.54793  16.88265   6.08505 -39.89775 -34.67690     invalid  
37    -18.85751 -37.67470 -30.66181 -39.20073 -13.85439  -0.49046                            -49.22077 -18.58639  17.09531   6.49821 -39.94415 -35.06784     invalid  
38    -19.34903 -37.71316 -30.44915 -38.78757 -13.90079  -0.88140                            -49.71229 -18.62484  17.30797   6.91136 -39.99056 -35.45878     invalid  
39    -19.84056 -37.75161 -30.23649 -38.37441 -13.94720  -1.27233                            -50.20381 -18.66329  17.52063   7.32452 -40.03696 -35.84972     invalid  
40    -20.33208 -37.79007 -30.02383 -37.96126 -13.99360  -1.66327                            -50.69534 -18.70175  17.73328   7.73768 -40.08336 -36.24065     invalid  
41    -20.82360 -37.82852 -29.81117 -37.54810 -14.04000  -2.05421                            -51.18686 -18.74020  17.94594   8.15083 -40.12976 -36.63159     invalid  
42    -21.31513 -37.86698 -29.59851 -37.13494 -14.08640  -2.44515                            -51.67838 -18.77866  18.15860   8.56399 -40.17616 -37.02253     invalid  
43    -21.80665 -37.90543 -29.38586 -36.72179 -14.13280  -2.83608                            -52.16991 -18.81711  18.37126   8.97714 -40.22256 -37.41347     invalid  
44    -22.29817 -37.94389 -29.17320 -36.30863 -14.17920  -3.22702                            -52.66143 -18.85557  18.58392   9.39030 -40.26896 -37.80440     invalid  
45    -22.78970 -37.98234 -28.96054 -35.89548 -14.22560  -3.61796                            -53.15295 -18.89402  18.79658   9.80346 -40.31536 -38.19534     invalid  
46    -23.28122 -38.02080 -28.74788 -35.48232 -14.27200  -4.00890                            -53.64447 -18.93248  19.00924  10.21661 -40.36176 -38.58628     invalid  
47    -23.77274 -38.05925 -28.53522 -35.06916 -14.31840  -4.39983                            -54.13600 -18.97093  19.22189  10.62977 -40.40817 -38.97722     invalid  
48    -24.26427 -38.09770 -28.32256 -34.65601 -14.36481  -4.79077                            -54.62752 -19.00939  19.43455  11.04293 -40.45457 -39.36815     invalid  
49    -24.75579 -38.13616 -28.10990 -34.24285 -14.41121  -5.18171                            -55.11904 -19.04784  19.64721  11.45608 -40.50097 -39.75909     invalid  
50    -25.24731 -38.17461 -27.89725 -33.82969 -14.45761  -5.57265                            -55.61057 -19.08629  19.85987  11.86924 -40.54737 -40.15003     invalid  
51    -25.73884 -38.21307 -27.68459 -33.41654 -14.50401  -5.96358                            -56.10209 -19.12475  20.07253  12.28239 -40.59377 -40.54097     invalid  
52    -26.23036 -38.25152 -27.47193 -33.00338 -14.55041  -6.35452                            -56.59361 -19.16320  20.28519  12.69555 -40.64017 -40.93190     invalid  
53    -26.72188 -38.28998 -27.25927 -32.59023 -14.59681  -6.74546                            -57.08514 -19.20166  20.49785  13.10871 -40.68657 -41.32284     invalid  
54    -27.21340 -38.32843 -27.04661 -32.17707 -14.64321  -7.13640                            -57.57666 -19.24011  20.71050  13.52186 -40.73297 -41.71378     invalid  
55    -27.70493 -38.36689 -26.83395 -31.76391 -14.68961  -7.52733                            -58.06818 -19.27857  20.92316  13.93502 -40.77937 -42.10472     invalid  
56    -28.19645 -38.40534 -26.62129 -31.35076 -14.73602  -7.91827                            -58.55971 -19.31702  21.13582  14.34818 -40.82578 -42.49565     invalid  
57    -28.68797 -38.44380 -26.40864 -30.93760 -14.78242  -8.30921                            -59.05123 -19.35548  21.34848  14.76133 -40.87218 -42.88659     invalid  
58    -29.17950 -38.48225 -26.19598 -30.52444 -14.82882  -8.70015                            -59.54275 -19.39393  21.56114  15.17449 -40.91858 -43.27753     invalid  
59    -29.67102 -38.52070 -25.98332 -30.11129 -14.87522  -9.09108                            -60.03428 -19.43239  21.77380  15.58764 -40.96498 -43.66847     invalid  
60    -30.16254 -38.55916 -25.77066 -29.69813 -14.92162  -9.48202                            -60.52580 -19.47084  21.98646  16.00080 -41.01138 -44.05940     invalid  
61    -30.65407 -38.59761 -25.55800 -29.28498 -14.96802  -9.87296                            -61.01732 -19.50929  22.19912  16.41396 -41.05778 -44.45034     invalid  
62    -31.14559 -38.63607 -25.34534 -28.87182 -15.01442 -10.26390                            -61.50885 -19.54775  22.41177  16.82711 -41.10418 -44.84128     invalid  
63    -31.63711 -38.67452 -25.13268 -28.45866 -15.06082 -10.65483                            -62.00037 -19.58620  22.62443  17.24027 -41.15058 -45.23222     invalid  
64    -32.12864 -38.71298 -24.92002 -28.04551 -15.10722 -11.04577                            -62.49189 -19.62466  22.83709  17.65343 -41.19698 -45.62315     invalid  
65    -32.62016 -38.75143 -24.70737 -27.63235 -15.15363 -11.43671                            -62.98342 -19.66311  23.04975  18.06658 -41.24339 -46.01409     invalid  
66    -33.11168 -38.78989 -24.49471 -27.21919 -15.20003 -11.82765                            -63.47494 -19.70157  23.26241  18.47974 -41.28979 -46.40503     invalid  
67    -33.60321 -38.82834 -24.28205 -26.80604 -15.24643 -12.21858                            -63.96646 -19.74002  23.47507  18.89289 -41.33619 -46.79597     invalid  
68    -34.09473 -38.86680 -24.06939 -26.39288 -15.29283 -12.60952                            -64.45799 -19.77848  23.68773  19.30605 -41.38259 -47.18690     invalid  
69    -34.58625 -38.90525 -23.85673 -25.97973 -15.33923 -13.00046                            -64.94951 -19.81693  23.90038  19.71921 -41.42899 -47.57784     invalid  
70    -35.07778 -38.94370 -23.64407 -25.56657 -15.38563 -13.39140                            -65.44103 -19.85539  24.11304  20.13236 -41.47539 -47.96878     invalid  
71    -35.56930 -38.98216 -23.43141 -25.15341 -15.43203 -13.78233                            -65.93255 -19.89384  24.32570  20.54552 -41.52179 -48.35972     invalid  
72    -36.06082 -39.02061 -23.21876 -24.74026 -15.47843 -14.17327                            -66.42408 -19.93229  24.53836  20.95868 -41.56819 -48.75065     invalid  
73    -36.55235 -39.05907 -23.00610 -24.32710 -15.52483 -14.56421                            -66.91560 -19.97075  24.75102  21.37183 -41.61460 -49.14159     invalid  
74    -37.04387 -39.09752 -22.79344 -23.91394 -15.57124 -14.95515                            -67.40712 -20.00920  24.96368  21.78499 -41.66100 -49.53253     invalid  
75    -37.53539 -39.13598 -22.58078 -23.50079 -15.61764 -15.34608                            -67.89865 -20.04766  25.17634  22.19814 -41.70740 -49.92346     invalid  
76    -38.02691 -39.17443 -22.36812 -23.08763 -15.66404 -15.73702                            -68.39017 -20.08611  25.38899  22.61130 -41.75380 -50.31440     invalid  
77    -38.51844 -39.21289 -22.15546 -22.67448 -15.71044 -16.12796                            -68.88169 -20.12457  25.60165  23.02446 -41.80020 -50.70534     invalid  
78    -39.00996 -39.25134 -21.94280 -22.26132 -15.75684 -16.51890                            -69.37322 -20.16302  25.81431  23.43761 -41.84660 -51.09628     invalid  
79    -39.50148 -39.28980 -21.73015 -21.84816 -15.80324 -16.90983                            -69.86474 -20.20148  26.02697  23.85077 -41.89300 -51.48721     invalid  
80    -39.99301 -39.32825 -21.51749 -21.43501 -15.84964 -17.30077                            -70.35626 -20.23993  26.23963  24.26393 -41.93940 -51.87815     invalid  
81    -40.48453 -39.36670 -21.30483 -21.02185 -15.89604 -17.69171                            -70.84779 -20.27839  26.45229  24.67708 -41.98580 -52.26909     invalid  
82    -40.97605 -39.40516 -21.09217 -20.60869 -15.94244 -18.08264                            -71.33931 -20.31684  26.66495  25.09024 -42.03221 -52.66003     invalid  
83    -41.46758 -39.44361 -20.87951 -20.19554 -15.98885 -18.47358                            -71.83083 -20.35529  26.87760  25.50339 -42.07861 -53.05096     invalid  
84    -41.95910 -39.48207 -20.66685 -19.78238 -16.03525 -18.86452                            -72.32236 -20.39375  27.09026  25.91655 -42.12501 -53.44190     invalid  
85    -42.45062 -39.52052 -20.45419 -19.36923 -16.08165 -19.25546                            -72.81388 -20.43220  27.30292  26.32971 -42.17141 -53.83284     invalid  
86    -42.94215 -39.55898 -20.24154 -18.95607 -16.12805 -19.64639                            -73.30540 -20.47066  27.51558  26.74286 -42.21781 -54.22378     invalid  
87    -43.43367 -39.59743 -20.02888 -18.54291 -16.17445 -20.03733                            -73.79693 -20.50911  27.72824  27.15602 -42.26421 -54.61471     invalid  
88    -43.92519 -39.63589 -19.81622 -18.12976 -16.22085 -20.42827                            -74.28845 -20.54757  27.94090  27.56918 -42.31061 -55.00565     invalid  
89    -44.41672 -39.67434 -19.60356 -17.71660 -16.26725 -20.81921                            -74.77997 -20.58602  28.15356  27.98233 -42.35701 -55.39659     invalid  
90    -44.90824 -39.71280 -19.39090 -17.30344 -16.31365 -21.21014                            -75.27150 -20.62448  28.36621  28.39549 -42.40341 -55.78753     invalid  
91    -45.39976 -39.75125 -19.17824 -16.89029 -16.36006 -21.60108                            -75.76302 -20.66293  28.57887  28.80864 -42.44982 -56.17846     invalid  
92    -45.89129 -39.78970 -18.96558 -16.47713 -16.40646 -21.99202                            -76.25454 -20.70138  28.79153  29.22180 -42.49622 -56.56940     invalid  
93    -46.38281 -39.82816 -18.75293 -16.06398 -16.45286 -22.38296                            -76.74606 -20.73984  29.00419  29.63496 -42.54262 -56.96034     invalid  
94    -46.87433 -39.86661 -18.54027 -15.65082 -16.49926 -22.77389                            -77.23759 -20.77829  29.21685  30.04811 -42.58902 -57.35128     invalid  
95    -47.36586 -39.90507 -18.32761 -15.23766 -16.54566 -23.16483                            -77.72911 -20.81675  29.42951  30.46127 -42.63542 -57.74221     invalid  
96    -47.85738 -39.94352 -18.11495 -14.82451 -16.59206 -23.55577                            -78.22063 -20.85520  29.64217  30.87443 -42.68182 -58.13315     invalid  
97    -48.34890 -39.98198 -17.90229 -14.41135 -16.63846 -23.94671                            -78.71216 -20.89366  29.85483  31.28758 -42.72822 -58.52409     invalid  
98    -48.84043 -40.02043 -17.68963 -13.99819 -16.68486 -24.33764                            -79.20368 -20.93211  30.06748  31.70074 -42.77462 -58.91503     invalid  
99    -49.33195 -40.05889 -17.47697 -13.58504 -16.73126 -24.72858                            -79.69520 -20.97057  30.28014  32.11389 -42.82102 -59.30596     invalid  
