PointDistanceFollower  May 16 2018
Fol_2018-05-16.16_30_42.48_47.txt     Output is S6 probe cell, C3 reduced cell, S6Dist CS6Dist distance between
0     15.82643 -54.34313 -24.48150  -2.29612  -9.17626 -42.31920     (-9.176,-31.867) (-11.472,-2.005) (-6.650,-33.143)     -40.19833 -24.42608 -21.09641  11.88122 -53.42971   6.77038     (-9.436,-2.666) (-23.992,-21.760) (-13.460,-9.215)      21.5858  24.8783  
1     15.74743 -54.26698 -24.07428  -2.61203  -9.05785 -42.06096     (-9.058,-31.830) (-11.670,-1.637) (-6.690,-33.003)     -40.27733 -24.34993 -20.68919  11.56531 -53.31130   7.02862     (-9.470,-2.441) (-23.779,-21.909) (-13.682,-9.124)      21.508  24.8308  
2     15.66844 -54.19083 -23.66706  -2.92794  -8.93945 -41.80271     (-8.939,-31.793) (-11.867,-1.270) (-6.729,-32.863)     -40.35633 -24.27378 -20.28197  11.24940 -53.19289   7.28687     (-9.504,-2.217) (-23.566,-22.057) (-13.904,-9.033)      21.4383  24.7905  
3     15.58944 -54.11468 -23.25984  -3.24385  -8.82104 -41.54447     (-8.821,-31.757) (-12.065,-0.902) (-6.768,-32.723)     -40.43532 -24.19763 -19.87475  10.93349 -53.07448   7.54512     (-9.537,-1.992) (-23.353,-22.205) (-14.125,-8.941)      21.3765  24.7571  
4     15.51044 -54.03853 -22.85262  -3.55976  -8.70263 -41.28622     (-8.703,-31.720) (-12.262,-0.534) (-6.808,-32.584)     -40.51432 -24.12148 -19.46753  10.61758 -52.95607   7.80336     (-9.571,-1.768) (-23.140,-22.354) (-14.347,-8.850)      21.3229  24.7309  
5     15.43144 -53.96239 -22.44540  -3.87567  -8.58422 -41.02798     (-8.584,-31.684) (-12.460,-0.167) (-6.847,-32.444)     -40.59332 -24.04534 -19.06031  10.30167 -52.83767   8.06161     (-9.605,-1.543) (-22.927,-22.502) (-14.568,-8.759)      21.2774  24.7117  
6     15.35244 -53.88624 -22.03818  -4.19158  -8.46581 -40.76973     (-6.686,-31.446) (-12.858,-0.201) (-8.265,-32.103)     -40.67232 -23.96919 -18.65309   9.98576 -52.71926   8.31985     (-9.638,-1.318) (-22.714,-22.651) (-14.790,-8.667)      21.2401  24.6997  
7     15.27345 -53.81009 -21.63096  -4.50749  -8.34740 -40.51148     (-6.358,-31.042) (-13.423,-0.569) (-7.779,-31.596)     -40.75131 -23.89304 -18.24587   9.66985 -52.60085   8.57810     (-9.672,-1.094) (-22.501,-22.799) (-15.011,-8.576)      21.211  24.6949  
8     15.19445 -53.73394 -21.22374  -4.82340  -8.22899 -40.25324     (-6.029,-30.638) (-13.989,-0.936) (-7.293,-31.088)     -40.83031 -23.81689 -17.83865   9.35394 -52.48244   8.83634     (-9.706,-0.869) (-22.288,-22.948) (-15.233,-8.485)      21.1903  24.6971  
9     15.11545 -53.65779 -20.81652  -5.13931  -8.11059 -39.99499     (-5.701,-30.234) (-14.554,-1.304) (-6.807,-30.581)     -40.90931 -23.74074 -17.43143   9.03803 -52.36403   9.09459     (-0.645,-9.739) (-23.096,-22.076) (-15.454,-8.393)      21.1778  20.1838     glitch
10     15.03645 -53.58164 -20.40930  -5.45522  -7.99218 -39.73675     (-5.373,-29.829) (-15.119,-1.671) (-6.321,-30.073)     -40.98831 -23.66459 -17.02421   8.72212 -52.24562   9.35284     (-0.420,-9.773) (-23.245,-21.863) (-15.676,-8.302)      21.1737  20.5736  
11     14.95746 -53.50550 -20.00208  -5.77113  -7.87377 -39.47850     (-5.045,-29.425) (-15.684,-2.039) (-5.835,-29.566)     -41.06731 -23.58845 -16.61699   8.40621 -52.12721   9.61108     (-0.195,-9.807) (-23.393,-21.650) (-15.897,-8.211)      21.1779  20.9645  
12     14.87846 -53.42935 -19.59486  -6.08704  -7.75536 -39.22026     (-4.716,-29.021) (-16.249,-2.407) (-5.349,-29.058)     -41.14630 -23.51230 -16.20977   8.09030 -52.00881   9.86933     (-0.029,-9.869) (-23.512,-16.090) (-21.408,-8.090)      21.2173  21.2173  
13     14.79946 -53.35320 -19.18764  -6.40295  -7.63695 -38.96201     (-4.388,-28.617) (-16.814,-2.774) (-4.863,-28.551)     -41.22530 -23.43615 -15.80255   7.77439 -51.89040  10.12757     (-0.254,-10.128) (-23.436,-16.086) (-20.970,-7.774)      21.4499  21.4499  
14     14.72046 -53.27705 -18.78042  -6.71886  -7.51854 -38.70377     (-4.060,-28.213) (-17.379,-3.142) (-4.377,-28.043)     -41.30430 -23.36000 -15.39533   7.45848 -51.77199  10.38582     (-0.478,-10.386) (-23.360,-16.083) (-20.533,-7.458)      21.6991  21.6991  
15     14.64146 -53.20090 -18.37320  -7.03477  -7.40014 -38.44552     (-3.732,-27.809) (-17.945,-3.510) (-3.891,-27.536)     -41.38330 -23.28385 -14.98811   7.14257 -51.65358  10.64406     (-0.703,-10.644) (-23.284,-16.080) (-20.095,-7.143)      21.9643  21.9643  
16     14.56247 -53.12475 -17.96598  -7.35068  -7.28173 -38.18727     (-3.404,-27.404) (-18.510,-3.877) (-3.404,-27.028)     -41.46229 -23.20770 -14.58089   6.82666 -51.53517  10.90231     (-0.928,-10.902) (-23.208,-16.077) (-19.658,-6.827)      22.245  22.245  
17     14.48347 -53.04861 -17.55876  -7.66659  -7.16332 -37.92903     (-3.075,-27.000) (-19.075,-4.245) (-2.918,-26.521)     -41.54129 -23.13156 -14.17367   6.51075 -51.41676  11.16055     (-1.152,-11.161) (-23.132,-16.074) (-19.220,-6.511)      22.5405  22.5405  
18     14.40447 -52.97246 -17.15154  -7.98250  -7.04491 -37.67078     (-2.747,-26.596) (-19.640,-4.612) (-2.432,-26.013)     -41.62029 -23.05541 -13.76645   6.19484 -51.29836  11.41880     (-1.377,-11.419) (-23.055,-16.071) (-18.783,-6.195)      22.8504  22.8504  
19     14.32547 -52.89631 -16.74432  -8.29841  -6.92650 -37.41254     (-2.419,-26.192) (-20.205,-4.980) (-1.946,-25.506)     -41.69929 -22.97926 -13.35923   5.87893 -51.17995  11.67705     (-1.601,-11.677) (-22.979,-16.068) (-18.345,-5.879)      23.174  23.174  
20     14.24648 -52.82016 -16.33710  -8.61432  -6.80809 -37.15429     (-2.091,-25.788) (-20.770,-5.348) (-1.460,-24.998)     -41.77829 -22.90311 -12.95201   5.56302 -51.06154  11.93529     (-1.826,-11.935) (-22.903,-16.065) (-17.908,-5.563)      23.5108  23.5108  
21     14.16748 -52.74401 -15.92988  -8.93023  -6.68968 -36.89605     (-1.762,-25.383) (-21.335,-5.715) (-0.974,-24.491)     -41.85728 -22.82696 -12.54479   5.24711 -50.94313  12.19354     (-2.051,-12.194) (-22.827,-16.062) (-17.470,-5.247)      23.8602  23.8602  
22     14.08848 -52.66786 -15.52266  -9.24614  -6.57128 -36.63780     (-1.434,-24.979) (-21.900,-6.083) (-0.488,-23.983)     -41.93628 -22.75081 -12.13757   4.93120 -50.82472  12.45178     (-2.275,-12.452) (-22.751,-16.059) (-17.033,-4.931)      24.2216  24.2216  
23     14.00948 -52.59172 -15.11544  -9.56205  -6.45287 -36.37956     (-1.106,-24.575) (-22.466,-6.451) (-0.002,-23.476)     -42.01528 -22.67467 -11.73035   4.61529 -50.70631  12.71003     (-2.500,-12.710) (-22.675,-16.056) (-16.595,-4.615)      24.5946  24.5946  
24     13.93048 -52.51557 -14.70822  -9.87796  -6.33446 -36.12131     (-0.294,-22.547) (-23.687,-6.334) (-0.484,-23.452)     -42.09428 -22.59852 -11.32313   4.29938 -50.58790  12.96827     (-2.724,-12.968) (-22.599,-16.053) (-16.158,-4.299)      24.9785  24.7414  
25     13.85149 -52.43942 -14.30100 -10.19387  -6.21605 -35.86306     (-0.520,-23.146) (-22.276,-0.450) (-5.696,-22.911)     -42.17327 -22.52237 -10.91591   3.98347 -50.46950  13.22652     (-2.949,-13.227) (-22.522,-16.050) (-15.720,-3.983)      25.373  24.7496  
26     13.77249 -52.36327 -13.89378 -10.50978  -6.09764 -35.60482     (-1.335,-24.040) (-20.572,-0.121) (-4.763,-22.075)     -42.25227 -22.44622 -10.50869   3.66756 -50.35109  13.48476     (-3.174,-13.485) (-22.446,-16.046) (-15.283,-3.668)      25.7775  24.7746  
27     13.69349 -52.28712 -13.48656 -10.82570  -5.97923 -35.34657     (-3.623,-24.726) (-19.074,-0.207) (-1.942,-21.032)     -42.33127 -22.37007 -10.10147   3.35165 -50.23268  13.74301     (-3.398,-13.743) (-22.370,-16.043) (-14.845,-3.352)      26.1916  24.8162  
28     13.61449 -52.21097 -13.07934 -11.14161  -5.86082 -35.08833     (-2.363,-25.291) (-17.698,-0.535) (-2.428,-19.868)     -42.41027 -22.29392  -9.69425   3.03574 -50.11427  14.00126     (-3.623,-14.001) (-22.294,-16.040) (-14.408,-3.036)      26.6148  24.8744  
29     13.53550 -52.13483 -12.67212 -11.45752  -5.74242 -34.83008     (-1.102,-25.856) (-16.322,-0.863) (-2.914,-18.704)     -42.48927 -22.21778  -9.28703   2.71983 -49.99586  14.25950     (-3.847,-14.260) (-22.218,-16.037) (-13.970,-2.720)      26.9145  24.9491  
30     13.45650 -52.05868 -12.26490 -11.77343  -5.62401 -34.57184     (-0.159,-26.581) (-14.786,-3.241) (-1.032,-17.381)     -42.56826 -22.14163  -8.87981   2.40392 -49.87745  14.51775     (-4.072,-14.518) (-22.142,-16.034) (-13.533,-2.404)      26.651  25.0401  
31     13.37750 -51.98253 -11.85768 -12.08934  -5.50560 -34.31359     (-1.420,-28.407) (-12.149,-2.466) (-0.100,-14.956)     -42.64726 -22.06548  -8.47259   2.08801 -49.75905  14.77599     (-4.297,-14.776) (-22.065,-16.031) (-13.095,-2.088)      26.4007  25.1473  
32     13.29850 -51.90638 -11.45046 -12.40525  -5.38719 -34.05534     (-1.848,-8.679) (-29.400,-0.858) (-0.833,-13.365)     -42.72626 -21.98933  -8.06537   1.77210 -49.64064  15.03424     (-4.521,-15.034) (-21.989,-16.028) (-12.658,-1.772)      26.1638  25.2704  
33     13.21950 -51.83023 -11.04324 -12.72116  -5.26878 -33.79710     (-0.916,-4.260) (-31.143,-0.849) (-1.327,-11.023)     -42.80526 -21.91318  -7.65815   1.45619 -49.52223  15.29248     (-4.746,-15.292) (-21.913,-16.025) (-12.220,-1.456)      25.9406  25.4092  
34     13.14051 -51.75408 -10.63602 -13.03707  -5.15037 -33.53885     (-5.788,-0.052) (-31.603,-2.557) (-1.018,-0.036)     -42.88426 -21.83703  -7.25093   1.14028 -49.40382  15.55073     (-4.970,-15.551) (-21.837,-16.022) (-11.783,-1.140)      25.7317  25.5634  
35     13.06151 -51.67794 -10.22880 -13.35298  -5.03197 -33.28061                            -42.96325 -21.76089  -6.84371   0.82437 -49.28541  15.80898     invalid  
36     12.98251 -51.60179  -9.82158 -13.66889  -4.91356 -33.02236                            -43.04225 -21.68474  -6.43649   0.50846 -49.16700  16.06722     invalid  
37     12.90351 -51.52564  -9.41436 -13.98480  -4.79515 -32.76412                            -43.12125 -21.60859  -6.02927   0.19255 -49.04859  16.32547     invalid  
38     12.82451 -51.44949  -9.00714 -14.30071  -4.67674 -32.50587                            -43.20025 -21.53244  -5.62205  -0.12336 -48.93019  16.58371     invalid  
39     12.74552 -51.37334  -8.59992 -14.61662  -4.55833 -32.24763                            -43.27924 -21.45629  -5.21483  -0.43927 -48.81178  16.84196     invalid  
40     12.66652 -51.29719  -8.19270 -14.93253  -4.43992 -31.98938                            -43.35824 -21.38014  -4.80761  -0.75518 -48.69337  17.10020     invalid  
41     12.58752 -51.22105  -7.78548 -15.24844  -4.32151 -31.73113                            -43.43724 -21.30400  -4.40039  -1.07109 -48.57496  17.35845     invalid  
42     12.50852 -51.14490  -7.37826 -15.56435  -4.20311 -31.47289                            -43.51624 -21.22785  -3.99317  -1.38700 -48.45655  17.61669     invalid  
43     12.42953 -51.06875  -6.97104 -15.88026  -4.08470 -31.21464                            -43.59524 -21.15170  -3.58595  -1.70291 -48.33814  17.87494     invalid  
44     12.35053 -50.99260  -6.56382 -16.19617  -3.96629 -30.95640                            -43.67423 -21.07555  -3.17873  -2.01882 -48.21973  18.13319     invalid  
45     12.27153 -50.91645  -6.15660 -16.51208  -3.84788 -30.69815                            -43.75323 -20.99940  -2.77151  -2.33474 -48.10133  18.39143     invalid  
46     12.19253 -50.84030  -5.74938 -16.82799  -3.72947 -30.43991                            -43.83223 -20.92325  -2.36429  -2.65065 -47.98292  18.64968     invalid  
47     12.11353 -50.76416  -5.34216 -17.14390  -3.61106 -30.18166                            -43.91123 -20.84711  -1.95707  -2.96656 -47.86451  18.90792     invalid  
48     12.03454 -50.68801  -4.93494 -17.45981  -3.49266 -29.92342                            -43.99022 -20.77096  -1.54985  -3.28247 -47.74610  19.16617     invalid  
49     11.95554 -50.61186  -4.52772 -17.77572  -3.37425 -29.66517                            -44.06922 -20.69481  -1.14263  -3.59838 -47.62769  19.42441     invalid  
50     11.87654 -50.53571  -4.12050 -18.09163  -3.25584 -29.40692                            -44.14822 -20.61866  -0.73541  -3.91429 -47.50928  19.68266     invalid  
51     11.79754 -50.45956  -3.71328 -18.40754  -3.13743 -29.14868                            -44.22722 -20.54251  -0.32819  -4.23020 -47.39088  19.94090     invalid  
52     11.71855 -50.38341  -3.30606 -18.72345  -3.01902 -28.89043                            -44.30622 -20.46636   0.07903  -4.54611 -47.27247  20.19915     invalid  
53     11.63955 -50.30727  -2.89884 -19.03936  -2.90061 -28.63219                            -44.38521 -20.39022   0.48625  -4.86202 -47.15406  20.45740     invalid  
54     11.56055 -50.23112  -2.49162 -19.35527  -2.78220 -28.37394                            -44.46421 -20.31407   0.89347  -5.17793 -47.03565  20.71564     invalid  
55     11.48155 -50.15497  -2.08440 -19.67118  -2.66380 -28.11570                            -44.54321 -20.23792   1.30069  -5.49384 -46.91724  20.97389     invalid  
56     11.40255 -50.07882  -1.67718 -19.98709  -2.54539 -27.85745                            -44.62221 -20.16177   1.70791  -5.80975 -46.79883  21.23213     invalid  
57     11.32356 -50.00267  -1.26996 -20.30300  -2.42698 -27.59920                            -44.70120 -20.08562   2.11513  -6.12566 -46.68042  21.49038     invalid  
58     11.24456 -49.92652  -0.86274 -20.61891  -2.30857 -27.34096                            -44.78020 -20.00947   2.52235  -6.44157 -46.56202  21.74862     invalid  
59     11.16556 -49.85038  -0.45552 -20.93482  -2.19016 -27.08271                            -44.85920 -19.93333   2.92957  -6.75748 -46.44361  22.00687     invalid  
60     11.08656 -49.77423  -0.04830 -21.25073  -2.07175 -26.82447                            -44.93820 -19.85718   3.33679  -7.07339 -46.32520  22.26511     invalid  
61     11.00757 -49.69808   0.35892 -21.56664  -1.95335 -26.56622                            -45.01720 -19.78103   3.74401  -7.38930 -46.20679  22.52336     invalid  
62     10.92857 -49.62193   0.76614 -21.88255  -1.83494 -26.30798                            -45.09619 -19.70488   4.15123  -7.70521 -46.08838  22.78161     invalid  
63     10.84957 -49.54578   1.17336 -22.19846  -1.71653 -26.04973                            -45.17519 -19.62873   4.55845  -8.02112 -45.96997  23.03985     invalid  
64     10.77057 -49.46963   1.58058 -22.51437  -1.59812 -25.79149                            -45.25419 -19.55258   4.96567  -8.33703 -45.85157  23.29810     invalid  
65     10.69157 -49.39349   1.98780 -22.83028  -1.47971 -25.53324                            -45.33319 -19.47644   5.37289  -8.65294 -45.73316  23.55634     invalid  
66     10.61258 -49.31734   2.39502 -23.14619  -1.36130 -25.27499                            -45.41218 -19.40029   5.78011  -8.96885 -45.61475  23.81459     invalid  
67     10.53358 -49.24119   2.80224 -23.46210  -1.24289 -25.01675                            -45.49118 -19.32414   6.18733  -9.28476 -45.49634  24.07283     invalid  
68     10.45458 -49.16504   3.20946 -23.77801  -1.12449 -24.75850                            -45.57018 -19.24799   6.59455  -9.60067 -45.37793  24.33108     invalid  
69     10.37558 -49.08889   3.61668 -24.09392  -1.00608 -24.50026                            -45.64918 -19.17184   7.00177  -9.91658 -45.25952  24.58933     invalid  
70     10.29659 -49.01274   4.02390 -24.40983  -0.88767 -24.24201                            -45.72818 -19.09569   7.40899 -10.23249 -45.14111  24.84757     invalid  
71     10.21759 -48.93660   4.43112 -24.72574  -0.76926 -23.98377                            -45.80717 -19.01955   7.81621 -10.54840 -45.02271  25.10582     invalid  
72     10.13859 -48.86045   4.83834 -25.04165  -0.65085 -23.72552                            -45.88617 -18.94340   8.22343 -10.86431 -44.90430  25.36406     invalid  
73     10.05959 -48.78430   5.24556 -25.35756  -0.53244 -23.46728                            -45.96517 -18.86725   8.63065 -11.18022 -44.78589  25.62231     invalid  
74      9.98059 -48.70815   5.65278 -25.67347  -0.41403 -23.20903                            -46.04417 -18.79110   9.03787 -11.49613 -44.66748  25.88055     invalid  
75      9.90160 -48.63200   6.06000 -25.98938  -0.29563 -22.95078                            -46.12317 -18.71495   9.44509 -11.81204 -44.54907  26.13880     invalid  
76      9.82260 -48.55585   6.46722 -26.30529  -0.17722 -22.69254                            -46.20216 -18.63880   9.85231 -12.12795 -44.43066  26.39704     invalid  
77      9.74360 -48.47971   6.87444 -26.62120  -0.05881 -22.43429                            -46.28116 -18.56266  10.25953 -12.44386 -44.31226  26.65529     invalid  
78      9.66460 -48.40356   7.28166 -26.93711   0.05960 -22.17605                            -46.36016 -18.48651  10.66675 -12.75977 -44.19385  26.91354     invalid  
79      9.58560 -48.32741   7.68888 -27.25302   0.17801 -21.91780                            -46.43916 -18.41036  11.07397 -13.07568 -44.07544  27.17178     invalid  
80      9.50661 -48.25126   8.09610 -27.56893   0.29642 -21.65956                            -46.51815 -18.33421  11.48119 -13.39159 -43.95703  27.43003     invalid  
81      9.42761 -48.17511   8.50332 -27.88484   0.41482 -21.40131                            -46.59715 -18.25806  11.88841 -13.70750 -43.83862  27.68827     invalid  
82      9.34861 -48.09896   8.91054 -28.20075   0.53323 -21.14307                            -46.67615 -18.18191  12.29563 -14.02341 -43.72021  27.94652     invalid  
83      9.26961 -48.02282   9.31776 -28.51666   0.65164 -20.88482                            -46.75515 -18.10577  12.70285 -14.33932 -43.60180  28.20476     invalid  
84      9.19062 -47.94667   9.72498 -28.83257   0.77005 -20.62657                            -46.83415 -18.02962  13.11007 -14.65523 -43.48340  28.46301     invalid  
85      9.11162 -47.87052  10.13220 -29.14848   0.88846 -20.36833                            -46.91314 -17.95347  13.51729 -14.97114 -43.36499  28.72125     invalid  
86      9.03262 -47.79437  10.53942 -29.46439   1.00687 -20.11008                            -46.99214 -17.87732  13.92451 -15.28705 -43.24658  28.97950     invalid  
87      8.95362 -47.71822  10.94664 -29.78030   1.12528 -19.85184                            -47.07114 -17.80117  14.33173 -15.60296 -43.12817  29.23775     invalid  
88      8.87462 -47.64207  11.35386 -30.09621   1.24368 -19.59359                            -47.15014 -17.72502  14.73895 -15.91887 -43.00976  29.49599     invalid  
89      8.79563 -47.56593  11.76108 -30.41212   1.36209 -19.33535                            -47.22913 -17.64888  15.14617 -16.23478 -42.89135  29.75424     invalid  
90      8.71663 -47.48978  12.16830 -30.72803   1.48050 -19.07710                            -47.30813 -17.57273  15.55339 -16.55069 -42.77294  30.01248     invalid  
91      8.63763 -47.41363  12.57552 -31.04394   1.59891 -18.81885                            -47.38713 -17.49658  15.96061 -16.86660 -42.65454  30.27073     invalid  
92      8.55863 -47.33748  12.98274 -31.35985   1.71732 -18.56061                            -47.46613 -17.42043  16.36783 -17.18251 -42.53613  30.52897     invalid  
93      8.47964 -47.26133  13.38996 -31.67576   1.83573 -18.30236                            -47.54513 -17.34428  16.77505 -17.49842 -42.41772  30.78722     invalid  
94      8.40064 -47.18518  13.79718 -31.99167   1.95413 -18.04412                            -47.62412 -17.26813  17.18227 -17.81433 -42.29931  31.04547     invalid  
95      8.32164 -47.10904  14.20440 -32.30758   2.07254 -17.78587                            -47.70312 -17.19199  17.58949 -18.13024 -42.18090  31.30371     invalid  
96      8.24264 -47.03289  14.61162 -32.62349   2.19095 -17.52763                            -47.78212 -17.11584  17.99671 -18.44615 -42.06249  31.56196     invalid  
97      8.16364 -46.95674  15.01884 -32.93940   2.30936 -17.26938                            -47.86112 -17.03969  18.40393 -18.76206 -41.94409  31.82020     invalid  
98      8.08465 -46.88059  15.42606 -33.25531   2.42777 -17.01114                            -47.94011 -16.96354  18.81115 -19.07797 -41.82568  32.07845     invalid  
99      8.00565 -46.80444  15.83328 -33.57122   2.54618 -16.75289                            -48.01911 -16.88739  19.21837 -19.39388 -41.70727  32.33669     invalid  
