PointDistanceFollower  May 16 2018
Fol_2018-05-16.16_22_52.41_40.txt     Output is S6 probe cell, C3 reduced cell, S6Dist CS6Dist distance between
0     12.70591  -7.53004 -60.74578 -12.42233 -20.08990 -13.57147     (-46.803,-22.160) (-2.968,-2.102) (-2.208,-1.118)     -10.30303   6.51679   7.61770 -28.73930 -42.84553 -19.18407     (-6.151,-7.618) (-6.517,-27.610) (-0.470,-10.303)      24.8352  26.8253  
1     12.10481  -7.48396 -60.15449 -12.52070 -19.90821 -13.44567     (-49.293,-23.187) (-1.438,-0.097) (-3.183,-4.107)     -10.26109   6.38513   7.53601 -28.52595 -42.69164 -19.09436     (-6.324,-7.536) (-6.385,-27.620) (-0.684,-10.261)      24.8381  26.8831  
2     11.50371  -7.43788 -59.56320 -12.61906 -19.72651 -13.31987     (-2.250,-22.307) (-1.816,-1.907) (-49.876,-5.188)     -10.21914   6.25348   7.45431 -28.31260 -42.53774 -19.00466     (-6.498,-7.454) (-6.253,-27.629) (-0.897,-10.219)      24.8451  26.9446  
3     10.90261  -7.39179 -58.97191 -12.71743 -19.54482 -13.19407     (-1.219,-21.329) (-2.291,-3.912) (-50.361,-6.172)     -10.17720   6.12183   7.37261 -28.09925 -42.38385 -18.91495     (-6.671,-7.373) (-6.122,-27.639) (-1.110,-10.177)      24.8561  27.0096  
4     10.30150  -7.34571 -58.38062 -12.81579 -19.36313 -13.06828     (-0.189,-20.351) (-2.767,-5.917) (-50.846,-7.157)     -10.13525   5.99018   7.29091 -27.88590 -42.22996 -18.82524     (-6.845,-7.291) (-5.990,-27.648) (-1.324,-10.135)      24.8712  27.0783  
5      9.70040  -7.29962 -57.78933 -12.91416 -19.18143 -12.94248     (-0.841,-20.214) (-2.401,-50.490) (-7.080,-7.300)     -10.09331   5.85852   7.20922 -27.67255 -42.07606 -18.73553     (-7.018,-7.209) (-5.859,-27.658) (-1.537,-10.093)      24.8904  27.1505  
6      9.09930  -7.25354 -57.19804 -13.01252 -18.99974 -12.81668     (-1.872,-20.266) (-1.846,-49.944) (-8.055,-7.254)     -10.05136   5.72687   7.12752 -27.45920 -41.92217 -18.64583     (-7.192,-7.128) (-5.727,-27.667) (-1.750,-10.051)      24.9137  27.2263  
7      8.49820  -7.20746 -56.60675 -13.11089 -18.81804 -12.69089     (-2.902,-20.318) (-1.291,-49.399) (-9.029,-7.207)     -10.00942   5.59522   7.04582 -27.24585 -41.76828 -18.55612     (-7.366,-7.046) (-5.595,-27.677) (-1.964,-10.009)      24.941  27.3055  
8      7.89709  -7.16137 -56.01546 -13.20925 -18.63635 -12.56509     (-3.932,-20.371) (-0.736,-48.854) (-10.004,-7.161)      -9.96748   5.46357   6.96413 -27.03251 -41.61439 -18.46641     (-7.539,-6.964) (-5.464,-27.686) (-2.177,-9.967)      24.9723  27.3883  
9      7.29599  -7.11529 -55.42417 -13.30762 -18.45466 -12.43929     (-4.963,-20.423) (-0.181,-48.309) (-10.978,-7.115)      -9.92553   5.33192   6.88243 -26.81916 -41.46049 -18.37670     (-7.713,-6.882) (-5.332,-27.696) (-2.390,-9.926)      25.0077  27.4745  
10      6.69489  -7.06921 -54.83288 -13.40598 -18.27296 -12.31349     (-6.695,-20.101) (-0.374,-48.138) (-11.578,-5.619)      -9.88359   5.20026   6.80073 -26.60581 -41.30660 -18.28700     (-7.886,-6.801) (-5.200,-27.705) (-2.604,-9.884)      25.047  27.5641  
11      6.09379  -7.02312 -54.24159 -13.50435 -18.09127 -12.18770     (-6.094,-19.598) (-0.929,-48.148) (-11.997,-6.094)      -9.84164   5.06861   6.71903 -26.39246 -41.15271 -18.19729     (-8.060,-6.719) (-5.069,-27.715) (-2.817,-9.842)      25.0904  27.6571  
12      5.49268  -6.97704 -53.65030 -13.60271 -17.90957 -12.06190     (-5.493,-19.095) (-1.484,-48.158) (-12.417,-6.569)      -9.79970   4.93696   6.63734 -26.17911 -40.99881 -18.10758     (-8.234,-6.637) (-4.937,-27.724) (-3.031,-9.800)      25.1377  27.7534  
13      4.89158  -6.93095 -53.05901 -13.70108 -17.72788 -11.93610     (-4.892,-18.593) (-2.039,-48.167) (-12.836,-7.045)      -9.75775   4.80531   6.55564 -25.96576 -40.84492 -18.01787     (-8.407,-6.556) (-4.805,-27.734) (-3.244,-9.758)      25.1889  27.853  
14      4.29048  -6.88487 -52.46772 -13.79944 -17.54619 -11.81030     (-4.290,-18.090) (-2.594,-48.177) (-13.256,-7.520)      -9.71581   4.67365   6.47394 -25.75241 -40.69103 -17.92817     (-8.581,-6.474) (-4.674,-27.743) (-3.457,-9.716)      25.2441  27.9559  
15      3.68938  -6.83879 -51.87643 -13.89781 -17.36449 -11.68451     (-3.689,-17.587) (-3.149,-48.187) (-13.675,-7.995)      -9.67386   4.54200   6.39224 -25.53906 -40.53713 -17.83846     (-8.754,-6.392) (-4.542,-27.753) (-3.671,-9.674)      25.3032  28.0621  
16      3.08827  -6.79270 -51.28514 -13.99618 -17.18280 -11.55871     (-3.088,-17.084) (-3.704,-48.197) (-14.095,-8.470)      -9.63192   4.41035   6.31055 -25.32571 -40.38324 -17.74875     (-8.928,-6.311) (-4.410,-27.762) (-3.884,-9.632)      25.3661  28.1715  
17      2.48717  -6.74662 -50.69385 -14.09454 -17.00110 -11.43291     (-2.487,-16.582) (-4.259,-48.207) (-14.514,-8.946)      -9.58997   4.27870   6.22885 -25.11236 -40.22935 -17.65904     (-9.102,-6.229) (-4.279,-27.772) (-4.097,-9.590)      25.4328  28.284  
18      1.88607  -6.70053 -50.10257 -14.19291 -16.81941 -11.30712     (-1.886,-16.079) (-4.814,-48.216) (-14.933,-9.421)      -9.54803   4.14705   6.14715 -24.89901 -40.07546 -17.56934     (-9.275,-6.147) (-4.147,-27.781) (-4.311,-9.548)      25.5034  28.3996  
19      1.28497  -6.65445 -49.51128 -14.29127 -16.63772 -11.18132     (-1.285,-15.576) (-5.369,-48.226) (-15.353,-9.896)      -9.50608   4.01539   6.06546 -24.68566 -39.92156 -17.47963     (-9.449,-6.065) (-4.015,-27.791) (-4.524,-9.506)      25.5778  28.5184  
20      0.68386  -6.60837 -48.91999 -14.38964 -16.45602 -11.05552     (-0.684,-15.074) (-5.925,-48.236) (-15.772,-10.372)      -9.46414   3.88374   5.98376 -24.47231 -39.76767 -17.38992     (-9.622,-5.984) (-3.884,-27.800) (-4.737,-9.464)      25.4747  28.6402  
21      0.08276  -6.56228 -48.32870 -14.48800 -16.27433 -10.92972     (-0.083,-14.571) (-6.480,-48.246) (-16.192,-10.847)      -9.42219   3.75209   5.90206 -24.25896 -39.61378 -17.30021     (-9.796,-5.902) (-3.752,-27.810) (-4.951,-9.422)      25.3688  28.765  
22     -0.51834  -6.51620 -47.73741 -14.58637 -16.09263 -10.80393     (-0.518,-14.586) (-6.516,-16.093) (-47.737,-10.804)      -9.38025   3.62044   5.82036 -24.04561 -39.45988 -17.21051     (-9.970,-5.820) (-3.620,-27.819) (-5.164,-9.380)      25.2665  28.8928  
23     -1.11944  -6.47012 -47.14612 -14.68473 -15.91094 -10.67813     (-1.119,-14.685) (-6.470,-15.911) (-47.146,-10.678)      -9.33830   3.48878   5.73867 -23.83226 -39.30599 -17.12080     (-10.143,-5.739) (-3.489,-27.829) (-5.377,-9.338)      25.1678  29.0235  
24     -1.72054  -6.42403 -46.55483 -14.78310 -15.72925 -10.55233     (-1.721,-14.783) (-6.424,-15.729) (-46.555,-10.552)      -9.29636   3.35713   5.65697 -23.61891 -39.15210 -17.03109     (-10.317,-5.657) (-3.357,-27.838) (-5.591,-9.296)      25.0728  29.1571  
25     -2.32165  -6.37795 -45.96354 -14.88146 -15.54755 -10.42653     (-2.322,-14.881) (-6.378,-15.548) (-45.964,-10.427)      -9.25441   3.22548   5.57527 -23.40556 -38.99820 -16.94138     (-10.490,-5.575) (-3.225,-27.848) (-5.804,-9.254)      24.9815  29.2936  
26     -2.92275  -6.33186 -45.37225 -14.97983 -15.36586 -10.30074     (-2.923,-14.980) (-6.332,-15.366) (-45.372,-10.301)      -9.21247   3.09383   5.49358 -23.19221 -38.84431 -16.85168     (-10.664,-5.494) (-3.094,-27.857) (-6.017,-9.212)      24.8939  29.4329  
27     -3.52385  -6.28578 -44.78096 -15.07819 -15.18416 -10.17494     (-3.524,-15.078) (-6.286,-15.184) (-44.781,-10.175)      -9.17052   2.96218   5.41188 -22.97887 -38.69042 -16.76197     (-10.838,-5.412) (-2.962,-27.867) (-6.231,-9.171)      24.8101  29.575  
28     -4.12495  -6.23970 -44.18967 -15.17656 -15.00247 -10.04914     (-4.125,-15.177) (-6.240,-15.002) (-44.190,-10.049)      -9.12858   2.83052   5.33018 -22.76552 -38.53653 -16.67226     (-11.011,-5.330) (-2.831,-27.876) (-6.444,-9.129)      24.7301  29.7198  
29     -4.72606  -6.19361 -43.59838 -15.27492 -14.82078  -9.92335     (-4.726,-15.275) (-6.194,-14.821) (-43.598,-9.923)      -9.08663   2.69887   5.24848 -22.55217 -38.38263 -16.58255     (-11.185,-5.248) (-2.699,-27.886) (-6.657,-9.087)      24.654  29.8673  
30     -5.32716  -6.14753 -43.00709 -15.37329 -14.63908  -9.79755     (-5.327,-15.373) (-6.148,-14.639) (-43.007,-9.798)      -9.04469   2.56722   5.16679 -22.33882 -38.22874 -16.49285     (-11.358,-5.167) (-2.567,-27.895) (-6.871,-9.045)      24.5818  30.0174  
31     -5.92826  -6.10145 -42.41580 -15.47165 -14.45739  -9.67175     (-5.928,-15.472) (-6.101,-14.457) (-42.416,-9.672)      -9.00275   2.43557   5.08509 -22.12547 -38.07485 -16.40314     (-11.532,-5.085) (-2.436,-27.905) (-7.084,-9.003)      24.5135  30.1686  
32     -6.52936  -6.05536 -41.82451 -15.57002 -14.27569  -9.54595     (-6.529,-15.570) (-6.055,-14.276) (-41.825,-9.546)      -8.96080   2.30391   5.00339 -21.91212 -37.92095 -16.31343     (-11.706,-5.003) (-2.304,-27.914) (-7.298,-8.961)      24.4491  30.3198  
33     -7.13047  -6.00928 -41.23322 -15.66839 -14.09400  -9.42016     (-7.130,-15.668) (-6.009,-14.094) (-41.233,-9.420)      -8.91886   2.17226   4.92169 -21.69877 -37.76706 -16.22373     (-11.879,-4.922) (-2.172,-27.924) (-7.511,-8.919)      24.3888  30.4736  
34     -7.73157  -5.96319 -40.64193 -15.76675 -13.91231  -9.29436     (-7.732,-15.767) (-5.963,-13.912) (-40.642,-9.294)      -8.87691   2.04061   4.84000 -21.48542 -37.61317 -16.13402     (-12.053,-4.840) (-2.041,-27.933) (-7.724,-8.877)      24.3325  30.6299  
35     -8.33267  -5.91711 -40.05064 -15.86512 -13.73061  -9.16856     (-8.333,-15.865) (-5.917,-13.731) (-40.051,-9.169)      -8.83497   1.90896   4.75830 -21.27207 -37.45927 -16.04431     (-12.226,-4.758) (-1.909,-27.943) (-7.938,-8.835)      24.2802  30.7887  
36     -8.93377  -5.87103 -39.45936 -15.96348 -13.54892  -9.04276     (-8.934,-15.963) (-5.871,-13.549) (-39.459,-9.043)      -8.79302   1.77731   4.67660 -21.05872 -37.30538 -15.95460     (-12.400,-4.677) (-1.777,-27.952) (-8.151,-8.793)      24.232  30.9499  
37     -9.53488  -5.82494 -38.86807 -16.06185 -13.36722  -8.91697     (-9.535,-16.062) (-5.825,-13.367) (-38.868,-8.917)      -8.75108   1.64565   4.59491 -20.84537 -37.15149 -15.86490     (-12.574,-4.595) (-1.646,-27.962) (-8.364,-8.751)      24.1879  31.1136  
38    -10.13598  -5.77886 -38.27678 -16.16021 -13.18553  -8.79117     (-10.136,-16.160) (-5.779,-13.186) (-38.277,-8.791)      -8.70913   1.51400   4.51321 -20.63202 -36.99760 -15.77519     (-12.747,-4.513) (-1.514,-27.971) (-8.578,-8.709)      24.148  31.2797  
39    -10.73708  -5.73278 -37.68549 -16.25858 -13.00384  -8.66537     (-10.737,-16.259) (-5.733,-13.004) (-37.685,-8.665)      -8.66719   1.38235   4.43151 -20.41867 -36.84370 -15.68548     (-12.921,-4.432) (-1.382,-27.981) (-8.791,-8.667)      24.1121  31.4482  
40    -11.33818  -5.68669 -37.09420 -16.35694 -12.82214  -8.53957     (-11.338,-16.357) (-5.687,-12.822) (-37.094,-8.540)      -8.62524   1.25070   4.34981 -20.20532 -36.68981 -15.59577     (-13.094,-4.350) (-1.251,-27.990) (-9.004,-8.625)      24.0805  31.6189  
41    -11.93929  -5.64061 -36.50291 -16.45531 -12.64045  -8.41378     (-11.939,-16.455) (-5.641,-12.640) (-36.503,-8.414)      -8.58330   1.11904   4.26812 -19.99197 -36.53592 -15.50607     (-13.268,-4.268) (-1.119,-28.000) (-9.218,-8.583)      24.053  31.7919  
42    -12.54039  -5.59452 -35.91162 -16.55367 -12.45875  -8.28798     (-12.540,-16.554) (-5.595,-12.459) (-35.912,-8.288)      -8.54135   0.98739   4.18642 -19.77862 -36.38202 -15.41636     (-13.442,-4.186) (-0.987,-28.009) (-9.431,-8.541)      24.0297  31.9672  
43    -13.14149  -5.54844 -35.32033 -16.65204 -12.27706  -8.16218     (-13.141,-16.652) (-5.548,-12.277) (-35.320,-8.162)      -8.49941   0.85574   4.10472 -19.56527 -36.22813 -15.32665     (-13.615,-4.105) (-0.856,-28.019) (-9.644,-8.499)      24.0106  32.1447  
44    -13.74259  -5.50236 -34.72904 -16.75040 -12.09537  -8.03639     (-13.743,-16.750) (-5.502,-12.095) (-34.729,-8.036)      -8.45746   0.72409   4.02302 -19.35192 -36.07424 -15.23694     (-13.789,-4.023) (-0.724,-28.028) (-9.858,-8.457)      23.9958  32.3243  
45    -14.34369  -5.45627 -34.13775 -16.84877 -11.91367  -7.91059     (-14.344,-16.849) (-5.456,-11.914) (-34.138,-7.911)      -8.41552   0.59244   3.94133 -19.13857 -35.92034 -15.14724     (-13.962,-3.941) (-0.592,-28.038) (-10.071,-8.416)      23.9851  32.5061  
46    -14.94480  -5.41019 -33.54646 -16.94713 -11.73198  -7.78479     (-14.945,-16.947) (-5.410,-11.732) (-33.546,-7.785)      -8.37357   0.46078   3.85963 -18.92523 -35.76645 -15.05753     (-14.136,-3.860) (-0.461,-28.047) (-10.284,-8.374)      23.9787  32.6899  
47    -15.54590  -5.36411 -32.95517 -17.04550 -11.55028  -7.65899     (-15.546,-17.045) (-5.364,-11.550) (-32.955,-7.659)      -8.33163   0.32913   3.77793 -18.71188 -35.61256 -14.96782     (-14.310,-3.778) (-0.329,-28.057) (-10.498,-8.332)      23.9765  32.8758  
48    -16.14700  -5.31802 -32.36388 -17.14386 -11.36859  -7.53320     (-16.147,-17.144) (-5.318,-11.369) (-32.364,-7.533)      -8.28968   0.19748   3.69624 -18.49853 -35.45867 -14.87811     (-14.483,-3.696) (-0.197,-28.066) (-10.711,-8.290)      23.9786  33.0638  
49    -16.74810  -5.27194 -31.77259 -17.24223 -11.18690  -7.40740     (-16.748,-17.242) (-5.272,-11.187) (-31.773,-7.407)      -8.24774   0.06583   3.61454 -18.28518 -35.30477 -14.78841     (-14.657,-3.615) (-0.066,-28.076) (-10.924,-8.248)      23.9849  33.2537  
50    -17.34921  -5.22585 -31.18130 -17.34059 -11.00520  -7.28160     (-17.349,-17.341) (-5.226,-11.005) (-31.181,-7.282)      -8.20579  -0.06583   3.53284 -18.07183 -35.15088 -14.69870     (-8.140,-3.467) (-0.066,-28.151) (-11.072,-14.765)      23.6583  33.112  
51    -17.95031  -5.17977 -30.59001 -17.43896 -10.82351  -7.15580     (-17.950,-17.439) (-5.180,-10.824) (-30.590,-7.156)      -8.16385  -0.19748   3.45114 -17.85848 -34.99699 -14.60899     (-7.966,-3.254) (-0.197,-28.292) (-11.154,-14.806)      23.4731  32.9369  
52    -18.55141  -5.13369 -29.99872 -17.53733 -10.64181  -7.03001     (-18.551,-17.537) (-5.134,-10.642) (-29.999,-7.030)      -8.12191  -0.32913   3.36945 -17.64513 -34.84309 -14.51928     (-7.793,-3.040) (-0.329,-28.433) (-11.235,-14.848)      23.2917  32.7645  
53    -19.15251  -5.08760 -29.40743 -17.63569 -10.46012  -6.90421     (-19.153,-17.636) (-5.088,-10.460) (-29.407,-6.904)      -8.07996  -0.46078   3.28775 -17.43178 -34.68920 -14.42958     (-7.619,-2.827) (-0.461,-28.574) (-11.317,-14.890)      23.1141  32.5949  
54    -19.75362  -5.04152 -28.81615 -17.73406 -10.27842  -6.77841     (-19.754,-17.734) (-5.042,-10.278) (-28.816,-6.778)      -8.03802  -0.59244   3.20605 -17.21843 -34.53531 -14.33987     (-7.446,-2.614) (-0.592,-28.716) (-11.399,-14.932)      22.9404  32.4282  
55    -20.35472  -4.99544 -28.22486 -17.83242 -10.09673  -6.65262     (-20.355,-17.832) (-4.995,-10.097) (-28.225,-6.653)      -7.99607  -0.72409   3.12436 -17.00508 -34.38141 -14.25016     (-7.272,-2.400) (-0.724,-28.857) (-11.480,-14.974)      22.7707  32.2644  
56    -20.95582  -4.94935 -27.63357 -17.93079  -9.91504  -6.52682     (-20.956,-17.931) (-4.949,-9.915) (-27.634,-6.527)      -7.95413  -0.85574   3.04266 -16.79173 -34.22752 -14.16045     (-7.098,-2.187) (-0.856,-28.998) (-11.562,-15.016)      22.605  32.1035  
57    -21.55692  -4.90327 -27.04228 -18.02915  -9.73334  -6.40102     (-21.557,-18.029) (-4.903,-9.733) (-27.042,-6.401)      -7.91218  -0.98739   2.96096 -16.57838 -34.07363 -14.07075     (-6.925,-1.974) (-0.987,-29.139) (-11.644,-15.058)      22.4436  31.9456  
58    -22.15803  -4.85718 -26.45099 -18.12752  -9.55165  -6.27522     (-22.158,-18.128) (-4.857,-9.552) (-26.451,-6.275)      -7.87024  -1.11904   2.87926 -16.36503 -33.91974 -13.98104     (-6.751,-1.760) (-1.119,-29.280) (-11.726,-15.100)      22.2865  31.7908  
59    -22.75913  -4.81110 -25.85970 -18.22588  -9.36995  -6.14943     (-22.759,-18.226) (-4.811,-9.370) (-25.860,-6.149)      -7.82829  -1.25070   2.79757 -16.15168 -33.76584 -13.89133     (-6.578,-1.547) (-1.251,-29.421) (-11.807,-15.142)      22.1337  31.639  
60    -23.36023  -4.76502 -25.26841 -18.32425  -9.18826  -6.02363     (-23.360,-18.324) (-4.765,-9.188) (-25.268,-6.024)      -7.78635  -1.38235   2.71587 -15.93833 -33.61195 -13.80162     (-6.404,-1.334) (-1.382,-29.563) (-11.889,-15.184)      21.9854  31.4903  
61    -23.96133  -4.71893 -24.67712 -18.42261  -9.00657  -5.89783     (-23.961,-18.423) (-4.719,-9.007) (-24.677,-5.898)      -7.74440  -1.51400   2.63417 -15.72498 -33.45806 -13.71192     (-6.230,-1.120) (-1.514,-29.704) (-11.971,-15.226)      21.8416  31.3448  
62    -24.56244  -4.67285 -24.08583 -18.52098  -8.82487  -5.77203     (-24.562,-18.521) (-4.673,-8.825) (-24.086,-5.772)      -7.70246  -1.64565   2.55247 -15.51163 -33.30416 -13.62221     (-6.057,-0.907) (-1.646,-29.845) (-12.052,-15.268)      21.7025  31.2026  
63    -25.16354  -4.62676 -23.49454 -18.61934  -8.64318  -5.64624     (-25.164,-18.619) (-4.627,-8.643) (-23.495,-5.646)      -7.66051  -1.77731   2.47078 -15.29828 -33.15027 -13.53250     (-5.883,-0.693) (-1.777,-29.986) (-12.134,-15.310)      21.5681  31.0635  
64    -25.76464  -4.58068 -22.90325 -18.71771  -8.46148  -5.52044     (-25.765,-18.718) (-4.581,-8.461) (-22.903,-5.520)      -7.61857  -1.90896   2.38908 -15.08493 -32.99638 -13.44279     (-5.710,-0.480) (-1.909,-30.127) (-12.216,-15.352)      21.4385  30.9278  
65    -26.36574  -4.53460 -22.31196 -18.81607  -8.27979  -5.39464     (-26.366,-18.816) (-4.535,-8.280) (-22.312,-5.395)      -7.57662  -2.04061   2.30738 -14.87159 -32.84248 -13.35309     (-5.536,-0.267) (-2.041,-30.268) (-12.297,-15.394)      21.3138  30.7954  
66    -26.96684  -4.48851 -21.72067 -18.91444  -8.09810  -5.26885     (-26.967,-18.914) (-4.489,-8.098) (-21.721,-5.269)      -7.53468  -2.17226   2.22569 -14.65824 -32.68859 -13.26338     (-5.362,-0.053) (-2.172,-30.409) (-12.379,-15.436)      21.1941  30.6664  
67    -27.56795  -4.44243 -21.12938 -19.01280  -7.91640  -5.14305     (-27.568,-19.013) (-4.442,-7.916) (-21.129,-5.143)      -7.49273  -2.30391   2.14399 -14.44489 -32.53470 -13.17367     (-5.349,-0.160) (-12.301,-30.391) (-2.144,-15.318)      21.4785  23.0192     glitch
68    -28.16905  -4.39635 -20.53809 -19.11117  -7.73471  -5.01725     (-28.169,-19.111) (-4.396,-7.735) (-20.538,-5.017)      -7.45079  -2.43557   2.06229 -14.23154 -32.38081 -13.08396     (-5.388,-0.373) (-12.169,-30.319) (-2.062,-15.146)      21.5378  23.0338  
69    -28.77015  -4.35026 -19.94680 -19.20954  -7.55301  -4.89145     (-28.770,-19.210) (-4.350,-7.553) (-19.947,-4.891)      -7.40884  -2.56722   1.98059 -14.01819 -32.22691 -12.99426     (-5.428,-0.587) (-12.038,-30.246) (-1.981,-14.975)      21.6018  23.053  
70    -29.37125  -4.30418 -19.35551 -19.30790  -7.37132  -4.76566     (-29.371,-19.308) (-4.304,-7.371) (-19.356,-4.766)      -7.36690  -2.69887   1.89890 -13.80484 -32.07302 -12.90455     (-5.468,-0.800) (-11.906,-30.174) (-1.899,-14.803)      21.6705  23.0767  
71    -29.97236  -4.25809 -18.76422 -19.40627  -7.18963  -4.63986     (-29.972,-19.406) (-4.258,-7.190) (-18.764,-4.640)      -7.32495  -2.83052   1.81720 -13.59149 -31.91913 -12.81484     (-5.508,-1.013) (-11.774,-30.102) (-1.817,-14.632)      21.7438  23.105  
72    -30.57346  -4.21201 -18.17294 -19.50463  -7.00793  -4.51406     (-30.573,-19.505) (-4.212,-7.008) (-18.173,-4.514)      -7.28301  -2.96218   1.73550 -13.37814 -31.76523 -12.72513     (-5.548,-1.227) (-11.643,-30.030) (-1.736,-14.461)      21.8217  23.1378  
73    -31.17456  -4.16593 -17.58165 -19.60300  -6.82624  -4.38826     (-31.175,-19.603) (-4.166,-6.826) (-17.582,-4.388)      -7.24106  -3.09383   1.65380 -13.16479 -31.61134 -12.63543     (-5.587,-1.440) (-11.511,-29.958) (-1.654,-14.289)      21.9042  23.1752  
74    -31.77566  -4.11984 -16.99036 -19.70136  -6.64454  -4.26247     (-31.776,-19.701) (-4.120,-6.645) (-16.990,-4.262)      -7.19912  -3.22548   1.57211 -12.95144 -31.45745 -12.54572     (-5.627,-1.653) (-11.379,-29.885) (-1.572,-14.118)      21.9912  23.217  
75    -32.37677  -4.07376 -16.39907 -19.79973  -6.46285  -4.13667     (-32.377,-19.800) (-4.074,-6.463) (-16.399,-4.137)      -7.15718  -3.35713   1.49041 -12.73809 -31.30355 -12.45601     (-5.667,-1.867) (-11.248,-29.813) (-1.490,-13.946)      22.0826  23.2633  
76    -32.97787  -4.02768 -15.80778 -19.89809  -6.28116  -4.01087     (-32.978,-19.898) (-4.028,-6.281) (-15.808,-4.011)      -7.11523  -3.48878   1.40871 -12.52474 -31.14966 -12.36630     (-5.707,-2.080) (-11.116,-29.741) (-1.409,-13.775)      22.1743  23.314  
77    -33.57897  -3.98159 -15.21649 -19.99646  -6.09946  -3.88507     (-33.579,-19.996) (-3.982,-6.099) (-15.216,-3.885)      -7.07329  -3.62044   1.32702 -12.31139 -30.99577 -12.27660     (-5.746,-2.293) (-10.984,-29.669) (-1.327,-13.604)      22.2602  23.3692  
78    -34.18007  -3.93551 -14.62520 -20.09482  -5.91777  -3.75928     (-34.180,-20.095) (-3.936,-5.918) (-14.625,-3.759)      -7.03134  -3.75209   1.24532 -12.09804 -30.84188 -12.18689     (-5.786,-2.507) (-10.853,-29.597) (-1.245,-13.432)      22.3504  23.4287  
79    -34.78118  -3.88942 -14.03391 -20.19319  -5.73607  -3.63348     (-34.781,-20.193) (-3.889,-5.736) (-14.034,-3.633)      -6.98940  -3.88374   1.16362 -11.88469 -30.68798 -12.09718     (-5.826,-2.720) (-10.721,-29.524) (-1.164,-13.261)      22.4449  23.4926  
80    -35.38228  -3.84334 -13.44262 -20.29155  -5.55438  -3.50768     (-35.382,-20.292) (-3.843,-5.554) (-13.443,-3.508)      -6.94745  -4.01539   1.08192 -11.67134 -30.53409 -12.00748     (-5.866,-2.933) (-10.589,-29.452) (-1.082,-13.089)      22.5438  23.5608  
81    -35.98338  -3.79726 -12.85133 -20.38992  -5.37269  -3.38189     (-35.983,-20.390) (-3.797,-5.373) (-12.851,-3.382)      -6.90551  -4.14705   1.00023 -11.45799 -30.38020 -11.91777     (-5.905,-3.147) (-10.458,-29.380) (-1.000,-12.918)      22.6469  23.6333  
82    -36.58448  -3.75117 -12.26004 -20.48828  -5.19099  -3.25609     (-36.584,-20.488) (-3.751,-5.191) (-12.260,-3.256)      -6.86356  -4.27870   0.91853 -11.24464 -30.22630 -11.82806     (-5.945,-3.360) (-10.326,-29.308) (-0.919,-12.747)      22.7542  23.71  
83    -37.18559  -3.70509 -11.66875 -20.58665  -5.00930  -3.13029     (-37.186,-20.587) (-3.705,-5.009) (-11.669,-3.130)      -6.82162  -4.41035   0.83683 -11.03129 -30.07241 -11.73835     (-5.985,-3.574) (-10.194,-29.236) (-0.837,-12.575)      22.8655  23.7909  
84    -37.78669  -3.65901 -11.07746 -20.68501  -4.82760  -3.00449     (-37.787,-20.685) (-3.659,-4.828) (-11.077,-3.004)      -6.77967  -4.54200   0.75514 -10.81795 -29.91852 -11.64865     (-6.025,-3.787) (-10.063,-29.163) (-0.755,-12.404)      22.981  23.876  
85    -38.38779  -3.61292 -10.48617 -20.78338  -4.64591  -2.87870     (-38.388,-20.783) (-3.613,-4.646) (-10.486,-2.879)      -6.73773  -4.67365   0.67344 -10.60460 -29.76462 -11.55894     (-6.064,-4.000) (-9.931,-29.091) (-0.673,-12.232)      23.1004  23.9651  
86    -38.98889  -3.56684  -9.89488 -20.88175  -4.46422  -2.75290     (-38.989,-20.882) (-3.567,-4.464) (-9.895,-2.753)      -6.69578  -4.80531   0.59174 -10.39125 -29.61073 -11.46923     (-6.104,-4.214) (-9.800,-29.019) (-0.592,-12.061)      23.2238  24.0584  
87    -39.58999  -3.52075  -9.30359 -20.98011  -4.28252  -2.62710     (-39.590,-20.980) (-3.521,-4.283) (-9.304,-2.627)      -6.65384  -4.93696   0.51004 -10.17790 -29.45684 -11.37952     (-6.144,-4.427) (-9.668,-28.947) (-0.510,-11.890)      23.3511  24.1556  
88    -40.19110  -3.47467  -8.71230 -21.07848  -4.10083  -2.50130     (-40.191,-21.078) (-3.475,-4.101) (-8.712,-2.501)      -6.61189  -5.06861   0.42835  -9.96455 -29.30295 -11.28982     (-6.184,-4.640) (-9.536,-28.875) (-0.428,-11.718)      23.4822  24.2568  
89    -40.79220  -3.42859  -8.12101 -21.17684  -3.91913  -2.37551     (-40.792,-21.177) (-3.429,-3.919) (-8.121,-2.376)      -6.56995  -5.20026   0.34665  -9.75120 -29.14905 -11.20011     (-6.223,-4.854) (-9.405,-28.802) (-0.347,-11.547)      23.617  24.3458  
90    -41.39330  -3.38250  -7.52973 -21.27521  -3.73744  -2.24971     (-41.393,-21.275) (-3.383,-3.737) (-7.530,-2.250)      -6.52800  -5.33192   0.26495  -9.53785 -28.99516 -11.11040     (-6.263,-5.067) (-9.273,-28.730) (-0.265,-11.375)      23.7555  24.4364  
91    -41.99440  -3.33642  -6.93844 -21.37357  -3.55575  -2.12391     (-41.994,-21.374) (-3.336,-3.556) (-6.938,-2.124)      -6.48606  -5.46357   0.18325  -9.32450 -28.84127 -11.02069     (-6.303,-5.280) (-9.141,-28.658) (-0.183,-11.204)      23.8976  24.531  
92    -42.59551  -3.29034  -6.34715 -21.47194  -3.37405  -1.99812     (-42.596,-21.472) (-3.290,-3.374) (-6.347,-1.998)      -6.44411  -5.59522   0.10156  -9.11115 -28.68737 -10.93099     (-6.343,-5.494) (-9.010,-28.586) (-0.102,-11.033)      24.0433  24.6295  
93    -43.19661  -3.24425  -5.75586 -21.57030  -3.19236  -1.87232     (-43.197,-21.570) (-3.244,-3.192) (-5.756,-1.872)      -6.40217  -5.72687   0.01986  -8.89780 -28.53348 -10.84128     (-6.382,-5.707) (-8.878,-28.514) (-0.020,-10.861)      24.1925  24.7319  
94    -43.79771  -3.19817  -5.16457 -21.66867  -3.01066  -1.74652     (-43.798,-21.669) (-3.198,-3.011) (-5.165,-1.747)      -6.36022  -5.85852  -0.06184  -8.68445 -28.37959 -10.75157     (-6.360,-8.684) (-5.859,-28.380) (-0.062,-10.752)      24.2901  27.0947  
95    -44.39881  -3.15208  -4.57328 -21.76703  -2.82897  -1.62072     (-44.399,-21.767) (-3.152,-2.829) (-4.573,-1.621)      -6.31828  -5.99018  -0.14353  -8.47110 -28.22569 -10.66186     (-6.318,-8.471) (-5.990,-28.226) (-0.144,-10.662)      24.3916  27.0334  
96    -44.99992  -3.10600  -3.98199 -21.86540  -2.64728  -1.49493     (-45.000,-21.865) (-3.106,-2.647) (-3.982,-1.495)      -6.27633  -6.12183  -0.22523  -8.25775 -28.07180 -10.57216     (-6.276,-8.258) (-6.122,-28.072) (-0.225,-10.572)      24.497  26.9758  
97    -45.60102  -3.05992  -3.39070 -21.96376  -2.46558  -1.36913     (-45.601,-21.964) (-3.060,-2.466) (-3.391,-1.369)      -6.23439  -6.25348  -0.30693  -8.04440 -27.91791 -10.48245     (-6.234,-8.044) (-6.253,-27.918) (-0.307,-10.482)      24.6061  26.9219  
98    -46.20212  -3.01383  -2.79941 -22.06213  -2.28389  -1.24333     (-46.202,-22.062) (-3.014,-2.284) (-2.799,-1.243)      -6.19245  -6.38513  -0.38863  -7.83105 -27.76402 -10.39274     (-6.192,-7.831) (-6.385,-27.764) (-0.389,-10.393)      24.7188  26.8718  
99    -46.80322  -2.96775  -2.20812 -22.16049  -2.10219  -1.11753     (-46.803,-22.160) (-2.968,-2.102) (-2.208,-1.118)      -6.15050  -6.51679  -0.47032  -7.61770 -27.61012 -10.30303     (-6.151,-7.618) (-6.517,-27.610) (-0.470,-10.303)      24.8352  26.8253  
