PointDistanceFollower  May 16 2018
Fol_2018-05-16.16_31_06.63_62.txt     Output is S6 probe cell, C3 reduced cell, S6Dist CS6Dist distance between
0    -15.52500   2.29688  12.02282 -70.20270 -11.23174 -61.28893     (-29.540,-0.791) (-1.920,-14.320) (-12.023,-43.090)     -56.42320  17.08167 -49.58385   5.04008 -12.07158 -22.72926     (-22.729,-5.340) (-17.082,-1.991) (-5.040,-22.260)      26.2841  22.0968  
1    -15.25566   1.98838  11.94930 -69.88797 -11.16110 -60.87256     (-30.063,-0.788) (-1.730,-13.938) (-11.949,-43.370)     -56.15386  16.77317 -49.65737   5.35482 -12.00094 -22.31289     (-22.313,-5.401) (-16.773,-1.291) (-5.355,-22.608)      26.725  21.6613  
2    -14.98632   1.67988  11.87579 -69.57324 -11.09046 -60.45618     (-30.586,-0.785) (-1.540,-13.556) (-11.876,-43.650)     -55.88452  16.46467 -49.73088   5.66955 -11.93030 -21.89651     (-21.897,-5.462) (-16.465,-0.591) (-5.670,-22.955)      26.9299  21.2632  
3    -14.71698   1.37138  11.80227 -69.25850 -11.01982 -60.03981     (-31.109,-0.782) (-1.350,-13.174) (-11.802,-43.930)     -55.61518  16.15617 -49.80440   5.98428 -11.85967 -21.48014     (-5.875,-5.415) (-16.265,-0.109) (-21.371,-23.194)      27.4755  27.4755  
4    -14.44764   1.06288  11.72876 -68.94377 -10.94918 -59.62343     (-31.632,-0.780) (-1.160,-12.792) (-11.729,-44.210)     -55.34584  15.84768 -49.87791   6.29902 -11.78903 -21.06376     (-5.490,-4.776) (-16.657,-0.809) (-20.255,-22.841)      27.3424  27.3424  
5    -14.17830   0.75438  11.65524 -68.62904 -10.87855 -59.20706     (-32.155,-0.777) (-0.970,-12.410) (-11.655,-44.490)     -55.07650  15.53918 -49.95143   6.61375 -11.71839 -20.64739     (-5.105,-4.136) (-17.048,-1.509) (-19.138,-22.489)      27.3029  27.3029  
6    -13.90896   0.44589  11.58173 -68.31430 -10.80791 -58.79068     (-32.677,-0.774) (-0.780,-12.028) (-11.582,-44.770)     -54.80716  15.23068 -50.02495   6.92848 -11.64775 -20.23101     (-4.719,-3.497) (-17.440,-2.209) (-18.022,-22.137)      27.3576  27.3576  
7    -13.63962   0.13739  11.50821 -67.99957 -10.73727 -58.37431     (-33.200,-0.771) (-0.590,-11.646) (-11.508,-45.049)     -54.53782  14.92218 -50.09846   7.24322 -11.57711 -19.81464     (-4.334,-2.858) (-17.832,-2.909) (-16.905,-21.784)      27.5057  27.5057  
8    -13.37028  -0.17111  11.43469 -67.68484 -10.66663 -57.95793     (-33.723,-0.768) (-0.399,-11.264) (-11.435,-45.329)     -54.26848  14.61368 -50.17198   7.55795 -11.50647 -19.39826     (-3.949,-2.219) (-18.223,-3.609) (-15.789,-21.432)      27.7459  27.7459  
9    -13.10094  -0.47961  11.36118 -67.37010 -10.59599 -57.54156     (-34.246,-0.765) (-0.209,-10.882) (-11.361,-45.609)     -53.99914  14.30518 -50.24549   7.87268 -11.43583 -18.98189     (-3.563,-1.580) (-18.615,-4.310) (-14.672,-21.079)      28.0758  28.0758  
10    -12.83160  -0.78811  11.28766 -67.05537 -10.52535 -57.12518     (-34.769,-0.762) (-0.019,-10.500) (-11.288,-45.889)     -53.72979  13.99668 -50.31901   8.18742 -11.36519 -18.56551     (-3.178,-0.941) (-19.006,-5.010) (-13.556,-20.727)      28.4922  28.4922  
11    -12.56226  -1.09661  11.21415 -66.74064 -10.45471 -56.70881     (-45.998,-0.589) (-0.171,-10.288) (-11.043,-35.121)     -53.46045  13.68819 -50.39252   8.50215 -11.29455 -18.14914     (-2.792,-0.302) (-19.398,-5.710) (-12.439,-20.374)      28.9914  28.9914  
12    -12.29292  -1.40511  11.14063 -66.42590 -10.38407 -56.29243     (-46.088,-0.396) (-0.361,-10.096) (-10.780,-35.453)     -53.19111  13.37969 -50.46604   8.81688 -11.22391 -17.73276     (-2.744,-0.337) (-10.986,-6.073) (-19.453,-19.685)      29.9006  30.801  
13    -12.02358  -1.71360  11.06712 -66.11117 -10.31343 -55.87606     (-46.178,-0.203) (-0.551,-9.904) (-10.516,-35.786)     -52.92177  13.07119 -50.53955   9.13162 -11.15327 -17.31639     (-2.998,-0.976) (-9.230,-6.134) (-19.205,-18.693)      31.2008  29.4491  
14    -11.75423  -2.02210  10.99360 -65.79644 -10.24279 -55.45968     (-46.268,-0.010) (-0.741,-9.712) (-10.253,-36.119)     -52.65243  12.76269 -50.61307   9.44635 -11.08263 -16.90001     (-3.251,-1.615) (-7.475,-6.195) (-18.958,-17.702)      32.5094  28.1921  
15    -11.48489  -2.33060  10.92009 -65.48170 -10.17215 -55.04331     (-46.541,-0.183) (-9.806,-9.337) (-0.748,-36.268)     -52.38309  12.45419 -50.68658   9.76108 -11.01199 -16.48364     (-3.505,-2.254) (-5.719,-6.256) (-18.710,-16.710)      33.0718  27.0503  
16    -11.21555  -2.63910  10.84657 -65.16697 -10.10151 -54.62693     (-46.823,-0.376) (-9.349,-8.953) (-0.745,-36.408)     -52.11375  12.14569 -50.76010  10.07582 -10.94135 -16.06726     (-3.759,-2.893) (-3.964,-6.317) (-18.463,-15.719)      33.7614  26.0396  
17    -10.94621  -2.94760  10.77306 -64.85224 -10.03087 -54.21056     (-47.106,-0.569) (-8.893,-8.568) (-0.742,-36.548)     -51.84441  11.83719 -50.83362  10.39055 -10.87072 -15.65089     (-4.012,-3.532) (-2.208,-6.378) (-18.215,-14.727)      34.5707  25.1762  
18    -10.67687  -3.25610  10.69954 -64.53750  -9.96023 -53.79418     (-47.389,-0.762) (-8.436,-8.183) (-0.739,-36.688)     -51.57507  11.52870 -50.90713  10.70529 -10.80008 -15.23451     (-4.266,-4.171) (-0.453,-6.439) (-17.968,-13.736)      34.5131  24.4762  
19    -10.40753  -3.56460  10.62602 -64.22277  -9.88960 -53.37781     (-47.672,-0.955) (-7.980,-7.798) (-0.736,-36.828)     -51.30573  11.22020 -50.98065  11.02002 -10.72944 -14.81814     (-11.441,-3.508) (-1.303,-7.803) (-16.418,-3.217)      35.3045  22.2464  
20    -10.13819  -3.87309  10.55251 -63.90804  -9.81896 -52.96143     (-47.954,-1.148) (-7.523,-7.413) (-0.734,-36.967)     -51.03639  10.91170 -51.05416  11.33475 -10.65880 -14.40176     (-8.694,-2.391) (-1.715,-14.415) (-9.620,-3.058)      37.2473  20.0717  
21     -9.86885  -4.18159  10.47899 -63.59330  -9.74832 -52.54506     (-48.237,-1.341) (-7.067,-7.028) (-0.731,-37.107)     -50.76705  10.60320 -51.12768  11.64949 -10.58816 -13.98539     (-5.947,-1.275) (-0.213,-12.412) (-11.436,-4.814)      38.8633  18.8476  
22     -9.59951  -4.49009  10.40548 -63.27857  -9.67768 -52.12868     (-48.520,-1.534) (-6.610,-6.643) (-0.728,-37.247)     -50.49771  10.29470 -51.20119  11.96422 -10.51752 -13.56901     (-6.411,-1.131) (-10.834,-10.567) (-0.158,-0.781)      40.5339  16.7763  
23     -9.33017  -4.79859  10.33196 -62.96384  -9.60704 -51.71231     (-48.803,-1.727) (-6.154,-6.258) (-0.725,-37.387)     -50.22837   9.98620 -51.27471  12.27895 -10.44688 -13.15264     (-0.116,-1.477) (-3.651,-3.689) (-0.860,-2.657)      50.1581  6.42337  
24     -9.06083  -5.10709  10.25845 -62.64910  -9.53640 -51.29593                            -49.95903   9.67771 -51.34822  12.59369 -10.37624 -12.73626     invalid  
25     -8.79149  -5.41559  10.18493 -62.33437  -9.46576 -50.87956                            -49.68968   9.36921 -51.42174  12.90842 -10.30560 -12.31989     invalid  
26     -8.52215  -5.72408  10.11142 -62.01964  -9.39512 -50.46318                            -49.42034   9.06071 -51.49525  13.22315 -10.23496 -11.90351     invalid  
27     -8.25281  -6.03258  10.03790 -61.70490  -9.32448 -50.04681                            -49.15100   8.75221 -51.56877  13.53789 -10.16432 -11.48714     invalid  
28     -7.98347  -6.34108   9.96439 -61.39017  -9.25384 -49.63043                            -48.88166   8.44371 -51.64229  13.85262 -10.09368 -11.07076     invalid  
29     -7.71412  -6.64958   9.89087 -61.07544  -9.18320 -49.21406                            -48.61232   8.13521 -51.71580  14.16735 -10.02304 -10.65439     invalid  
30     -7.44478  -6.95808   9.81735 -60.76070  -9.11256 -48.79768                            -48.34298   7.82671 -51.78932  14.48209  -9.95240 -10.23801     invalid  
31     -7.17544  -7.26658   9.74384 -60.44597  -9.04192 -48.38131                            -48.07364   7.51822 -51.86283  14.79682  -9.88177  -9.82164     invalid  
32     -6.90610  -7.57508   9.67032 -60.13124  -8.97128 -47.96493                            -47.80430   7.20972 -51.93635  15.11155  -9.81113  -9.40526     invalid  
33     -6.63676  -7.88357   9.59681 -59.81650  -8.90064 -47.54856                            -47.53496   6.90122 -52.00986  15.42629  -9.74049  -8.98889     invalid  
34     -6.36742  -8.19207   9.52329 -59.50177  -8.83001 -47.13218                            -47.26562   6.59272 -52.08338  15.74102  -9.66985  -8.57251     invalid  
35     -6.09808  -8.50057   9.44978 -59.18703  -8.75937 -46.71581                            -46.99628   6.28422 -52.15689  16.05575  -9.59921  -8.15614     invalid  
36     -5.82874  -8.80907   9.37626 -58.87230  -8.68873 -46.29943                            -46.72694   5.97572 -52.23041  16.37049  -9.52857  -7.73976     invalid  
37     -5.55940  -9.11757   9.30275 -58.55757  -8.61809 -45.88306                            -46.45760   5.66723 -52.30392  16.68522  -9.45793  -7.32339     invalid  
38     -5.29006  -9.42607   9.22923 -58.24283  -8.54745 -45.46668                            -46.18826   5.35873 -52.37744  16.99995  -9.38729  -6.90701     invalid  
39     -5.02072  -9.73457   9.15572 -57.92810  -8.47681 -45.05031                            -45.91891   5.05023 -52.45096  17.31469  -9.31665  -6.49063     invalid  
40     -4.75138 -10.04306   9.08220 -57.61337  -8.40617 -44.63393                            -45.64957   4.74173 -52.52447  17.62942  -9.24601  -6.07426     invalid  
41     -4.48204 -10.35156   9.00868 -57.29863  -8.33553 -44.21756                            -45.38023   4.43323 -52.59799  17.94415  -9.17537  -5.65788     invalid  
42     -4.21270 -10.66006   8.93517 -56.98390  -8.26489 -43.80118                            -45.11089   4.12473 -52.67150  18.25889  -9.10473  -5.24151     invalid  
43     -3.94335 -10.96856   8.86165 -56.66917  -8.19425 -43.38481                            -44.84155   3.81623 -52.74502  18.57362  -9.03409  -4.82513     invalid  
44     -3.67401 -11.27706   8.78814 -56.35443  -8.12361 -42.96843                            -44.57221   3.50774 -52.81853  18.88835  -8.96345  -4.40876     invalid  
45     -3.40467 -11.58556   8.71462 -56.03970  -8.05297 -42.55206                            -44.30287   3.19924 -52.89205  19.20309  -8.89281  -3.99238     invalid  
46     -3.13533 -11.89405   8.64111 -55.72497  -7.98233 -42.13568                            -44.03353   2.89074 -52.96556  19.51782  -8.82218  -3.57601     invalid  
47     -2.86599 -12.20255   8.56759 -55.41023  -7.91169 -41.71931                            -43.76419   2.58224 -53.03908  19.83255  -8.75154  -3.15963     invalid  
48     -2.59665 -12.51105   8.49408 -55.09550  -7.84106 -41.30293                            -43.49485   2.27374 -53.11259  20.14729  -8.68090  -2.74326     invalid  
49     -2.32731 -12.81955   8.42056 -54.78077  -7.77042 -40.88656                            -43.22551   1.96524 -53.18611  20.46202  -8.61026  -2.32688     invalid  
50     -2.05797 -13.12805   8.34705 -54.46603  -7.69978 -40.47018                            -42.95617   1.65674 -53.25962  20.77675  -8.53962  -1.91051     invalid  
51     -1.78863 -13.43655   8.27353 -54.15130  -7.62914 -40.05381                            -42.68683   1.34825 -53.33314  21.09149  -8.46898  -1.49413     invalid  
52     -1.51929 -13.74505   8.20002 -53.83657  -7.55850 -39.63743                            -42.41749   1.03975 -53.40666  21.40622  -8.39834  -1.07776     invalid  
53     -1.24995 -14.05354   8.12650 -53.52183  -7.48786 -39.22106                            -42.14815   0.73125 -53.48017  21.72095  -8.32770  -0.66138     invalid  
54     -0.98061 -14.36204   8.05298 -53.20710  -7.41722 -38.80468                            -41.87880   0.42275 -53.55369  22.03569  -8.25706  -0.24501     invalid  
55     -0.71127 -14.67054   7.97947 -52.89237  -7.34658 -38.38831                            -41.60946   0.11425 -53.62720  22.35042  -8.18642   0.17137     invalid  
56     -0.44193 -14.97904   7.90595 -52.57763  -7.27594 -37.97193                            -41.34012  -0.19425 -53.70072  22.66515  -8.11578   0.58774     invalid  
57     -0.17259 -15.28754   7.83244 -52.26290  -7.20530 -37.55556                            -41.07078  -0.50274 -53.77423  22.97989  -8.04514   1.00412     invalid  
58      0.09676 -15.59604   7.75892 -51.94817  -7.13466 -37.13918                            -40.80144  -0.81124 -53.84775  23.29462  -7.97450   1.42049     invalid  
59      0.36610 -15.90453   7.68541 -51.63343  -7.06402 -36.72281                            -40.53210  -1.11974 -53.92126  23.60935  -7.90386   1.83687     invalid  
60      0.63544 -16.21303   7.61189 -51.31870  -6.99338 -36.30643                            -40.26276  -1.42824 -53.99478  23.92409  -7.83323   2.25324     invalid  
61      0.90478 -16.52153   7.53838 -51.00397  -6.92274 -35.89006                            -39.99342  -1.73674 -54.06829  24.23882  -7.76259   2.66962     invalid  
62      1.17412 -16.83003   7.46486 -50.68923  -6.85211 -35.47368                            -39.72408  -2.04524 -54.14181  24.55355  -7.69195   3.08599     invalid  
63      1.44346 -17.13853   7.39135 -50.37450  -6.78147 -35.05731                            -39.45474  -2.35374 -54.21533  24.86829  -7.62131   3.50237     invalid  
64      1.71280 -17.44703   7.31783 -50.05977  -6.71083 -34.64093                            -39.18540  -2.66223 -54.28884  25.18302  -7.55067   3.91874     invalid  
65      1.98214 -17.75553   7.24431 -49.74503  -6.64019 -34.22456                            -38.91606  -2.97073 -54.36236  25.49776  -7.48003   4.33512     invalid  
66      2.25148 -18.06402   7.17080 -49.43030  -6.56955 -33.80818                            -38.64672  -3.27923 -54.43587  25.81249  -7.40939   4.75149     invalid  
67      2.52082 -18.37252   7.09728 -49.11557  -6.49891 -33.39181                            -38.37738  -3.58773 -54.50939  26.12722  -7.33875   5.16787     invalid  
68      2.79016 -18.68102   7.02377 -48.80083  -6.42827 -32.97543                            -38.10804  -3.89623 -54.58290  26.44196  -7.26811   5.58424     invalid  
69      3.05950 -18.98952   6.95025 -48.48610  -6.35763 -32.55905                            -37.83869  -4.20473 -54.65642  26.75669  -7.19747   6.00062     invalid  
70      3.32884 -19.29802   6.87674 -48.17137  -6.28699 -32.14268                            -37.56935  -4.51323 -54.72993  27.07142  -7.12683   6.41699     invalid  
71      3.59818 -19.60652   6.80322 -47.85663  -6.21635 -31.72630                            -37.30001  -4.82172 -54.80345  27.38616  -7.05619   6.83337     invalid  
72      3.86752 -19.91502   6.72971 -47.54190  -6.14571 -31.30993                            -37.03067  -5.13022 -54.87696  27.70089  -6.98555   7.24974     invalid  
73      4.13687 -20.22351   6.65619 -47.22717  -6.07507 -30.89355                            -36.76133  -5.43872 -54.95048  28.01562  -6.91491   7.66612     invalid  
74      4.40621 -20.53201   6.58268 -46.91243  -6.00443 -30.47718                            -36.49199  -5.74722 -55.02400  28.33036  -6.84428   8.08249     invalid  
75      4.67555 -20.84051   6.50916 -46.59770  -5.93379 -30.06080                            -36.22265  -6.05572 -55.09751  28.64509  -6.77364   8.49887     invalid  
76      4.94489 -21.14901   6.43564 -46.28297  -5.86316 -29.64443                            -35.95331  -6.36422 -55.17103  28.95982  -6.70300   8.91524     invalid  
77      5.21423 -21.45751   6.36213 -45.96823  -5.79252 -29.22805                            -35.68397  -6.67271 -55.24454  29.27456  -6.63236   9.33162     invalid  
78      5.48357 -21.76601   6.28861 -45.65350  -5.72188 -28.81168                            -35.41463  -6.98121 -55.31806  29.58929  -6.56172   9.74799     invalid  
79      5.75291 -22.07450   6.21510 -45.33877  -5.65124 -28.39530                            -35.14529  -7.28971 -55.39157  29.90402  -6.49108  10.16437     invalid  
80      6.02225 -22.38300   6.14158 -45.02403  -5.58060 -27.97893                            -34.87595  -7.59821 -55.46509  30.21876  -6.42044  10.58074     invalid  
81      6.29159 -22.69150   6.06807 -44.70930  -5.50996 -27.56255                            -34.60661  -7.90671 -55.53860  30.53349  -6.34980  10.99712     invalid  
82      6.56093 -23.00000   5.99455 -44.39456  -5.43932 -27.14618                            -34.33727  -8.21521 -55.61212  30.84822  -6.27916  11.41349     invalid  
83      6.83027 -23.30850   5.92104 -44.07983  -5.36868 -26.72980                            -34.06792  -8.52371 -55.68563  31.16296  -6.20852  11.82987     invalid  
84      7.09961 -23.61700   5.84752 -43.76510  -5.29804 -26.31343                            -33.79858  -8.83220 -55.75915  31.47769  -6.13788  12.24624     invalid  
85      7.36895 -23.92550   5.77401 -43.45036  -5.22740 -25.89705                            -33.52924  -9.14070 -55.83267  31.79242  -6.06724  12.66262     invalid  
86      7.63829 -24.23399   5.70049 -43.13563  -5.15676 -25.48068                            -33.25990  -9.44920 -55.90618  32.10716  -5.99660  13.07899     invalid  
87      7.90764 -24.54249   5.62697 -42.82090  -5.08612 -25.06430                            -32.99056  -9.75770 -55.97970  32.42189  -5.92596  13.49537     invalid  
88      8.17698 -24.85099   5.55346 -42.50616  -5.01548 -24.64793                            -32.72122 -10.06620 -56.05321  32.73662  -5.85533  13.91174     invalid  
89      8.44632 -25.15949   5.47994 -42.19143  -4.94484 -24.23155                            -32.45188 -10.37470 -56.12673  33.05136  -5.78469  14.32812     invalid  
90      8.71566 -25.46799   5.40643 -41.87670  -4.87421 -23.81518                            -32.18254 -10.68319 -56.20024  33.36609  -5.71405  14.74449     invalid  
91      8.98500 -25.77649   5.33291 -41.56196  -4.80357 -23.39880                            -31.91320 -10.99169 -56.27376  33.68082  -5.64341  15.16087     invalid  
92      9.25434 -26.08499   5.25940 -41.24723  -4.73293 -22.98243                            -31.64386 -11.30019 -56.34727  33.99556  -5.57277  15.57724     invalid  
93      9.52368 -26.39348   5.18588 -40.93250  -4.66229 -22.56605                            -31.37452 -11.60869 -56.42079  34.31029  -5.50213  15.99362     invalid  
94      9.79302 -26.70198   5.11237 -40.61776  -4.59165 -22.14968                            -31.10518 -11.91719 -56.49430  34.62502  -5.43149  16.40999     invalid  
95     10.06236 -27.01048   5.03885 -40.30303  -4.52101 -21.73330                            -30.83584 -12.22569 -56.56782  34.93976  -5.36085  16.82637     invalid  
96     10.33170 -27.31898   4.96534 -39.98830  -4.45037 -21.31693                            -30.56650 -12.53419 -56.64134  35.25449  -5.29021  17.24274     invalid  
97     10.60104 -27.62748   4.89182 -39.67356  -4.37973 -20.90055                            -30.29716 -12.84268 -56.71485  35.56922  -5.21957  17.65912     invalid  
98     10.87038 -27.93598   4.81830 -39.35883  -4.30909 -20.48418                            -30.02781 -13.15118 -56.78837  35.88396  -5.14893  18.07549     invalid  
99     11.13972 -28.24447   4.74479 -39.04410  -4.23845 -20.06780                            -29.75847 -13.45968 -56.86188  36.19869  -5.07829  18.49187     invalid  
