Fol_2018-05-14.17_24_03.1_44.txt     Output is S6 probe cell, C3 reduced cell, S6Dist CS6Dist distance between
0      7.67186 -47.62152 -46.38926   5.04449  -1.80086  -7.45171     (-1.801,-29.392) (-0.964,-34.647) (-4.070,-1.443) 0  9.53674e-07  
1      7.57617 -47.15023 -45.96179   4.69664  -2.13264  -7.39102     (-2.133,-31.135) (-2.263,-35.075) (-3.311,-0.431) 2.57219  2.57219  
2      7.48049 -46.67895 -45.53433   4.34880  -2.46442  -7.33032     (-2.982,-32.298) (-1.884,-34.922) (-3.132,-0.580) 3.51912  3.51912  
3      7.38480 -46.20766 -45.10686   4.00095  -2.79620  -7.26962     (-3.269,-33.030) (-1.205,-34.338) (-3.384,-1.591) 4.00381  4.00381  
4      7.28912 -45.73638 -44.67939   3.65311  -3.12799  -7.20893     (-3.556,-33.761) (-0.525,-33.754) (-3.636,-2.603) 4.96896  4.96896     glitch
5      7.19344 -45.26510 -44.25193   3.30526  -3.45977  -7.14823     (-3.460,-34.338) (-0.155,-33.325) (-3.734,-3.688) 5.44556  5.44556  
6      7.09775 -44.79381 -43.82446   2.95741  -3.79155  -7.08754     (-3.792,-34.390) (-0.834,-33.421) (-3.306,-3.296) 5.40723  5.40723  
7      7.00207 -44.32253 -43.39700   2.60957  -4.12333  -7.02684     (-4.123,-34.442) (-1.514,-33.516) (-2.879,-2.904) 5.53744  5.53744  
8      6.90638 -43.85125 -42.96953   2.26172  -4.45511  -6.96614     (-4.455,-34.494) (-2.193,-33.612) (-2.451,-2.511) 5.82491  5.82491  
9      6.81070 -43.37996 -42.54207   1.91388  -4.78690  -6.90545     (-4.787,-34.545) (-2.873,-33.708) (-2.024,-2.119) 6.24796  6.24796  
10      6.71502 -42.90868 -42.11460   1.56603  -5.11868  -6.84475     (-5.119,-34.597) (-3.553,-33.803) (-1.596,-1.726) 6.78127  6.78127  
11      6.61933 -42.43740 -41.68713   1.21819  -5.45046  -6.78405     (-5.450,-34.649) (-4.232,-33.899) (-1.169,-1.334) 7.40104  7.40104  
12      6.52365 -41.96611 -41.25967   0.87034  -5.78224  -6.72336     (-5.782,-34.701) (-4.912,-33.995) (-0.741,-0.941) 8.08742  8.08742     glitch
13      6.42796 -41.49483 -40.83220   0.52249  -6.11402  -6.66266     (-6.114,-34.753) (-5.592,-34.090) (-0.314,-0.549) 8.82488  8.82488  
14      6.33228 -41.02355 -40.40474   0.17465  -6.44580  -6.60196     (-6.332,-6.158) (-34.691,-34.072) (-0.114,-0.270) 9.41172  40.7911     glitch
15      6.23660 -40.55226 -39.97727  -0.17320  -6.77759  -6.54127     (-6.237,-6.410) (-34.316,-33.741) (-0.541,-0.305) 9.39672  40.463  
16      6.14091 -40.08098 -39.54980  -0.52104  -7.10937  -6.48057     (-6.141,-6.662) (-33.940,-33.409) (-0.968,-0.340) 9.35962  40.0348  
17      6.04523 -39.60970 -39.12234  -0.86889  -7.44115  -6.41988     (-6.045,-6.914) (-33.564,-33.077) (-1.396,-0.375) 9.37668  39.6148  
18      5.94954 -39.13841 -38.69487  -1.21674  -7.77293  -6.35918     (-5.950,-7.166) (-33.189,-32.745) (-1.823,-0.410) 9.44762  39.2033  
19      5.85386 -38.66713 -38.26741  -1.56458  -8.10471  -6.29848     (-5.854,-7.418) (-32.813,-32.414) (-2.251,-0.445) 9.57124  38.8005  
20      5.75818 -38.19585 -37.83994  -1.91243  -8.43650  -6.23779     (-5.758,-7.671) (-32.438,-32.082) (-2.678,-0.480) 9.74553  38.4068  
21      5.66249 -37.72456 -37.41247  -2.26027  -8.76828  -6.17709     (-5.662,-7.923) (-32.062,-31.750) (-3.106,-0.515) 9.94268  38.0222  
22      5.56681 -37.25328 -36.98501  -2.60812  -9.10006  -6.11639     (-5.567,-8.175) (-31.686,-31.418) (-3.533,-0.550) 10.1594  37.6473  
23      5.47112 -36.78199 -36.55754  -2.95597  -9.43184  -6.05570     (-5.471,-8.427) (-31.311,-31.086) (-3.961,-0.585) 10.4204  37.247  
24      5.37544 -36.31071 -36.13008  -3.30381  -9.76362  -5.99500     (-5.375,-8.679) (-30.935,-30.755) (-4.388,-0.620) 10.7225  36.8237  
25      5.27976 -35.83943 -35.70261  -3.65166 -10.09541  -5.93430     (-5.280,-8.931) (-30.560,-30.423) (-4.816,-0.655) 11.0623  36.4095  
26      5.18407 -35.36814 -35.27515  -3.99950 -10.42719  -5.87361     (-5.184,-9.184) (-30.184,-30.091) (-5.243,-0.690) 11.4365  36.0045  
27      5.08839 -34.89686 -34.84768  -4.34735 -10.75897  -5.81291     (-5.088,-9.436) (-29.808,-29.759) (-5.671,-0.725) 11.8417  35.6092  
28      4.99270 -34.42558 -34.42021  -4.69520 -11.09075  -5.75222     (-4.993,-9.688) (-29.433,-29.428) (-6.098,-0.760) 12.275  35.2239  
29      4.89702 -33.95429 -33.99275  -5.04304 -11.42253  -5.69152     (-4.897,-9.940) (-29.057,-29.096) (-6.526,-0.794) 12.7335  34.849  
30      4.80134 -33.48301 -33.56528  -5.39089 -11.75431  -5.63082     (-4.801,-10.192) (-28.682,-28.764) (-6.953,-0.829) 13.2145  34.4846  
31      4.70565 -33.01173 -33.13782  -5.73873 -12.08610  -5.57013     (-4.706,-10.444) (-28.306,-28.432) (-7.380,-0.864) 13.7157  34.1313  
32      4.60997 -32.54044 -32.71035  -6.08658 -12.41788  -5.50943     (-4.610,-10.697) (-27.930,-28.100) (-7.808,-0.899) 14.2349  33.7893  
33      4.51428 -32.06916 -32.28288  -6.43443 -12.74966  -5.44873     (-4.514,-10.949) (-27.555,-27.769) (-8.235,-0.934) 14.7703  33.459  
34      4.41860 -31.59788 -31.85542  -6.78227 -13.08144  -5.38804     (-4.419,-11.201) (-27.179,-27.437) (-8.663,-0.969) 15.3201  33.1407  
35      4.32292 -31.12659 -31.42795  -7.13012 -13.41322  -5.32734     (-4.323,-11.453) (-26.804,-27.105) (-9.090,-1.004) 15.8829  32.8348  
36      4.22723 -30.65531 -31.00049  -7.47796 -13.74501  -5.26664     (-4.227,-11.705) (-26.428,-26.773) (-9.518,-1.039) 16.4573  32.5416  
37      4.13155 -30.18403 -30.57302  -7.82581 -14.07679  -5.20595     (-4.132,-11.957) (-26.052,-26.441) (-9.945,-1.074) 17.0421  32.2615  
38      4.03586 -29.71274 -30.14556  -8.17366 -14.40857  -5.14525     (-4.036,-12.210) (-25.677,-26.110) (-10.373,-1.109) 17.6363  31.9948  
39      3.94018 -29.24146 -29.71809  -8.52150 -14.74035  -5.08456     (-3.940,-12.462) (-25.301,-25.778) (-10.800,-1.144) 18.239  31.7419  
40      3.84450 -28.77018 -29.29062  -8.86935 -15.07213  -5.02386     (-3.844,-12.714) (-24.926,-25.446) (-11.228,-1.179) 18.8494  31.5031  
41      3.74881 -28.29889 -28.86316  -9.21719 -15.40392  -4.96316     (-3.749,-12.966) (-24.550,-25.114) (-11.655,-1.214) 19.4667  31.2787  
42      3.65313 -27.82761 -28.43569  -9.56504 -15.73570  -4.90247     (-3.653,-13.218) (-24.174,-24.783) (-12.083,-1.249) 20.0904  31.0691  
43      3.55744 -27.35632 -28.00823  -9.91289 -16.06748  -4.84177     (-3.557,-13.470) (-23.799,-24.451) (-12.510,-1.284) 20.7198  30.8744  
44      3.46176 -26.88504 -27.58076 -10.26073 -16.39926  -4.78107     (-3.462,-13.722) (-23.423,-24.119) (-12.938,-1.319) 21.3544  30.6951  
45      3.36608 -26.41376 -27.15329 -10.60858 -16.73104  -4.72038     (-3.366,-13.975) (-23.048,-23.787) (-13.365,-1.354) 21.9938  30.5314  
46      3.27039 -25.94247 -26.72583 -10.95642 -17.06283  -4.65968     (-3.270,-14.227) (-22.672,-23.455) (-13.792,-1.389) 22.6376  30.3835  
47      3.17471 -25.47119 -26.29836 -11.30427 -17.39461  -4.59898     (-3.175,-14.479) (-22.296,-23.124) (-14.220,-1.424) 23.2853  30.2516  
48      3.07902 -24.99991 -25.87090 -11.65211 -17.72639  -4.53829     (-3.079,-14.731) (-21.921,-22.792) (-14.647,-1.459) 23.9368  30.1361  
49      2.98334 -24.52862 -25.44343 -11.99996 -18.05817  -4.47759     (-2.983,-14.983) (-21.545,-22.460) (-15.075,-1.494) 24.5917  29.9775  
50      2.88766 -24.05734 -25.01596 -12.34781 -18.38995  -4.41690     (-2.888,-15.235) (-21.170,-22.128) (-15.502,-1.529) 25.2497  29.7445  
51      2.79197 -23.58606 -24.58850 -12.69565 -18.72173  -4.35620     (-2.792,-15.488) (-20.794,-21.797) (-15.930,-1.564) 25.9105  29.5268  
52      2.69629 -23.11477 -24.16103 -13.04350 -19.05352  -4.29550     (-2.696,-15.740) (-20.418,-21.465) (-16.357,-1.599) 26.5741  29.3248  
53      2.60060 -22.64349 -23.73357 -13.39134 -19.38530  -4.23481     (-2.601,-15.992) (-20.043,-21.133) (-16.785,-1.634) 27.2401  29.1388  
54      2.50492 -22.17221 -23.30610 -13.73919 -19.71708  -4.17411     (-2.505,-16.244) (-19.667,-20.801) (-17.212,-1.669) 27.9085  28.9692  
55      2.40924 -21.70092 -22.87864 -14.08704 -20.04886  -4.11341     (-2.409,-16.496) (-19.292,-20.469) (-17.640,-1.704) 28.5457  28.8162  
56      2.31355 -21.22964 -22.45117 -14.43488 -20.38064  -4.05272     (-2.314,-16.748) (-18.916,-20.138) (-18.067,-1.739) 28.4107  28.5583  
57      2.21787 -20.75836 -22.02370 -14.78273 -20.71243  -3.99202     (-2.218,-17.001) (-18.540,-19.806) (-18.495,-1.774) 28.293  28.3104  
58      2.12218 -20.28707 -21.59624 -15.13057 -21.04421  -3.93132     (-2.122,-17.253) (-18.165,-19.474) (-18.922,-1.809) 28.0783  28.0783  
59      2.02650 -19.81579 -21.16877 -15.47842 -21.37599  -3.87063     (-2.027,-17.505) (-17.789,-19.142) (-19.349,-1.844) 27.8626  27.8626  
60      1.93082 -19.34451 -20.74131 -15.82627 -21.70777  -3.80993     (-1.931,-17.757) (-17.414,-18.810) (-19.777,-1.879) 27.6635  27.6635  
61      1.83513 -18.87322 -20.31384 -16.17411 -22.03955  -3.74924     (-1.835,-18.009) (-17.038,-18.479) (-20.204,-1.914) 27.4814  27.4814  
62      1.73945 -18.40194 -19.88637 -16.52196 -22.37134  -3.68854     (-1.739,-18.261) (-16.662,-18.147) (-20.632,-1.949) 27.3168  27.3168  
63      1.64376 -17.93066 -19.45891 -16.86980 -22.70312  -3.62784     (-1.644,-18.514) (-16.287,-17.815) (-21.059,-1.984) 26.6549  26.7079  
64      1.54808 -17.45937 -19.03144 -17.21765 -23.03490  -3.56715     (-1.548,-18.766) (-15.911,-17.483) (-21.487,-2.019) 25.9625  26.0106  
65      1.45240 -16.98809 -18.60398 -17.56550 -23.36668  -3.50645     (-1.452,-19.018) (-15.536,-17.152) (-21.914,-2.054) 25.2713  25.314  
66      1.35671 -16.51680 -18.17651 -17.91334 -23.69846  -3.44575     (-1.357,-19.270) (-15.160,-16.820) (-22.342,-2.089) 24.5813  24.6184  
67      1.26103 -16.04552 -17.74905 -18.26119 -24.03024  -3.38506     (-1.261,-19.522) (-14.784,-16.488) (-22.769,-2.124) 23.8926  23.9238  
68      1.16534 -15.57424 -17.32158 -18.60903 -24.36203  -3.32436     (-1.165,-19.774) (-14.409,-16.156) (-23.197,-2.159) 23.2054  23.2302  
69      1.06966 -15.10295 -16.89411 -18.95688 -24.69381  -3.26366     (-1.070,-20.027) (-14.033,-15.824) (-23.624,-2.194) 22.5197  22.5379  
70      0.97398 -14.63167 -16.46665 -19.30473 -25.02559  -3.20297     (-0.974,-20.279) (-13.658,-15.493) (-24.052,-2.229) 21.8358  21.8469  
71      0.87829 -14.16039 -16.03918 -19.65257 -25.35737  -3.14227     (-0.878,-20.531) (-13.282,-15.161) (-24.479,-2.264) 21.1538  21.1573  
72      0.78261 -13.68910 -15.61172 -20.00042 -25.68915  -3.08158     (-0.783,-20.783) (-12.906,-14.829) (-24.907,-2.299) 20.4693  20.4693  
73      0.68692 -13.21782 -15.18425 -20.34826 -26.02094  -3.02088     (-0.687,-21.035) (-12.531,-14.497) (-25.334,-2.334) 19.783  19.783  
74      0.59124 -12.74654 -14.75678 -20.69611 -26.35272  -2.96018     (-0.591,-21.287) (-12.155,-14.166) (-25.761,-2.369) 19.0986  19.0986  
75      0.49556 -12.27525 -14.32932 -21.04396 -26.68450  -2.89949     (-0.496,-21.540) (-11.780,-13.834) (-26.189,-2.404) 18.4164  18.4164  
76      0.39987 -11.80397 -13.90185 -21.39180 -27.01628  -2.83879     (-0.400,-21.792) (-11.404,-13.502) (-26.616,-2.439) 17.7366  17.7366  
77      0.30419 -11.33269 -13.47439 -21.73965 -27.34806  -2.77809     (-0.304,-22.044) (-11.028,-13.170) (-27.044,-2.474) 17.0595  17.0595  
78      0.20850 -10.86140 -13.04692 -22.08749 -27.67985  -2.71740     (-0.209,-22.296) (-10.653,-12.838) (-27.471,-2.509) 16.3854  16.3854  
79      0.11282 -10.39012 -12.61946 -22.43534 -28.01163  -2.65670     (-0.113,-22.548) (-10.277,-12.507) (-27.899,-2.544) 15.7147  15.7147  
80      0.01714  -9.91884 -12.19199 -22.78319 -28.34341  -2.59600     (-0.017,-22.800) (-9.902,-12.175) (-28.326,-2.579) 15.0478  15.0478  
81     -0.07855  -9.44755 -11.76452 -23.13103 -28.67519  -2.53531     (-0.079,-23.131) (-9.448,-28.675) (-11.765,-2.535) 14.2881  14.4981  
82     -0.17423  -8.97627 -11.33706 -23.47888 -29.00697  -2.47461     (-0.174,-23.479) (-8.976,-29.007) (-11.337,-2.475) 13.5102  13.6927  
83     -0.26991  -8.50499 -10.90959 -23.82672 -29.33875  -2.41392     (-0.270,-23.827) (-8.505,-29.339) (-10.910,-2.414) 12.7357  12.8872  
84     -0.36560  -8.03370 -10.48213 -24.17457 -29.67054  -2.35322     (-0.366,-24.175) (-8.034,-29.671) (-10.482,-2.353) 11.9653  12.0818  
85     -0.46128  -7.56242 -10.05466 -24.52241 -30.00232  -2.29252     (-0.461,-24.522) (-7.562,-30.002) (-10.055,-2.293) 11.1998  11.2763  
86     -0.55697  -7.09113  -9.62719 -24.87026 -30.33410  -2.23183     (-0.557,-24.870) (-7.091,-30.334) (-9.627,-2.232) 10.4404  10.4709  
87     -0.65265  -6.61985  -9.19973 -25.21811 -30.66588  -2.17113     (-0.653,-25.218) (-6.620,-30.666) (-9.200,-2.171) 9.66541  9.66541  
88     -0.74833  -6.14857  -8.77226 -25.56595 -30.99766  -2.11043     (-0.748,-25.566) (-6.149,-30.998) (-8.772,-2.110) 8.85996  8.85996  
89     -0.84402  -5.67728  -8.34480 -25.91380 -31.32945  -2.04974     (-0.844,-25.914) (-5.677,-31.329) (-8.345,-2.050) 8.05451  8.05451  
90     -0.93970  -5.20600  -7.91733 -26.26164 -31.66123  -1.98904     (-0.940,-26.262) (-5.206,-31.661) (-7.917,-1.989) 7.24906  7.24906  
91     -1.03539  -4.73472  -7.48986 -26.60949 -31.99301  -1.92834     (-1.035,-26.609) (-4.735,-31.993) (-7.490,-1.928) 6.4436  6.4436  
92     -1.13107  -4.26343  -7.06240 -26.95734 -32.32479  -1.86765     (-1.131,-26.957) (-4.263,-32.325) (-7.062,-1.868) 5.63815  5.63815  
93     -1.22675  -3.79215  -6.63493 -27.30518 -32.65657  -1.80695     (-1.227,-27.305) (-3.792,-32.657) (-6.635,-1.807) 4.8327  4.8327  
94     -1.32244  -3.32087  -6.20747 -27.65303 -32.98836  -1.74626     (-1.322,-27.653) (-3.321,-32.988) (-6.207,-1.746) 4.02725  4.02725  
95     -1.41812  -2.84958  -5.78000 -28.00087 -33.32014  -1.68556     (-1.418,-28.001) (-2.850,-33.320) (-5.780,-1.686) 3.2218  3.2218  
96     -1.51381  -2.37830  -5.35254 -28.34872 -33.65192  -1.62486     (-1.514,-28.349) (-2.378,-33.652) (-5.353,-1.625) 2.41635  2.41635  
97     -1.60949  -1.90702  -4.92507 -28.69657 -33.98370  -1.56417     (-1.609,-28.697) (-1.907,-33.984) (-4.925,-1.564) 1.6109  1.6109  
98     -1.70517  -1.43573  -4.49760 -29.04441 -34.31548  -1.50347     (-1.705,-29.044) (-1.436,-34.315) (-4.498,-1.503) 0.805451  0.805451  
99     -1.80086  -0.96445  -4.07014 -29.39226 -34.64726  -1.44277     (-1.801,-29.392) (-0.964,-34.647) (-4.070,-1.443) 0  9.53674e-07  
