PointDistanceFollower   Apr 16 2020   mode =  LINE3 
Fol_2020-04-16.14_31_46.5_0.txt      Output is S6 probe cell, C3 reduced cell,  S6Dist CS6Dist LMDist  distance between 
Compute times (msec)     S6Dist  38   CS6Dist 9   LMDist  47870
PointDistanceFollower  Apr 16 2020  mode = LINE3
Fol_2020-04-16.14_31_46.5_0.txt     Output is S6 probe cell, C3 reduced cell, S6Dist CS6Dist LMDist distance between
0    -16.33701 -11.67023 -24.99120 -19.01984  14.31803 -21.17686     (-10.673,-4.702) (-25.988,-14.318) (-2.019,-6.859)      0  0  0  
1    -16.36286 -11.45726 -24.58633 -18.96430  13.86715 -20.86875     (-10.719,-5.097) (-25.324,-13.867) (-2.496,-7.002)      1.02473  1.02473  1.02473  
2    -16.38872 -11.24430 -24.18147 -18.90876  13.41626 -20.56064     (-10.765,-5.492) (-24.661,-13.416) (-2.972,-7.144)      2.04946  2.04946  2.04946  
3    -16.41457 -11.03134 -23.77661 -18.85322  12.96538 -20.25254     (-10.811,-5.888) (-23.997,-12.965) (-3.449,-7.287)      3.07418  3.07418  3.07418  
4    -16.44042 -10.81837 -23.37174 -18.79768  12.51449 -19.94443     (-10.857,-6.283) (-23.333,-12.514) (-3.926,-7.430)      4.09891  4.09891  4.09891  
5    -16.46627 -10.60541 -22.96688 -18.74214  12.06361 -19.63632     (-10.903,-6.679) (-22.669,-12.064) (-4.403,-7.573)      5.12364  5.12364  5.12364  
6    -16.49212 -10.39245 -22.56201 -18.68660  11.61272 -19.32822     (-10.949,-7.074) (-22.005,-11.613) (-4.879,-7.715)      6.14837  6.14837  6.14837  
7    -16.51797 -10.17949 -22.15715 -18.63106  11.16184 -19.02011     (-10.995,-7.469) (-21.341,-11.162) (-5.356,-7.858)      7.17309  7.17309  7.17309  
8    -16.54382  -9.96652 -21.75229 -18.57552  10.71096 -18.71201     (-11.041,-7.865) (-20.677,-10.711) (-5.833,-8.001)      8.19782  8.19782  8.19782  
9    -16.56968  -9.75356 -21.34742 -18.51998  10.26007 -18.40390     (-11.087,-8.260) (-20.014,-10.260) (-6.310,-8.144)      9.22255  9.22255  9.22255  
10    -16.59553  -9.54060 -20.94256 -18.46444   9.80919 -18.09579     (-11.133,-8.655) (-19.350,-9.809) (-6.786,-8.287)      10.2473  10.2473  10.2473  
11    -16.62138  -9.32763 -20.53769 -18.40890   9.35830 -17.78769     (-11.179,-9.051) (-18.686,-9.358) (-7.263,-8.429)      11.272  11.272  11.272  
12    -16.64723  -9.11467 -20.13283 -18.35336   8.90742 -17.47958     (-11.225,-9.446) (-18.022,-8.907) (-7.740,-8.572)      12.2967  12.2967  12.2967  
13    -16.67308  -8.90171 -19.72796 -18.29782   8.45654 -17.17147     (-11.271,-9.841) (-17.358,-8.457) (-8.217,-8.715)      13.3215  13.3215  13.3215  
14    -16.69893  -8.68875 -19.32310 -18.24228   8.00565 -16.86337     (-11.317,-10.237) (-16.694,-8.006) (-8.693,-8.858)      14.3462  14.3462  14.3462  
15    -16.72479  -8.47578 -18.91824 -18.18674   7.55477 -16.55526     (-11.363,-10.632) (-16.031,-7.555) (-9.170,-9.000)      15.3709  15.3709  15.3709  
16    -16.75064  -8.26282 -18.51337 -18.13120   7.10388 -16.24716     (-11.409,-11.027) (-15.367,-7.104) (-9.647,-9.143)      16.3862  16.3862  16.3862  
17    -16.77649  -8.04986 -18.10851 -18.07566   6.65300 -15.93905     (-11.456,-11.423) (-14.703,-6.653) (-10.123,-9.286)      17.1975  17.1975  17.1975  
18    -16.80234  -7.83689 -17.70364 -18.02012   6.20212 -15.63094     (-11.502,-11.818) (-14.039,-6.202) (-10.600,-9.429)      17.0649  17.0649  17.0649  
19    -16.82819  -7.62393 -17.29878 -17.96458   5.75123 -15.32284     (-11.548,-12.213) (-13.375,-5.751) (-11.077,-9.572)      16.6642  16.6642  16.6642  
20    -16.85404  -7.41097 -16.89392 -17.90904   5.30035 -15.01473     (-11.594,-12.609) (-12.711,-5.300) (-11.554,-9.714)      16.0423  16.0423  16.0423  
21    -16.87989  -7.19800 -16.48905 -17.85350   4.84946 -14.70662     (-11.640,-13.004) (-12.047,-4.849) (-12.030,-9.857)      15.4634  15.4634  15.4634  
22    -16.90575  -6.98504 -16.08419 -17.79796   4.39858 -14.39852     (-11.686,-13.399) (-11.384,-4.399) (-12.507,-10.000)      14.9325  14.9325  14.9325  
23    -16.93160  -6.77208 -15.67932 -17.74242   3.94769 -14.09041     (-11.732,-13.795) (-10.720,-3.948) (-12.984,-10.143)      14.4548  14.4548  14.4548  
24    -16.95745  -6.55912 -15.27446 -17.68688   3.49681 -13.78231     (-11.778,-14.190) (-10.056,-3.497) (-13.461,-10.285)      14.0358  14.0358  14.0358  
25    -16.98330  -6.34615 -14.86959 -17.63134   3.04593 -13.47420     (-11.824,-14.585) (-9.392,-3.046) (-13.937,-10.428)      13.6809  13.6809  13.6809  
26    -17.00915  -6.13319 -14.46473 -17.57580   2.59504 -13.16609     (-11.870,-14.981) (-8.728,-2.595) (-14.414,-10.571)      13.3951  13.3951  13.3951  
27    -17.03500  -5.92023 -14.05987 -17.52026   2.14416 -12.85799     (-11.916,-15.376) (-8.064,-2.144) (-14.891,-10.714)      13.0161  13.183  13.183  
28    -17.06086  -5.70726 -13.65500 -17.46472   1.69327 -12.54988     (-11.962,-15.771) (-7.401,-1.693) (-15.368,-10.857)      12.6135  13.0481  12.8749  
29    -17.08671  -5.49430 -13.25014 -17.40918   1.24239 -12.24178     (-12.008,-16.167) (-6.737,-1.242) (-15.844,-10.999)      12.2834  12.993  12.5402  
30    -17.11256  -5.28134 -12.84527 -17.35364   0.79151 -11.93367     (-12.054,-16.562) (-6.073,-0.792) (-16.321,-11.142)      12.0318  12.6634  12.2381  
31    -17.13841  -5.06838 -12.44041 -17.29810   0.34062 -11.62556     (-12.100,-16.957) (-5.409,-0.341) (-16.798,-11.285)      11.8637  12.1413  11.9711  
32    -17.16426  -4.85541 -12.03555 -17.24256  -0.11026 -11.31746     (-17.164,-17.243) (-4.855,-0.110) (-12.036,-11.317)      11.7417  11.7417  11.7417  
33    -17.19011  -4.64245 -11.63068 -17.18702  -0.56115 -11.00935     (-17.190,-17.187) (-4.642,-0.561) (-11.631,-11.009)      11.5521  11.5521  11.5521  
34    -17.21596  -4.42949 -11.22582 -17.13148  -1.01203 -10.70124     (-17.216,-17.131) (-4.429,-1.012) (-11.226,-10.701)      11.4042  11.4042  11.4042  
35    -17.24182  -4.21652 -10.82095 -17.07594  -1.46292 -10.39314     (-17.242,-17.076) (-4.217,-1.463) (-10.821,-10.393)      11.2996  11.2996  11.2996  
36    -17.26767  -4.00356 -10.41609 -17.02040  -1.91380 -10.08503     (-17.268,-17.020) (-4.004,-1.914) (-10.416,-10.085)      11.1586  11.1586  11.1586  
37    -17.29352  -3.79060 -10.01122 -16.96486  -2.36468  -9.77693     (-17.294,-16.965) (-3.791,-2.365) (-10.011,-9.777)      11.0059  11.0059  11.0059  
38    -17.31937  -3.57763  -9.60636 -16.90932  -2.81557  -9.46882     (-17.319,-16.909) (-3.578,-2.816) (-9.606,-9.469)      10.8982  10.8982  10.8982  
39    -17.34522  -3.36467  -9.20150 -16.85378  -3.26645  -9.16071     (-17.345,-16.854) (-3.365,-3.266) (-9.201,-9.161)      10.8366  10.8366  10.8366  
40    -17.37107  -3.15171  -8.79663 -16.79824  -3.71734  -8.85261     (-17.371,-16.798) (-3.152,-3.717) (-8.797,-8.853)      10.5976  10.5976  10.5976  
41    -17.39693  -2.93875  -8.39177 -16.74270  -4.16822  -8.54450     (-17.397,-16.743) (-2.939,-4.168) (-8.392,-8.545)      10.3801  10.3801  10.3801  
42    -17.42278  -2.72578  -7.98690 -16.68716  -4.61910  -8.23639     (-17.423,-16.687) (-2.726,-4.619) (-7.987,-8.236)      10.2081  10.2081  10.2081  
43    -17.44863  -2.51282  -7.58204 -16.63161  -5.06999  -7.92829     (-17.449,-16.632) (-2.513,-5.070) (-7.582,-7.928)      10.084  10.084  10.084  
44    -17.47448  -2.29986  -7.17718 -16.57607  -5.52087  -7.62018     (-17.474,-16.576) (-2.300,-5.521) (-7.177,-7.620)      10.0095  10.0095  10.0095  
45    -17.50033  -2.08689  -6.77231 -16.52053  -5.97176  -7.31208     (-17.500,-16.521) (-2.087,-5.972) (-6.772,-7.312)      9.98587  9.98587  9.98587  
46    -17.52618  -1.87393  -6.36745 -16.46499  -6.42264  -7.00397     (-17.526,-16.465) (-1.874,-6.423) (-6.367,-7.004)      10.0133  10.0133  10.0133  
47    -17.55204  -1.66097  -5.96258 -16.40945  -6.87353  -6.69586     (-17.552,-16.409) (-1.661,-6.874) (-5.963,-6.696)      10.0915  10.0915  10.0915  
48    -17.57789  -1.44801  -5.55772 -16.35391  -7.32441  -6.38776     (-17.578,-16.354) (-1.448,-7.324) (-5.558,-6.388)      10.2192  10.2192  10.2192  
49    -17.60374  -1.23504  -5.15285 -16.29837  -7.77529  -6.07965     (-17.604,-16.298) (-1.235,-7.775) (-5.153,-6.080)      10.3946  10.3946  10.3946  
50    -17.62959  -1.02208  -4.74799 -16.24283  -8.22618  -5.77154     (-17.630,-16.243) (-1.022,-8.226) (-4.748,-5.772)      10.5659  10.5659  9.78916  
51    -17.65544  -0.80912  -4.34313 -16.18729  -8.67706  -5.46344     (-17.655,-16.187) (-0.809,-8.677) (-4.343,-5.463)      10.5005  10.5005  9.29677  
52    -17.68129  -0.59615  -3.93826 -16.13175  -9.12795  -5.15533     (-17.681,-16.132) (-0.596,-9.128) (-3.938,-5.155)      10.4836  10.4836  9.02943  
53    -17.70714  -0.38319  -3.53340 -16.07621  -9.57883  -4.84723     (-17.707,-16.076) (-0.383,-9.579) (-3.533,-4.847)      10.5154  10.5154  9.0072  
54    -17.73300  -0.17023  -3.12853 -16.02067 -10.02971  -4.53912     (-17.733,-16.021) (-0.170,-10.030) (-3.129,-4.539)      10.5955  10.5955  9.23186  
55    -17.75885   0.04274  -2.72367 -15.96513 -10.48060  -4.23101     (-4.188,-15.922) (-0.043,-10.523) (-2.681,-17.716)      10.7562  10.5533  9.68624  
56    -17.78470   0.25570  -2.31881 -15.90959 -10.93148  -3.92291     (-3.667,-15.654) (-0.256,-11.187) (-2.063,-17.529)      11.131  10.8771  9.99578  
57    -17.81055   0.46866  -1.91394 -15.85405 -11.38237  -3.61480     (-3.146,-15.385) (-0.469,-11.851) (-1.445,-17.342)      11.6016  11.0809  10.1215  
58    -17.83640   0.68162  -1.50908 -15.79851 -11.83325  -3.30669     (-2.625,-15.117) (-0.682,-12.515) (-0.827,-17.155)      12.1567  11.4509  10.4629  
59    -17.86225   0.89459  -1.10421 -15.74297 -12.28414  -2.99859     (-2.104,-14.848) (-0.895,-13.179) (-0.210,-16.968)      12.7855  11.942  10.8693  
60    -17.88811   1.10755  -0.69935 -15.68743 -12.73502  -2.69048     (-1.175,-0.699) (-14.172,-13.434) (-0.408,-17.189)      12.7024  12.5416  10.4298  
61    -17.91396   1.32051  -0.29448 -15.63189 -13.18590  -2.38238     (-0.036,-0.294) (-13.285,-13.480) (-1.026,-17.619)      11.8989  11.8884  10.1174  
62    -17.93981   1.53348   0.11038 -15.57635 -13.63679  -2.07427     (-1.103,-0.993) (-11.296,-0.541) (-12.423,-16.947)      11.7139  11.6599  10.2218  
63    -17.96566   1.74644   0.51524 -15.52081 -14.08767  -1.76616     (-2.242,-1.727) (-9.271,-0.020) (-11.330,-16.239)      12.2174  12.2174  10.4667  
64    -17.99151   1.95940   0.92011 -15.46527 -14.53856  -1.45806     (-9.736,-1.959) (-7.747,-0.501) (-2.880,-15.029)      13.8767  13.6222  10.9281     glitch
65    -18.01736   2.17236   1.32497 -15.40973 -14.98944  -1.14995     (-8.122,-2.172) (-6.243,-1.022) (-3.497,-13.800)      15.8321  14.9809  11.5804  
66    -18.04321   2.38533   1.72984 -15.35419 -15.44032  -0.84184     (-6.508,-2.385) (-4.739,-1.543) (-4.115,-12.571)      17.5093  16.3244  12.3934  
67    -18.06907   2.59829   2.13470 -15.29865 -15.89121  -0.53374     (-4.894,-2.598) (-3.234,-2.065) (-4.733,-11.342)      18.9038  17.6075  13.3377     glitch
68    -18.09492   2.81125   2.53956 -15.24311 -16.34209  -0.22563     (-3.280,-2.811) (-1.730,-2.586) (-5.351,-10.112)      20.3624  18.061  13.6681  
69    -18.12077   3.02422   2.94443 -15.18757 -16.79298   0.08247     (-1.667,-3.024) (-0.226,-3.107) (-5.969,-8.883)      21.1497  19.8701  17.7303  
70    -18.14662   3.23718   3.34929 -15.13203 -17.24386   0.39058     (-1.226,-6.534) (-3.680,-5.150) (-0.053,-0.734)      23.9358  21.2917  16.7012  
71    -18.17247   3.45014   3.75416 -15.07649 -17.69475   0.69869        invalid           invalid      invalid   
72    -18.19832   3.66311   4.15902 -15.02095 -18.14563   1.00679        invalid           invalid      invalid   
73    -18.22418   3.87607   4.56389 -14.96541 -18.59651   1.31490        invalid           invalid      invalid   
74    -18.25003   4.08903   4.96875 -14.90987 -19.04740   1.62301        invalid           invalid      invalid   
75    -18.27588   4.30199   5.37361 -14.85433 -19.49828   1.93111        invalid           invalid      invalid   
76    -18.30173   4.51496   5.77848 -14.79879 -19.94917   2.23922        invalid           invalid      invalid   
77    -18.32758   4.72792   6.18334 -14.74325 -20.40005   2.54732        invalid           invalid      invalid   
78    -18.35343   4.94088   6.58821 -14.68771 -20.85093   2.85543        invalid           invalid      invalid   
79    -18.37928   5.15385   6.99307 -14.63217 -21.30182   3.16354        invalid           invalid      invalid   
80    -18.40514   5.36681   7.39794 -14.57663 -21.75270   3.47164        invalid           invalid      invalid   
81    -18.43099   5.57977   7.80280 -14.52109 -22.20359   3.77975        invalid           invalid      invalid   
82    -18.45684   5.79273   8.20766 -14.46555 -22.65447   4.08786        invalid           invalid      invalid   
83    -18.48269   6.00570   8.61253 -14.41001 -23.10536   4.39596        invalid           invalid      invalid   
84    -18.50854   6.21866   9.01739 -14.35447 -23.55624   4.70407        invalid           invalid      invalid   
85    -18.53439   6.43162   9.42226 -14.29893 -24.00712   5.01217        invalid           invalid      invalid   
86    -18.56025   6.64459   9.82712 -14.24339 -24.45801   5.32028        invalid           invalid      invalid   
87    -18.58610   6.85755  10.23198 -14.18785 -24.90889   5.62839        invalid           invalid      invalid   
88    -18.61195   7.07051  10.63685 -14.13231 -25.35978   5.93649        invalid           invalid      invalid   
89    -18.63780   7.28347  11.04171 -14.07677 -25.81066   6.24460        invalid           invalid      invalid   
90    -18.66365   7.49644  11.44658 -14.02123 -26.26154   6.55271        invalid           invalid      invalid   
91    -18.68950   7.70940  11.85144 -13.96569 -26.71243   6.86081        invalid           invalid      invalid   
92    -18.71535   7.92236  12.25631 -13.91015 -27.16331   7.16892        invalid           invalid      invalid   
93    -18.74121   8.13533  12.66117 -13.85461 -27.61420   7.47702        invalid           invalid      invalid   
94    -18.76706   8.34829  13.06603 -13.79907 -28.06508   7.78513        invalid           invalid      invalid   
95    -18.79291   8.56125  13.47090 -13.74353 -28.51596   8.09324        invalid           invalid      invalid   
96    -18.81876   8.77422  13.87576 -13.68799 -28.96685   8.40134        invalid           invalid      invalid   
97    -18.84461   8.98718  14.28063 -13.63245 -29.41773   8.70945        invalid           invalid      invalid   
98    -18.87046   9.20014  14.68549 -13.57691 -29.86862   9.01756        invalid           invalid      invalid   
99    -18.89632   9.41310  15.09035 -13.52137 -30.31950   9.32566        invalid           invalid      invalid   
