PointDistanceFollower  May 16 2018
Fol_2018-05-16.16_30_17.34_33.txt     Output is S6 probe cell, C3 reduced cell, S6Dist CS6Dist distance between
0     -0.67998   4.59113 -15.50482 -48.59806 -30.79015 -31.05321     (-0.680,-40.096) (-22.551,-31.470) (-14.825,-3.911)     -62.94506   0.63837  -0.72707 -12.24109 -69.47975 -45.33070     (-44.692,-11.603) (-0.638,-70.118) (-0.089,-62.307)      53.6704  57.8383  
1     -0.72731   4.70977 -15.73751 -48.47550 -30.70171 -30.69216     (-0.727,-39.783) (-22.000,-31.429) (-15.010,-3.982)     -62.99238   0.75700  -0.95975 -12.11853 -69.39131 -44.96966     (-44.213,-11.362) (-0.757,-70.148) (-0.203,-62.235)      53.4258  57.8734  
2     -0.77463   4.82841 -15.97019 -48.35295 -30.61327 -30.33112     (-0.775,-39.471) (-21.449,-31.388) (-15.196,-4.054)     -63.03971   0.87564  -1.19244 -11.99598 -69.30287 -44.60861     (-43.733,-11.120) (-0.876,-70.179) (-0.317,-62.164)      53.1861  57.8182  
3     -0.82196   4.94704 -16.20287 -48.23039 -30.52483 -29.97008     (-0.822,-39.158) (-20.898,-31.347) (-15.381,-4.125)     -63.08703   0.99428  -1.42512 -11.87342 -69.21442 -44.24757     (-43.253,-10.879) (-0.994,-70.209) (-0.431,-62.093)      52.9515  57.498  
4     -0.86928   5.06568 -16.43556 -48.10783 -30.43639 -29.60904     (-0.869,-38.846) (-20.347,-31.306) (-15.566,-4.196)     -63.13436   1.11291  -1.65781 -11.75086 -69.12598 -43.88653     (-42.774,-10.638) (-1.113,-70.239) (-0.545,-62.021)      52.7218  57.1817  
5     -0.91661   5.18432 -16.66824 -47.98528 -30.34794 -29.24799     (-0.917,-38.533) (-19.796,-31.265) (-15.752,-4.268)     -63.18168   1.23155  -1.89049 -11.62831 -69.03754 -43.52548     (-42.294,-10.397) (-1.232,-70.269) (-0.659,-61.950)      52.4973  56.8692  
6     -0.96393   5.30295 -16.90093 -47.86272 -30.25950 -28.88695     (-0.964,-38.221) (-19.245,-31.223) (-15.937,-4.339)     -63.22901   1.35019  -2.12317 -11.50575 -68.94910 -43.16444     (-41.814,-10.156) (-1.350,-70.299) (-0.773,-61.879)      52.2779  56.5606  
7     -1.01126   5.42159 -17.13361 -47.74016 -30.17106 -28.52591     (-1.011,-37.908) (-18.694,-31.182) (-16.122,-4.410)     -63.27633   1.46882  -2.35586 -11.38319 -68.86066 -42.80340     (-41.335,-9.914) (-1.469,-70.329) (-0.887,-61.808)      52.0638  56.2561  
8     -1.05858   5.54022 -17.36629 -47.61761 -30.08262 -28.16486     (-1.059,-37.596) (-18.143,-31.141) (-16.308,-4.482)     -63.32366   1.58746  -2.58854 -11.26064 -68.77221 -42.44235     (-40.855,-9.673) (-1.587,-70.360) (-1.001,-61.736)      51.8551  55.9557  
9     -1.10591   5.65886 -17.59898 -47.49505 -29.99418 -27.80382     (-1.106,-37.283) (-17.592,-31.100) (-16.493,-4.553)     -63.37098   1.70609  -2.82123 -11.13808 -68.68377 -42.08131     (-40.375,-9.432) (-1.706,-70.390) (-1.115,-61.665)      51.6517  55.6594  
10     -1.15323   5.77750 -17.83166 -47.37249 -29.90574 -27.44278     (-1.153,-36.971) (-17.041,-31.059) (-16.678,-4.624)     -63.41831   1.82473  -3.05391 -11.01552 -68.59533 -41.72027     (-39.896,-9.191) (-1.825,-70.420) (-1.229,-61.594)      51.4537  55.3673  
11     -1.20056   5.89613 -18.06435 -47.24993 -29.81729 -27.08174     (-1.201,-36.658) (-16.490,-31.018) (-16.864,-4.696)     -63.46563   1.94337  -3.28659 -10.89297 -68.50689 -41.35923     (-39.416,-8.950) (-1.943,-70.450) (-1.343,-61.522)      51.2612  55.0796  
12     -1.24788   6.01477 -18.29703 -47.12738 -29.72885 -26.72069     (-1.248,-36.346) (-15.939,-30.977) (-17.049,-4.767)     -63.51296   2.06200  -3.51928 -10.77041 -68.41845 -40.99818     (-38.936,-8.708) (-2.062,-70.480) (-1.457,-61.451)      51.0744  54.7962  
13     -1.29521   6.13341 -18.52971 -47.00482 -29.64041 -26.35965     (-1.295,-36.033) (-15.388,-30.936) (-17.235,-4.838)     -63.56028   2.18064  -3.75196 -10.64785 -68.33001 -40.63714     (-38.457,-8.467) (-2.181,-70.511) (-1.571,-61.380)      50.8931  54.5172  
14     -1.34253   6.25204 -18.76240 -46.88226 -29.55197 -25.99861     (-1.343,-35.721) (-14.837,-30.895) (-17.420,-4.910)     -63.60761   2.29928  -3.98465 -10.52530 -68.24156 -40.27610     (-37.977,-8.226) (-2.299,-70.541) (-1.685,-61.308)      50.7175  54.2426  
15     -1.38986   6.37068 -18.99508 -46.75971 -29.46353 -25.63756     (-1.390,-35.408) (-14.286,-30.853) (-17.605,-4.981)     -63.65493   2.41791  -4.21733 -10.40274 -68.15312 -39.91505     (-37.497,-7.985) (-2.418,-70.571) (-1.799,-61.237)      50.5477  53.9727  
16     -1.43718   6.48931 -19.22777 -46.63715 -29.37508 -25.27652     (-1.437,-35.096) (-13.735,-30.812) (-17.791,-5.052)     -63.70226   2.53655  -4.45001 -10.28018 -68.06468 -39.55401     (-37.017,-7.744) (-2.537,-70.601) (-1.913,-61.166)      50.3837  53.7074  
17     -1.48451   6.60795 -19.46045 -46.51459 -29.28664 -24.91548     (-1.485,-34.783) (-13.184,-30.771) (-17.976,-5.123)     -63.74958   2.65519  -4.68270 -10.15763 -67.97624 -39.19297     (-36.538,-7.502) (-2.655,-70.631) (-2.028,-61.094)      50.2255  53.4467  
18     -1.53183   6.72659 -19.69313 -46.39204 -29.19820 -24.55444     (-1.532,-34.471) (-12.633,-30.730) (-18.161,-5.195)     -63.79691   2.77382  -4.91538 -10.03507 -67.88780 -38.83193     (-36.058,-7.261) (-2.774,-70.662) (-2.142,-61.023)      50.0733  53.1909  
19     -1.57916   6.84522 -19.92582 -46.26948 -29.10976 -24.19339     (-1.579,-34.158) (-12.082,-30.689) (-18.347,-5.266)     -63.84423   2.89246  -5.14807  -9.91251 -67.79935 -38.47088     (-35.578,-7.020) (-2.892,-70.692) (-2.256,-60.952)      49.927  52.9398  
20     -1.62648   6.96386 -20.15850 -46.14692 -29.02132 -23.83235     (-1.626,-33.846) (-11.531,-30.648) (-18.532,-5.337)     -63.89156   3.01109  -5.38075  -9.78996 -67.71091 -38.10984     (-35.099,-6.779) (-3.011,-70.722) (-2.370,-60.880)      49.7868  52.6937  
21     -1.67381   7.08250 -20.39119 -46.02437 -28.93288 -23.47131     (-1.674,-33.533) (-10.980,-30.607) (-18.717,-5.409)     -63.93888   3.12973  -5.61343  -9.66740 -67.62247 -37.74880     (-34.619,-6.538) (-3.130,-70.752) (-2.484,-60.809)      49.6526  52.4526  
22     -1.72113   7.20113 -20.62387 -45.90181 -28.84443 -23.11026     (-1.721,-33.221) (-10.429,-30.566) (-18.903,-5.480)     -63.98621   3.24837  -5.84612  -9.54484 -67.53403 -37.38775     (-34.139,-6.296) (-3.248,-70.782) (-2.598,-60.738)      49.5246  52.2164  
23     -1.76846   7.31977 -20.85655 -45.77925 -28.75599 -22.74922     (-1.768,-32.908) (-9.878,-30.524) (-19.088,-5.551)     -64.03353   3.36700  -6.07880  -9.42229 -67.44559 -37.02671     (-33.660,-6.055) (-3.367,-70.813) (-2.712,-60.667)      49.4027  51.9854  
24     -1.81578   7.43841 -21.08924 -45.65670 -28.66755 -22.38818     (-1.816,-32.596) (-9.327,-30.483) (-19.273,-5.623)     -64.08086   3.48564  -6.31149  -9.29973 -67.35715 -36.66567     (-33.180,-5.814) (-3.486,-70.843) (-2.826,-60.595)      49.2871  51.7596  
25     -1.86311   7.55704 -21.32192 -45.53414 -28.57911 -22.02713     (-1.863,-32.283) (-8.776,-30.442) (-19.459,-5.694)     -64.12818   3.60428  -6.54417  -9.17717 -67.26870 -36.30463     (-32.700,-5.573) (-3.604,-70.873) (-2.940,-60.524)      49.1777  51.539  
26     -1.91043   7.67568 -21.55460 -45.41158 -28.49067 -21.66609     (-1.910,-31.971) (-8.225,-30.401) (-19.644,-5.765)     -64.17551   3.72291  -6.77685  -9.05461 -67.18026 -35.94358     (-32.221,-5.332) (-3.723,-70.903) (-3.054,-60.453)      49.0746  51.3237  
27     -1.95776   7.79431 -21.78729 -45.28903 -28.40222 -21.30505     (-1.958,-31.658) (-7.674,-30.360) (-19.830,-5.837)     -64.22283   3.84155  -7.00954  -8.93206 -67.09182 -35.58254     (-31.741,-5.091) (-3.842,-70.933) (-3.168,-60.381)      48.9779  51.1139  
28     -2.00508   7.91295 -22.01997 -45.16647 -28.31378 -20.94401     (-2.005,-31.346) (-7.123,-30.319) (-20.015,-5.908)     -64.27016   3.96018  -7.24222  -8.80950 -67.00338 -35.22150     (-31.261,-4.849) (-3.960,-70.964) (-3.282,-60.310)      48.8875  50.9094  
29     -2.05241   8.03159 -22.25266 -45.04391 -28.22534 -20.58296     (-2.052,-31.033) (-6.572,-30.278) (-20.200,-5.979)     -64.31748   4.07882  -7.47491  -8.68694 -66.91494 -34.86045     (-30.782,-4.608) (-4.079,-70.994) (-3.396,-60.239)      48.8036  50.7105  
30     -2.09973   8.15022 -22.48534 -44.92136 -28.13690 -20.22192     (-2.100,-30.721) (-6.021,-30.237) (-20.386,-6.050)     -64.36481   4.19746  -7.70759  -8.56439 -66.82649 -34.49941     (-30.302,-4.367) (-4.197,-71.024) (-3.510,-60.167)      48.7261  50.5171  
31     -2.14706   8.26886 -22.71802 -44.79880 -28.04846 -19.86088     (-2.147,-30.408) (-5.470,-30.196) (-20.571,-6.122)     -64.41213   4.31609  -7.94027  -8.44183 -66.73805 -34.13837     (-29.822,-4.126) (-4.316,-71.054) (-3.624,-60.096)      48.6551  50.3294  
32     -2.19438   8.38750 -22.95071 -44.67624 -27.96002 -19.49983     (-2.194,-30.096) (-4.919,-30.154) (-20.756,-6.193)     -64.45946   4.43473  -8.17296  -8.31927 -66.64961 -33.77732     (-29.343,-3.885) (-4.435,-71.084) (-3.738,-60.025)      48.5225  50.1474  
33     -2.24171   8.50613 -23.18339 -44.55369 -27.87157 -19.13879     (-2.242,-29.783) (-4.368,-30.113) (-20.942,-6.264)     -64.50678   4.55337  -8.40564  -8.19672 -66.56117 -33.41628     (-28.863,-3.643) (-4.553,-71.115) (-3.852,-59.953)      48.3243  49.9712  
34     -2.28903   8.62477 -23.41608 -44.43113 -27.78313 -18.77775     (-2.289,-29.471) (-3.817,-30.072) (-21.127,-6.336)     -64.55411   4.67200  -8.63833  -8.07416 -66.47273 -33.05524     (-28.383,-3.402) (-4.672,-71.145) (-3.966,-59.882)      48.132  49.8008  
35     -2.33636   8.74340 -23.64876 -44.30857 -27.69469 -18.41671     (-2.336,-29.158) (-3.266,-30.031) (-21.312,-6.407)     -64.60143   4.79064  -8.87101  -7.95160 -66.38429 -32.69420     (-27.904,-3.161) (-4.791,-71.175) (-4.080,-59.811)      47.9456  49.6363  
36     -2.38368   8.86204 -23.88144 -44.18602 -27.60625 -18.05566     (-2.384,-28.846) (-2.715,-29.990) (-21.498,-6.478)     -64.64876   4.90927  -9.10369  -7.82905 -66.29584 -32.33315     (-27.424,-2.920) (-4.909,-71.205) (-4.194,-59.739)      47.7652  49.4777  
37     -2.43101   8.98068 -24.11413 -44.06346 -27.51781 -17.69462     (-2.431,-28.533) (-2.164,-29.949) (-21.683,-6.550)     -64.69608   5.02791  -9.33638  -7.70649 -66.20740 -31.97211     (-26.944,-2.679) (-5.028,-71.235) (-4.308,-59.668)      47.5909  49.3251  
38     -2.47833   9.09931 -24.34681 -43.94090 -27.42936 -17.33358     (-2.478,-28.221) (-1.613,-29.908) (-21.868,-6.621)     -64.74341   5.14655  -9.56906  -7.58393 -66.11896 -31.61107     (-26.465,-2.437) (-5.147,-71.266) (-4.423,-59.597)      47.4227  49.1786  
39     -2.52566   9.21795 -24.57950 -43.81835 -27.34092 -16.97253     (-2.526,-27.908) (-1.062,-29.867) (-22.054,-6.692)     -64.79073   5.26518  -9.80175  -7.46138 -66.03052 -31.25002     (-25.985,-2.196) (-5.265,-71.296) (-4.537,-59.526)      47.2607  49.0382  
40     -2.57298   9.33659 -24.81218 -43.69579 -27.25248 -16.61149     (-2.573,-27.596) (-0.511,-29.825) (-22.239,-6.764)     -64.83806   5.38382 -10.03443  -7.33882 -65.94208 -30.88898     (-25.505,-1.955) (-5.384,-71.326) (-4.651,-59.454)      47.0891  48.904  
41     -2.62031   9.45522 -25.04486 -43.57323 -27.16404 -16.25045     (-6.795,-27.243) (-0.040,-29.824) (-22.385,-2.581)     -64.88538   5.50246 -10.26711  -7.21626 -65.85363 -30.52794     (-25.025,-1.714) (-5.502,-71.356) (-4.765,-59.383)      46.8973  48.776  
42     -2.66763   9.57386 -25.27755 -43.45068 -27.07560 -15.88941     (-6.316,-26.380) (-0.591,-30.334) (-22.019,-2.077)     -64.93271   5.62109 -10.49980  -7.09371 -65.76519 -30.16690     (-24.546,-1.473) (-5.621,-71.386) (-4.879,-59.312)      46.7116  48.6543  
43     -2.71496   9.69249 -25.51023 -43.32812 -26.98716 -15.52836     (-5.836,-25.516) (-1.142,-30.844) (-21.654,-1.573)     -64.98003   5.73973 -10.73248  -6.97115 -65.67675 -29.80585     (-24.066,-1.231) (-5.740,-71.416) (-4.993,-59.240)      46.5321  48.5389  
44     -2.76228   9.81113 -25.74292 -43.20556 -26.89871 -15.16732     (-5.356,-24.653) (-1.693,-31.354) (-21.288,-1.070)     -65.02736   5.85837 -10.96517  -6.84859 -65.58831 -29.44481     (-23.586,-0.990) (-5.858,-71.447) (-5.107,-59.169)      46.3587  48.4298  
45     -2.80961   9.92977 -25.97560 -43.08300 -26.81027 -14.80628     (-4.877,-23.789) (-2.244,-31.864) (-20.922,-0.566)     -65.07468   5.97700 -11.19785  -6.72604 -65.49987 -29.08377     (-23.107,-0.749) (-5.977,-71.477) (-5.221,-59.098)      46.1917  48.3272  
46     -2.85693  10.04840 -26.20828 -42.96045 -26.72183 -14.44523     (-4.397,-22.926) (-2.795,-32.373) (-20.557,-0.062)     -65.12201   6.09564 -11.43053  -6.60348 -65.41143 -28.72272     (-22.627,-0.508) (-6.096,-71.507) (-5.335,-59.026)      46.0311  48.231  
47     -2.90426  10.16704 -26.44097 -42.83789 -26.63339 -14.08419     (-2.904,-21.621) (-3.476,-32.442) (-20.632,-0.441)     -65.16933   6.21427 -11.66322  -6.48092 -65.32298 -28.36168     (-22.147,-0.267) (-6.214,-71.537) (-5.449,-58.955)      45.8769  48.1412  
48     -2.95158  10.28568 -26.67365 -42.71533 -26.54495 -13.72315     (-2.952,-20.254) (-2.492,-32.448) (-20.770,-0.945)     -65.21665   6.33291 -11.89590  -6.35837 -65.23454 -28.00064     (-21.668,-0.025) (-6.333,-71.567) (-5.563,-58.884)      45.7292  48.058  
49     -2.99891  10.40431 -26.90634 -42.59278 -26.45651 -13.36210     (-2.999,-18.887) (-1.509,-32.454) (-20.909,-1.449)     -65.26398   6.45155 -12.12859  -6.23581 -65.14610 -27.63960     (-21.404,-0.216) (-5.461,-71.382) (-6.236,-58.597)      45.3944  48.1154  
50     -3.04623  10.52295 -27.13902 -42.47022 -26.36806 -13.00106     (-3.046,-17.520) (-0.526,-32.461) (-21.047,-1.952)     -65.31130   6.57018 -12.36127  -6.11325 -65.05766 -27.27855     (-21.165,-0.457) (-5.334,-71.171) (-6.113,-58.284)      45.0405  47.8021  
51     -3.09356  10.64159 -27.37170 -42.34766 -26.27962 -12.64002     (-1.998,-15.695) (-0.458,-32.924) (-20.727,-2.636)     -65.35863   6.68882 -12.59395  -5.99070 -64.96922 -26.91751     (-20.927,-0.698) (-5.207,-70.960) (-5.991,-57.972)      44.6903  47.4928  
52     -3.14088  10.76022 -27.60439 -42.22511 -26.19118 -12.27898     (-1.519,-13.344) (-1.441,-33.914) (-19.882,-1.700)     -65.40595   6.80746 -12.82664  -5.86814 -64.88077 -26.55647     (-20.688,-0.939) (-5.080,-70.749) (-5.868,-57.659)      44.3437  47.1875  
53     -3.18821  10.87886 -27.83707 -42.10255 -26.10274 -11.91793     (-1.039,-10.994) (-2.424,-34.903) (-19.036,-0.764)     -65.45328   6.92609 -13.05932  -5.74558 -64.79233 -26.19542     (-20.450,-1.181) (-4.953,-70.538) (-5.746,-57.347)      44.001  46.8864  
54     -3.23553  10.99749 -28.06976 -41.97999 -26.01430 -11.55689     (-3.236,-8.471) (-0.387,-35.721) (-18.363,-0.172)     -65.50060   7.04473 -13.29201  -5.62303 -64.70389 -25.83438     (-20.211,-1.422) (-4.826,-70.327) (-5.623,-57.034)      43.6623  46.5896  
55     -3.28286  11.11613 -28.30244 -41.85744 -25.92585 -11.19585     (-0.080,-4.156) (-1.028,-36.803) (-17.425,-2.254)     -65.54793   7.16336 -13.52469  -5.50047 -64.61545 -25.47334     (-19.973,-1.663) (-4.698,-70.116) (-5.500,-56.722)      43.3275  46.2971  
56     -3.33018  11.23477 -28.53512 -41.73488 -25.83741 -10.83480     (-0.146,-0.546) (-15.554,-37.726) (-1.898,-0.340)     -65.59525   7.28200 -13.75737  -5.37791 -64.52701 -25.11229     (-19.734,-1.904) (-4.571,-69.905) (-5.378,-56.409)      42.9968  46.009  
57     -3.37751  11.35340 -28.76781 -41.61232 -25.74897 -10.47376     (-5.731,-0.654) (-1.362,-27.798) (-0.482,-1.073)     -65.64258   7.40064 -13.99006  -5.25536 -64.43857 -24.75125     (-19.496,-2.145) (-4.444,-69.694) (-5.255,-56.097)      42.6703  45.7254  
58     -3.42483  11.47204 -29.00049 -41.48977 -25.66053 -10.11272                            -65.68990   7.51927 -14.22274  -5.13280 -64.35012 -24.39021     invalid  
59     -3.47216  11.59068 -29.23318 -41.36721 -25.57209  -9.75168                            -65.73723   7.63791 -14.45543  -5.01024 -64.26168 -24.02917     invalid  
60     -3.51948  11.70931 -29.46586 -41.24465 -25.48365  -9.39063                            -65.78455   7.75655 -14.68811  -4.88768 -64.17324 -23.66812     invalid  
61     -3.56681  11.82795 -29.69854 -41.12210 -25.39520  -9.02959                            -65.83188   7.87518 -14.92079  -4.76513 -64.08480 -23.30708     invalid  
62     -3.61413  11.94658 -29.93123 -40.99954 -25.30676  -8.66855                            -65.87920   7.99382 -15.15348  -4.64257 -63.99636 -22.94604     invalid  
63     -3.66146  12.06522 -30.16391 -40.87698 -25.21832  -8.30750                            -65.92653   8.11246 -15.38616  -4.52001 -63.90791 -22.58499     invalid  
64     -3.70878  12.18386 -30.39660 -40.75443 -25.12988  -7.94646                            -65.97385   8.23109 -15.61885  -4.39746 -63.81947 -22.22395     invalid  
65     -3.75611  12.30249 -30.62928 -40.63187 -25.04144  -7.58542                            -66.02118   8.34973 -15.85153  -4.27490 -63.73103 -21.86291     invalid  
66     -3.80343  12.42113 -30.86196 -40.50931 -24.95299  -7.22438                            -66.06850   8.46836 -16.08421  -4.15234 -63.64259 -21.50187     invalid  
67     -3.85076  12.53977 -31.09465 -40.38676 -24.86455  -6.86333                            -66.11583   8.58700 -16.31690  -4.02979 -63.55415 -21.14082     invalid  
68     -3.89808  12.65840 -31.32733 -40.26420 -24.77611  -6.50229                            -66.16315   8.70564 -16.54958  -3.90723 -63.46571 -20.77978     invalid  
69     -3.94541  12.77704 -31.56002 -40.14164 -24.68767  -6.14125                            -66.21048   8.82427 -16.78227  -3.78467 -63.37726 -20.41874     invalid  
70     -3.99273  12.89568 -31.79270 -40.01909 -24.59923  -5.78020                            -66.25780   8.94291 -17.01495  -3.66212 -63.28882 -20.05769     invalid  
71     -4.04006  13.01431 -32.02538 -39.89653 -24.51079  -5.41916                            -66.30513   9.06155 -17.24763  -3.53956 -63.20038 -19.69665     invalid  
72     -4.08738  13.13295 -32.25807 -39.77397 -24.42234  -5.05812                            -66.35245   9.18018 -17.48032  -3.41700 -63.11194 -19.33561     invalid  
73     -4.13471  13.25158 -32.49075 -39.65142 -24.33390  -4.69707                            -66.39978   9.29882 -17.71300  -3.29445 -63.02350 -18.97457     invalid  
74     -4.18203  13.37022 -32.72344 -39.52886 -24.24546  -4.33603                            -66.44710   9.41745 -17.94568  -3.17189 -62.93506 -18.61352     invalid  
75     -4.22936  13.48886 -32.95612 -39.40630 -24.15702  -3.97499                            -66.49443   9.53609 -18.17837  -3.04933 -62.84661 -18.25248     invalid  
76     -4.27668  13.60749 -33.18880 -39.28374 -24.06858  -3.61395                            -66.54175   9.65473 -18.41105  -2.92678 -62.75817 -17.89144     invalid  
77     -4.32401  13.72613 -33.42149 -39.16119 -23.98013  -3.25290                            -66.58908   9.77336 -18.64374  -2.80422 -62.66973 -17.53039     invalid  
78     -4.37133  13.84477 -33.65417 -39.03863 -23.89169  -2.89186                            -66.63640   9.89200 -18.87642  -2.68166 -62.58129 -17.16935     invalid  
79     -4.41865  13.96340 -33.88686 -38.91607 -23.80325  -2.53082                            -66.68373  10.01064 -19.10910  -2.55911 -62.49285 -16.80831     invalid  
80     -4.46598  14.08204 -34.11954 -38.79352 -23.71481  -2.16977                            -66.73105  10.12927 -19.34179  -2.43655 -62.40440 -16.44726     invalid  
81     -4.51330  14.20067 -34.35222 -38.67096 -23.62637  -1.80873                            -66.77838  10.24791 -19.57447  -2.31399 -62.31596 -16.08622     invalid  
82     -4.56063  14.31931 -34.58491 -38.54840 -23.53793  -1.44769                            -66.82570  10.36654 -19.80716  -2.19144 -62.22752 -15.72518     invalid  
83     -4.60795  14.43795 -34.81759 -38.42585 -23.44948  -1.08665                            -66.87303  10.48518 -20.03984  -2.06888 -62.13908 -15.36414     invalid  
84     -4.65528  14.55658 -35.05028 -38.30329 -23.36104  -0.72560                            -66.92035  10.60382 -20.27252  -1.94632 -62.05064 -15.00309     invalid  
85     -4.70260  14.67522 -35.28296 -38.18073 -23.27260  -0.36456                            -66.96768  10.72245 -20.50521  -1.82377 -61.96220 -14.64205     invalid  
86     -4.74993  14.79386 -35.51564 -38.05818 -23.18416  -0.00352                            -67.01500  10.84109 -20.73789  -1.70121 -61.87375 -14.28101     invalid  
87     -4.79725  14.91249 -35.74833 -37.93562 -23.09572   0.35753                            -67.06233  10.95973 -20.97058  -1.57865 -61.78531 -13.91996     invalid  
88     -4.84458  15.03113 -35.98101 -37.81306 -23.00727   0.71857                            -67.10965  11.07836 -21.20326  -1.45610 -61.69687 -13.55892     invalid  
89     -4.89190  15.14976 -36.21370 -37.69051 -22.91883   1.07961                            -67.15698  11.19700 -21.43594  -1.33354 -61.60843 -13.19788     invalid  
90     -4.93923  15.26840 -36.44638 -37.56795 -22.83039   1.44065                            -67.20430  11.31564 -21.66863  -1.21098 -61.51999 -12.83684     invalid  
91     -4.98655  15.38704 -36.67906 -37.44539 -22.74195   1.80170                            -67.25163  11.43427 -21.90131  -1.08842 -61.43154 -12.47579     invalid  
92     -5.03388  15.50567 -36.91175 -37.32284 -22.65351   2.16274                            -67.29895  11.55291 -22.13400  -0.96587 -61.34310 -12.11475     invalid  
93     -5.08120  15.62431 -37.14443 -37.20028 -22.56507   2.52378                            -67.34628  11.67154 -22.36668  -0.84331 -61.25466 -11.75371     invalid  
94     -5.12853  15.74295 -37.37712 -37.07772 -22.47662   2.88483                            -67.39360  11.79018 -22.59936  -0.72075 -61.16622 -11.39266     invalid  
95     -5.17585  15.86158 -37.60980 -36.95517 -22.38818   3.24587                            -67.44093  11.90882 -22.83205  -0.59820 -61.07778 -11.03162     invalid  
96     -5.22318  15.98022 -37.84248 -36.83261 -22.29974   3.60691                            -67.48825  12.02745 -23.06473  -0.47564 -60.98934 -10.67058     invalid  
97     -5.27050  16.09886 -38.07517 -36.71005 -22.21130   3.96796                            -67.53558  12.14609 -23.29742  -0.35308 -60.90089 -10.30954     invalid  
98     -5.31783  16.21749 -38.30785 -36.58750 -22.12286   4.32900                            -67.58290  12.26473 -23.53010  -0.23053 -60.81245  -9.94849     invalid  
99     -5.36515  16.33613 -38.54054 -36.46494 -22.03441   4.69004                            -67.63023  12.38336 -23.76278  -0.10797 -60.72401  -9.58745     invalid  
