PointDistanceFollower   Mar 20 2020   mode =  LINE3 
Fol_.4_0.txt      Output is S6 probe cell, C3 reduced cell,  S6Dist CS6Dist LMDist  distance between 
Compute times (msec)     S6Dist  1230   CS6Dist 18   LMDist  15140
PointDistanceFollower  Mar 20 2020  mode = LINE3
Fol_.4_0.txt     Output is S6 probe cell, C3 reduced cell, S6Dist CS6Dist LMDist distance between
0    -49.25927 -22.10069 -35.94453  13.06850 -17.08571 -13.71260     (-62.328,-13.069) (-22.876,-4.017) (-9.032,-0.644)      0  0  0  
1    -48.91238 -21.92979 -36.05151  13.30517 -17.10796 -13.90248     (-62.218,-13.305) (-22.746,-3.803) (-8.625,-0.597)      0.547037  0.547037  0.547037  
2    -48.56549 -21.75889 -36.15849  13.54183 -17.13022 -14.09236     (-62.107,-13.542) (-22.617,-3.588) (-8.217,-0.551)      1.09407  1.09407  1.09407  
3    -48.21859 -21.58799 -36.26547  13.77850 -17.15247 -14.28224     (-61.997,-13.778) (-22.487,-3.374) (-7.809,-0.504)      1.64111  1.64111  1.64111  
4    -47.87170 -21.41709 -36.37244  14.01517 -17.17473 -14.47211     (-61.887,-14.015) (-22.357,-3.160) (-7.402,-0.457)      2.18815  2.18815  2.18815  
5    -47.52481 -21.24619 -36.47942  14.25183 -17.19698 -14.66199     (-61.777,-14.252) (-22.228,-2.945) (-6.994,-0.410)      2.73519  2.73519  2.73519  
6    -47.17792 -21.07529 -36.58640  14.48850 -17.21923 -14.85187     (-61.666,-14.488) (-22.098,-2.731) (-6.587,-0.363)      3.28222  3.28222  3.28222  
7    -46.83103 -20.90439 -36.69338  14.72516 -17.24149 -15.04175     (-61.556,-14.725) (-21.968,-2.516) (-6.179,-0.317)      3.82926  3.82926  3.82926  
8    -46.48414 -20.73349 -36.80036  14.96183 -17.26374 -15.23163     (-61.446,-14.962) (-21.839,-2.302) (-5.772,-0.270)      4.3763  4.3763  4.3763  
9    -46.13725 -20.56259 -36.90734  15.19849 -17.28600 -15.42151     (-61.336,-15.198) (-21.709,-2.088) (-5.364,-0.223)      4.92334  4.92334  4.92334  
10    -45.79036 -20.39169 -37.01431  15.43516 -17.30825 -15.61139     (-61.226,-15.435) (-21.579,-1.873) (-4.957,-0.176)      5.47037  5.47037  5.47037  
11    -45.44347 -20.22080 -37.12129  15.67183 -17.33050 -15.80126     (-61.115,-15.672) (-21.449,-1.659) (-4.549,-0.129)      6.01741  6.01741  6.01741  
12    -45.09658 -20.04990 -37.22827  15.90849 -17.35276 -15.99114     (-61.005,-15.908) (-21.320,-1.444) (-4.141,-0.083)      6.56445  6.56445  6.56445  
13    -44.74969 -19.87900 -37.33525  16.14516 -17.37501 -16.18102     (-60.895,-16.145) (-21.190,-1.230) (-3.734,-0.036)      7.11148  7.11148  7.11148  
14    -44.40280 -19.70810 -37.44223  16.38182 -17.39727 -16.37090     (-21.049,-16.371) (-60.774,-1.005) (-3.337,-0.011)      7.65477  7.66476  7.65852  
15    -44.05591 -19.53720 -37.54921  16.61849 -17.41952 -16.56078     (-20.873,-16.561) (-60.617,-0.743) (-2.976,-0.058)      8.18652  8.23948  8.20556  
16    -43.70902 -19.36630 -37.65618  16.85515 -17.44178 -16.75066     (-20.697,-16.751) (-60.460,-0.482) (-2.616,-0.104)      8.71938  8.81552  8.7526  
17    -43.36213 -19.19540 -37.76316  17.09182 -17.46403 -16.94054     (-20.520,-16.941) (-60.303,-0.221) (-2.255,-0.151)      9.25315  9.39266  9.29963  
18    -43.01524 -19.02450 -37.87014  17.32849 -17.48628 -17.13041     (-1.854,-17.090) (-60.186,-0.040) (-20.303,-0.158)      9.79874  9.92568  9.78662  
19    -42.66835 -18.85360 -37.97712  17.56515 -17.50854 -17.32029     (-60.233,-16.962) (-1.175,-0.245) (-19.922,-0.057)      10.2883  10.2883  10.2883  
20    -42.32146 -18.68270 -38.08410  17.80182 -17.53079 -17.51017     (-60.123,-16.676) (-0.339,-0.292) (-19.699,-0.271)      10.8491  10.8491  10.8491  
21    -41.97457 -18.51180 -38.19108  18.03848 -17.55305 -17.70005     (-0.012,-15.905) (-0.824,-59.503) (-0.485,-18.966)      11.5317  11.8364  11.3747  
22    -41.62768 -18.34090 -38.29806  18.27515 -17.57530 -17.88993     (-0.634,-15.405) (-1.085,-57.935) (-0.700,-17.284)      12.2064  12.6533  12.0523  
23    -41.28078 -18.17000 -38.40503  18.51181 -17.59755 -18.07981     (-1.256,-14.905) (-1.346,-56.366) (-0.914,-15.603)      13.3076  13.9109  12.7332  
24    -40.93389 -17.99910 -38.51201  18.74848 -17.61981 -18.26969     (-1.878,-14.405) (-1.607,-54.798) (-1.129,-13.921)      14.74  15.5136  13.5233  
25    -40.58700 -17.82820 -38.61899  18.98515 -17.64206 -18.45957     (-2.500,-13.905) (-1.869,-53.229) (-1.343,-12.240)      16.3418  17.3721  14.2172  
26    -40.24011 -17.65730 -38.72597  19.22181 -17.66432 -18.64944     (-1.557,-10.558) (-2.130,-51.660) (-3.122,-13.405)      17.8226  19.4157  14.8981  
27    -39.89322 -17.48640 -38.83295  19.45848 -17.68657 -18.83932     (-1.772,-8.876) (-2.391,-50.092) (-3.744,-12.904)      19.4874  21.5934  15.7352  
28    -39.54633 -17.31550 -38.93993  19.69514 -17.70882 -19.02920     (-1.986,-7.195) (-2.652,-48.523) (-4.366,-12.404)      21.3061  22.3919  16.2258  
29    -39.19944 -17.14460 -39.04690  19.93181 -17.73108 -19.21908     (-2.201,-5.513) (-2.913,-46.955) (-4.988,-11.904)      22.5346  23.0113  16.9258  
30    -38.85255 -16.97370 -39.15388  20.16847 -17.75333 -19.40896     (-2.415,-3.831) (-3.175,-45.386) (-5.610,-11.404)      23.2117  23.7403  18.2836  
31    -38.50566 -16.80280 -39.26086  20.40514 -17.77559 -19.59884     (-2.630,-2.150) (-3.436,-43.817) (-6.232,-10.904)      24.1214  24.6994  19.1247  
32    -38.15877 -16.63190 -39.36784  20.64181 -17.79784 -19.78872     (-2.844,-0.468) (-3.697,-42.249) (-6.854,-10.404)      25.2384  25.6902  19.4278  
33    -37.81188 -16.46100 -39.47482  20.87847 -17.82010 -19.97859     (-1.213,-4.272) (-39.467,-6.262) (-2.745,-8.690)      28.192  28.192  22.1981     glitch
34    -37.46499 -16.29010 -39.58180  21.11514 -17.84235 -20.16847     (-2.895,-6.168) (-36.217,-5.203) (-1.324,-6.508)      32.1079  32.1079  22.0343  
35    -37.11810 -16.11921 -39.68877  21.35180 -17.86460 -20.35835     (-4.481,-32.870) (-7.968,-4.047) (-0.096,-4.423)      34.4281  34.4281  25.6834     glitch
36    -36.77121 -15.94831 -39.79575  21.58847 -17.88686 -20.54823     (-4.742,-28.200) (-8.443,-1.567) (-1.517,-3.661)      38.4444  38.4444  32.1237  
37    -36.42432 -15.77741 -39.90273  21.82513 -17.90911 -20.73811     (-2.024,-22.616) (-9.832,-0.913) (-4.090,-1.987)      43.6307  44.0489  33.4696  
38    -36.07743 -15.60651 -40.00971  22.06180 -17.93137 -20.92799     (-0.964,-13.920) (-0.290,-2.429) (-2.835,-11.243)      51.7547  52.0208  33.7743  
39    -35.73054 -15.43561 -40.11669  22.29847 -17.95362 -21.11787     (-1.715,-0.539) (-1.217,-4.448) (-3.588,-0.443)      62.7964  62.8383  52.1001  
40    -35.38365 -15.26471 -40.22367  22.53513 -17.97587 -21.30775        invalid           invalid      invalid   
41    -35.03676 -15.09381 -40.33065  22.77180 -17.99813 -21.49762        invalid           invalid      invalid   
42    -34.68987 -14.92291 -40.43762  23.00846 -18.02038 -21.68750        invalid           invalid      invalid   
43    -34.34298 -14.75201 -40.54460  23.24513 -18.04264 -21.87738        invalid           invalid      invalid   
44    -33.99608 -14.58111 -40.65158  23.48179 -18.06489 -22.06726        invalid           invalid      invalid   
45    -33.64919 -14.41021 -40.75856  23.71846 -18.08714 -22.25714        invalid           invalid      invalid   
46    -33.30230 -14.23931 -40.86554  23.95513 -18.10940 -22.44702        invalid           invalid      invalid   
47    -32.95541 -14.06841 -40.97252  24.19179 -18.13165 -22.63690        invalid           invalid      invalid   
48    -32.60852 -13.89751 -41.07949  24.42846 -18.15391 -22.82677        invalid           invalid      invalid   
49    -32.26163 -13.72661 -41.18647  24.66512 -18.17616 -23.01665        invalid           invalid      invalid   
50    -31.91474 -13.55571 -41.29345  24.90179 -18.19841 -23.20653        invalid           invalid      invalid   
51    -31.56785 -13.38481 -41.40043  25.13845 -18.22067 -23.39641        invalid           invalid      invalid   
52    -31.22096 -13.21391 -41.50741  25.37512 -18.24292 -23.58629        invalid           invalid      invalid   
53    -30.87407 -13.04301 -41.61439  25.61179 -18.26518 -23.77617        invalid           invalid      invalid   
54    -30.52718 -12.87211 -41.72136  25.84845 -18.28743 -23.96605        invalid           invalid      invalid   
55    -30.18029 -12.70121 -41.82834  26.08512 -18.30969 -24.15592        invalid           invalid      invalid   
56    -29.83340 -12.53031 -41.93532  26.32178 -18.33194 -24.34580        invalid           invalid      invalid   
57    -29.48651 -12.35941 -42.04230  26.55845 -18.35419 -24.53568        invalid           invalid      invalid   
58    -29.13962 -12.18852 -42.14928  26.79512 -18.37645 -24.72556        invalid           invalid      invalid   
59    -28.79273 -12.01762 -42.25626  27.03178 -18.39870 -24.91544        invalid           invalid      invalid   
60    -28.44584 -11.84672 -42.36324  27.26845 -18.42096 -25.10532        invalid           invalid      invalid   
61    -28.09895 -11.67582 -42.47021  27.50511 -18.44321 -25.29520        invalid           invalid      invalid   
62    -27.75206 -11.50492 -42.57719  27.74178 -18.46546 -25.48508        invalid           invalid      invalid   
63    -27.40517 -11.33402 -42.68417  27.97844 -18.48772 -25.67495        invalid           invalid      invalid   
64    -27.05828 -11.16312 -42.79115  28.21511 -18.50997 -25.86483        invalid           invalid      invalid   
65    -26.71138 -10.99222 -42.89813  28.45178 -18.53223 -26.05471        invalid           invalid      invalid   
66    -26.36449 -10.82132 -43.00511  28.68844 -18.55448 -26.24459        invalid           invalid      invalid   
67    -26.01760 -10.65042 -43.11208  28.92511 -18.57673 -26.43447        invalid           invalid      invalid   
68    -25.67071 -10.47952 -43.21906  29.16177 -18.59899 -26.62435        invalid           invalid      invalid   
69    -25.32382 -10.30862 -43.32604  29.39844 -18.62124 -26.81423        invalid           invalid      invalid   
70    -24.97693 -10.13772 -43.43302  29.63510 -18.64350 -27.00410        invalid           invalid      invalid   
71    -24.63004  -9.96682 -43.54000  29.87177 -18.66575 -27.19398        invalid           invalid      invalid   
72    -24.28315  -9.79592 -43.64698  30.10844 -18.68801 -27.38386        invalid           invalid      invalid   
73    -23.93626  -9.62502 -43.75395  30.34510 -18.71026 -27.57374        invalid           invalid      invalid   
74    -23.58937  -9.45412 -43.86093  30.58177 -18.73251 -27.76362        invalid           invalid      invalid   
75    -23.24248  -9.28322 -43.96791  30.81843 -18.75477 -27.95350        invalid           invalid      invalid   
76    -22.89559  -9.11232 -44.07489  31.05510 -18.77702 -28.14338        invalid           invalid      invalid   
77    -22.54870  -8.94142 -44.18187  31.29176 -18.79928 -28.33326        invalid           invalid      invalid   
78    -22.20181  -8.77052 -44.28885  31.52843 -18.82153 -28.52313        invalid           invalid      invalid   
79    -21.85492  -8.59962 -44.39583  31.76510 -18.84378 -28.71301        invalid           invalid      invalid   
80    -21.50803  -8.42872 -44.50280  32.00176 -18.86604 -28.90289        invalid           invalid      invalid   
81    -21.16114  -8.25782 -44.60978  32.23843 -18.88829 -29.09277        invalid           invalid      invalid   
82    -20.81425  -8.08693 -44.71676  32.47509 -18.91055 -29.28265        invalid           invalid      invalid   
83    -20.46736  -7.91603 -44.82374  32.71176 -18.93280 -29.47253        invalid           invalid      invalid   
84    -20.12047  -7.74513 -44.93072  32.94842 -18.95505 -29.66241        invalid           invalid      invalid   
85    -19.77358  -7.57423 -45.03770  33.18509 -18.97731 -29.85228        invalid           invalid      invalid   
86    -19.42668  -7.40333 -45.14467  33.42176 -18.99956 -30.04216        invalid           invalid      invalid   
87    -19.07979  -7.23243 -45.25165  33.65842 -19.02182 -30.23204        invalid           invalid      invalid   
88    -18.73290  -7.06153 -45.35863  33.89509 -19.04407 -30.42192        invalid           invalid      invalid   
89    -18.38601  -6.89063 -45.46561  34.13175 -19.06632 -30.61180        invalid           invalid      invalid   
90    -18.03912  -6.71973 -45.57259  34.36842 -19.08858 -30.80168        invalid           invalid      invalid   
91    -17.69223  -6.54883 -45.67957  34.60508 -19.11083 -30.99156        invalid           invalid      invalid   
92    -17.34534  -6.37793 -45.78654  34.84175 -19.13309 -31.18143        invalid           invalid      invalid   
93    -16.99845  -6.20703 -45.89352  35.07842 -19.15534 -31.37131        invalid           invalid      invalid   
94    -16.65156  -6.03613 -46.00050  35.31508 -19.17760 -31.56119        invalid           invalid      invalid   
95    -16.30467  -5.86523 -46.10748  35.55175 -19.19985 -31.75107        invalid           invalid      invalid   
96    -15.95778  -5.69433 -46.21446  35.78841 -19.22210 -31.94095        invalid           invalid      invalid   
97    -15.61089  -5.52343 -46.32144  36.02508 -19.24436 -32.13083        invalid           invalid      invalid   
98    -15.26400  -5.35253 -46.42842  36.26174 -19.26661 -32.32071        invalid           invalid      invalid   
99    -14.91711  -5.18163 -46.53539  36.49841 -19.28887 -32.51059        invalid           invalid      invalid   
PointDistanceFollower   Mar 20 2020   mode =  LINE3 
Fol_.4_0.txt      Output is S6 probe cell, C3 reduced cell,  S6Dist CS6Dist LMDist  distance between 
Compute times (msec)     S6Dist  1289   CS6Dist 21   LMDist  16206
PointDistanceFollower  Mar 20 2020  mode = LINE3
Fol_.4_0.txt     Output is S6 probe cell, C3 reduced cell, S6Dist CS6Dist LMDist distance between
0    -49.25927 -22.10069 -35.94453  13.06850 -17.08571 -13.71260     (-62.328,-13.069) (-22.876,-4.017) (-9.032,-0.644)      0  0  0  
1    -48.91238 -21.92979 -36.05151  13.30517 -17.10796 -13.90248     (-62.218,-13.305) (-22.746,-3.803) (-8.625,-0.597)      0.547037  0.547037  0.547037  
2    -48.56549 -21.75889 -36.15849  13.54183 -17.13022 -14.09236     (-62.107,-13.542) (-22.617,-3.588) (-8.217,-0.551)      1.09407  1.09407  1.09407  
3    -48.21859 -21.58799 -36.26547  13.77850 -17.15247 -14.28224     (-61.997,-13.778) (-22.487,-3.374) (-7.809,-0.504)      1.64111  1.64111  1.64111  
4    -47.87170 -21.41709 -36.37244  14.01517 -17.17473 -14.47211     (-61.887,-14.015) (-22.357,-3.160) (-7.402,-0.457)      2.18815  2.18815  2.18815  
5    -47.52481 -21.24619 -36.47942  14.25183 -17.19698 -14.66199     (-61.777,-14.252) (-22.228,-2.945) (-6.994,-0.410)      2.73519  2.73519  2.73519  
6    -47.17792 -21.07529 -36.58640  14.48850 -17.21923 -14.85187     (-61.666,-14.488) (-22.098,-2.731) (-6.587,-0.363)      3.28222  3.28222  3.28222  
7    -46.83103 -20.90439 -36.69338  14.72516 -17.24149 -15.04175     (-61.556,-14.725) (-21.968,-2.516) (-6.179,-0.317)      3.82926  3.82926  3.82926  
8    -46.48414 -20.73349 -36.80036  14.96183 -17.26374 -15.23163     (-61.446,-14.962) (-21.839,-2.302) (-5.772,-0.270)      4.3763  4.3763  4.3763  
9    -46.13725 -20.56259 -36.90734  15.19849 -17.28600 -15.42151     (-61.336,-15.198) (-21.709,-2.088) (-5.364,-0.223)      4.92334  4.92334  4.92334  
10    -45.79036 -20.39169 -37.01431  15.43516 -17.30825 -15.61139     (-61.226,-15.435) (-21.579,-1.873) (-4.957,-0.176)      5.47037  5.47037  5.47037  
11    -45.44347 -20.22080 -37.12129  15.67183 -17.33050 -15.80126     (-61.115,-15.672) (-21.449,-1.659) (-4.549,-0.129)      6.01741  6.01741  6.01741  
12    -45.09658 -20.04990 -37.22827  15.90849 -17.35276 -15.99114     (-61.005,-15.908) (-21.320,-1.444) (-4.141,-0.083)      6.56445  6.56445  6.56445  
13    -44.74969 -19.87900 -37.33525  16.14516 -17.37501 -16.18102     (-60.895,-16.145) (-21.190,-1.230) (-3.734,-0.036)      7.11148  7.11148  7.11148  
14    -44.40280 -19.70810 -37.44223  16.38182 -17.39727 -16.37090     (-21.049,-16.371) (-60.774,-1.005) (-3.337,-0.011)      7.65477  7.66476  7.65852  
15    -44.05591 -19.53720 -37.54921  16.61849 -17.41952 -16.56078     (-20.873,-16.561) (-60.617,-0.743) (-2.976,-0.058)      8.18652  8.23948  8.20556  
16    -43.70902 -19.36630 -37.65618  16.85515 -17.44178 -16.75066     (-20.697,-16.751) (-60.460,-0.482) (-2.616,-0.104)      8.71938  8.81552  8.7526  
17    -43.36213 -19.19540 -37.76316  17.09182 -17.46403 -16.94054     (-20.520,-16.941) (-60.303,-0.221) (-2.255,-0.151)      9.25315  9.39266  9.29963  
18    -43.01524 -19.02450 -37.87014  17.32849 -17.48628 -17.13041     (-1.854,-17.090) (-60.186,-0.040) (-20.303,-0.158)      9.79874  9.92568  9.78662  
19    -42.66835 -18.85360 -37.97712  17.56515 -17.50854 -17.32029     (-60.233,-16.962) (-1.175,-0.245) (-19.922,-0.057)      10.2883  10.2883  10.2883  
20    -42.32146 -18.68270 -38.08410  17.80182 -17.53079 -17.51017     (-60.123,-16.676) (-0.339,-0.292) (-19.699,-0.271)      10.8491  10.8491  10.8491  
21    -41.97457 -18.51180 -38.19108  18.03848 -17.55305 -17.70005     (-0.012,-15.905) (-0.824,-59.503) (-0.485,-18.966)      11.5317  11.8364  11.3747  
22    -41.62768 -18.34090 -38.29806  18.27515 -17.57530 -17.88993     (-0.634,-15.405) (-1.085,-57.935) (-0.700,-17.284)      12.2064  12.6533  12.0523  
23    -41.28078 -18.17000 -38.40503  18.51181 -17.59755 -18.07981     (-1.256,-14.905) (-1.346,-56.366) (-0.914,-15.603)      13.3076  13.9109  12.7332  
24    -40.93389 -17.99910 -38.51201  18.74848 -17.61981 -18.26969     (-1.878,-14.405) (-1.607,-54.798) (-1.129,-13.921)      14.74  15.5136  13.5233  
25    -40.58700 -17.82820 -38.61899  18.98515 -17.64206 -18.45957     (-2.500,-13.905) (-1.869,-53.229) (-1.343,-12.240)      16.3418  17.3721  14.2172  
26    -40.24011 -17.65730 -38.72597  19.22181 -17.66432 -18.64944     (-1.557,-10.558) (-2.130,-51.660) (-3.122,-13.405)      17.8226  19.4157  14.8981  
27    -39.89322 -17.48640 -38.83295  19.45848 -17.68657 -18.83932     (-1.772,-8.876) (-2.391,-50.092) (-3.744,-12.904)      19.4874  21.5934  15.7352  
28    -39.54633 -17.31550 -38.93993  19.69514 -17.70882 -19.02920     (-1.986,-7.195) (-2.652,-48.523) (-4.366,-12.404)      21.3061  22.3919  16.2258  
29    -39.19944 -17.14460 -39.04690  19.93181 -17.73108 -19.21908     (-2.201,-5.513) (-2.913,-46.955) (-4.988,-11.904)      22.5346  23.0113  16.9258  
30    -38.85255 -16.97370 -39.15388  20.16847 -17.75333 -19.40896     (-2.415,-3.831) (-3.175,-45.386) (-5.610,-11.404)      23.2117  23.7403  18.2836  
31    -38.50566 -16.80280 -39.26086  20.40514 -17.77559 -19.59884     (-2.630,-2.150) (-3.436,-43.817) (-6.232,-10.904)      24.1214  24.6994  19.1247  
32    -38.15877 -16.63190 -39.36784  20.64181 -17.79784 -19.78872     (-2.844,-0.468) (-3.697,-42.249) (-6.854,-10.404)      25.2384  25.6902  19.4278  
33    -37.81188 -16.46100 -39.47482  20.87847 -17.82010 -19.97859     (-1.213,-4.272) (-39.467,-6.262) (-2.745,-8.690)      28.192  28.192  22.1981     glitch
34    -37.46499 -16.29010 -39.58180  21.11514 -17.84235 -20.16847     (-2.895,-6.168) (-36.217,-5.203) (-1.324,-6.508)      32.1079  32.1079  22.0343  
35    -37.11810 -16.11921 -39.68877  21.35180 -17.86460 -20.35835     (-4.481,-32.870) (-7.968,-4.047) (-0.096,-4.423)      34.4281  34.4281  25.6834     glitch
36    -36.77121 -15.94831 -39.79575  21.58847 -17.88686 -20.54823     (-4.742,-28.200) (-8.443,-1.567) (-1.517,-3.661)      38.4444  38.4444  32.1237  
37    -36.42432 -15.77741 -39.90273  21.82513 -17.90911 -20.73811     (-2.024,-22.616) (-9.832,-0.913) (-4.090,-1.987)      43.6307  44.0489  33.4696  
38    -36.07743 -15.60651 -40.00971  22.06180 -17.93137 -20.92799     (-0.964,-13.920) (-0.290,-2.429) (-2.835,-11.243)      51.7547  52.0208  33.7743  
39    -35.73054 -15.43561 -40.11669  22.29847 -17.95362 -21.11787     (-1.715,-0.539) (-1.217,-4.448) (-3.588,-0.443)      62.7964  62.8383  52.1001  
40    -35.38365 -15.26471 -40.22367  22.53513 -17.97587 -21.30775        invalid           invalid      invalid   
41    -35.03676 -15.09381 -40.33065  22.77180 -17.99813 -21.49762        invalid           invalid      invalid   
42    -34.68987 -14.92291 -40.43762  23.00846 -18.02038 -21.68750        invalid           invalid      invalid   
43    -34.34298 -14.75201 -40.54460  23.24513 -18.04264 -21.87738        invalid           invalid      invalid   
44    -33.99608 -14.58111 -40.65158  23.48179 -18.06489 -22.06726        invalid           invalid      invalid   
45    -33.64919 -14.41021 -40.75856  23.71846 -18.08714 -22.25714        invalid           invalid      invalid   
46    -33.30230 -14.23931 -40.86554  23.95513 -18.10940 -22.44702        invalid           invalid      invalid   
47    -32.95541 -14.06841 -40.97252  24.19179 -18.13165 -22.63690        invalid           invalid      invalid   
48    -32.60852 -13.89751 -41.07949  24.42846 -18.15391 -22.82677        invalid           invalid      invalid   
49    -32.26163 -13.72661 -41.18647  24.66512 -18.17616 -23.01665        invalid           invalid      invalid   
50    -31.91474 -13.55571 -41.29345  24.90179 -18.19841 -23.20653        invalid           invalid      invalid   
51    -31.56785 -13.38481 -41.40043  25.13845 -18.22067 -23.39641        invalid           invalid      invalid   
52    -31.22096 -13.21391 -41.50741  25.37512 -18.24292 -23.58629        invalid           invalid      invalid   
53    -30.87407 -13.04301 -41.61439  25.61179 -18.26518 -23.77617        invalid           invalid      invalid   
54    -30.52718 -12.87211 -41.72136  25.84845 -18.28743 -23.96605        invalid           invalid      invalid   
55    -30.18029 -12.70121 -41.82834  26.08512 -18.30969 -24.15592        invalid           invalid      invalid   
56    -29.83340 -12.53031 -41.93532  26.32178 -18.33194 -24.34580        invalid           invalid      invalid   
57    -29.48651 -12.35941 -42.04230  26.55845 -18.35419 -24.53568        invalid           invalid      invalid   
58    -29.13962 -12.18852 -42.14928  26.79512 -18.37645 -24.72556        invalid           invalid      invalid   
59    -28.79273 -12.01762 -42.25626  27.03178 -18.39870 -24.91544        invalid           invalid      invalid   
60    -28.44584 -11.84672 -42.36324  27.26845 -18.42096 -25.10532        invalid           invalid      invalid   
61    -28.09895 -11.67582 -42.47021  27.50511 -18.44321 -25.29520        invalid           invalid      invalid   
62    -27.75206 -11.50492 -42.57719  27.74178 -18.46546 -25.48508        invalid           invalid      invalid   
63    -27.40517 -11.33402 -42.68417  27.97844 -18.48772 -25.67495        invalid           invalid      invalid   
64    -27.05828 -11.16312 -42.79115  28.21511 -18.50997 -25.86483        invalid           invalid      invalid   
65    -26.71138 -10.99222 -42.89813  28.45178 -18.53223 -26.05471        invalid           invalid      invalid   
66    -26.36449 -10.82132 -43.00511  28.68844 -18.55448 -26.24459        invalid           invalid      invalid   
67    -26.01760 -10.65042 -43.11208  28.92511 -18.57673 -26.43447        invalid           invalid      invalid   
68    -25.67071 -10.47952 -43.21906  29.16177 -18.59899 -26.62435        invalid           invalid      invalid   
69    -25.32382 -10.30862 -43.32604  29.39844 -18.62124 -26.81423        invalid           invalid      invalid   
70    -24.97693 -10.13772 -43.43302  29.63510 -18.64350 -27.00410        invalid           invalid      invalid   
71    -24.63004  -9.96682 -43.54000  29.87177 -18.66575 -27.19398        invalid           invalid      invalid   
72    -24.28315  -9.79592 -43.64698  30.10844 -18.68801 -27.38386        invalid           invalid      invalid   
73    -23.93626  -9.62502 -43.75395  30.34510 -18.71026 -27.57374        invalid           invalid      invalid   
74    -23.58937  -9.45412 -43.86093  30.58177 -18.73251 -27.76362        invalid           invalid      invalid   
75    -23.24248  -9.28322 -43.96791  30.81843 -18.75477 -27.95350        invalid           invalid      invalid   
76    -22.89559  -9.11232 -44.07489  31.05510 -18.77702 -28.14338        invalid           invalid      invalid   
77    -22.54870  -8.94142 -44.18187  31.29176 -18.79928 -28.33326        invalid           invalid      invalid   
78    -22.20181  -8.77052 -44.28885  31.52843 -18.82153 -28.52313        invalid           invalid      invalid   
79    -21.85492  -8.59962 -44.39583  31.76510 -18.84378 -28.71301        invalid           invalid      invalid   
80    -21.50803  -8.42872 -44.50280  32.00176 -18.86604 -28.90289        invalid           invalid      invalid   
81    -21.16114  -8.25782 -44.60978  32.23843 -18.88829 -29.09277        invalid           invalid      invalid   
82    -20.81425  -8.08693 -44.71676  32.47509 -18.91055 -29.28265        invalid           invalid      invalid   
83    -20.46736  -7.91603 -44.82374  32.71176 -18.93280 -29.47253        invalid           invalid      invalid   
84    -20.12047  -7.74513 -44.93072  32.94842 -18.95505 -29.66241        invalid           invalid      invalid   
85    -19.77358  -7.57423 -45.03770  33.18509 -18.97731 -29.85228        invalid           invalid      invalid   
86    -19.42668  -7.40333 -45.14467  33.42176 -18.99956 -30.04216        invalid           invalid      invalid   
87    -19.07979  -7.23243 -45.25165  33.65842 -19.02182 -30.23204        invalid           invalid      invalid   
88    -18.73290  -7.06153 -45.35863  33.89509 -19.04407 -30.42192        invalid           invalid      invalid   
89    -18.38601  -6.89063 -45.46561  34.13175 -19.06632 -30.61180        invalid           invalid      invalid   
90    -18.03912  -6.71973 -45.57259  34.36842 -19.08858 -30.80168        invalid           invalid      invalid   
91    -17.69223  -6.54883 -45.67957  34.60508 -19.11083 -30.99156        invalid           invalid      invalid   
92    -17.34534  -6.37793 -45.78654  34.84175 -19.13309 -31.18143        invalid           invalid      invalid   
93    -16.99845  -6.20703 -45.89352  35.07842 -19.15534 -31.37131        invalid           invalid      invalid   
94    -16.65156  -6.03613 -46.00050  35.31508 -19.17760 -31.56119        invalid           invalid      invalid   
95    -16.30467  -5.86523 -46.10748  35.55175 -19.19985 -31.75107        invalid           invalid      invalid   
96    -15.95778  -5.69433 -46.21446  35.78841 -19.22210 -31.94095        invalid           invalid      invalid   
97    -15.61089  -5.52343 -46.32144  36.02508 -19.24436 -32.13083        invalid           invalid      invalid   
98    -15.26400  -5.35253 -46.42842  36.26174 -19.26661 -32.32071        invalid           invalid      invalid   
99    -14.91711  -5.18163 -46.53539  36.49841 -19.28887 -32.51059        invalid           invalid      invalid   
