PointDistanceFollower  May 16 2018
Fol_2018-05-16.16_29_28.4_3.txt     Output is S6 probe cell, C3 reduced cell, S6Dist CS6Dist distance between
0    -34.94813   4.50240  -9.47321 -27.99033 -46.40005   1.67579     (-22.592,-27.990) (-1.676,-0.468) (-43.048,-4.502)     -10.20380 -12.58812 -34.26892 -26.36541   8.73054   0.14658     (-10.204,-8.611) (-16.808,-0.147) (-12.295,-8.731)      35.9012  26.404  
1    -35.02335   4.11036  -9.19614 -28.00664 -46.12748   1.49777     (-23.807,-28.007) (-1.498,-0.975) (-43.132,-4.110)     -10.27902 -12.98016 -33.99185 -26.38171   9.00312  -0.03144     (-13.012,-8.407) (-16.017,-0.031) (-10.248,-8.972)      36.0841  26.2995  
2    -35.09857   3.71832  -8.91907 -28.02294 -45.85490   1.31975     (-25.022,-28.023) (-1.320,-1.482) (-43.215,-3.718)     -10.35425 -13.37220 -33.71478 -26.39802   9.27569  -0.20947     (-13.582,-8.056) (-15.373,-0.209) (-10.145,-9.066)      36.2358  26.0938  
3    -35.17380   3.32628  -8.64200 -28.03925 -45.58233   1.14173     (-26.238,-28.039) (-1.142,-1.989) (-43.299,-3.326)     -10.42947 -13.76424 -33.43771 -26.41432   9.54827  -0.38749     (-14.152,-7.705) (-14.729,-0.387) (-10.042,-9.161)      36.4119  25.9225  
4    -35.24902   2.93424  -8.36493 -28.05555 -45.30976   0.96370     (-27.453,-28.056) (-0.964,-2.496) (-43.382,-2.934)     -10.50469 -14.15629 -33.16064 -26.43063   9.82084  -0.56551     (-14.722,-7.354) (-14.084,-0.566) (-9.939,-9.255)      36.6122  25.7743  
5    -35.32424   2.54220  -8.08786 -28.07186 -45.03718   0.78568     (-28.668,-28.072) (-0.786,-3.003) (-43.466,-2.542)     -10.57991 -14.54833 -32.88357 -26.44693  10.09341  -0.74353     (-15.292,-7.004) (-13.440,-0.744) (-9.836,-9.350)      36.8362  25.6508  
6    -35.39947   2.15016  -7.81080 -28.08816 -44.76461   0.60766     (-29.884,-28.088) (-0.608,-3.510) (-43.549,-2.150)     -10.65514 -14.94037 -32.60650 -26.46324  10.36599  -0.92155     (-15.862,-6.653) (-12.796,-0.922) (-9.734,-9.444)      36.7924  25.5632  
7    -35.47469   1.75811  -7.53373 -28.10447 -44.49204   0.42964     (-31.099,-28.104) (-0.430,-4.017) (-43.633,-1.758)     -10.73036 -15.33241 -32.32943 -26.47954  10.63856  -1.09957     (-16.432,-6.302) (-12.152,-1.100) (-9.631,-9.539)      36.4728  25.5118  
8    -35.54991   1.36607  -7.25666 -28.12077 -44.21946   0.25162     (-32.315,-28.121) (-0.252,-4.525) (-43.716,-1.366)     -10.80558 -15.72445 -32.05236 -26.49585  10.91113  -1.27759     (-17.002,-5.951) (-11.508,-1.278) (-9.528,-9.634)      35.8535  25.4969  
9    -35.62514   0.97403  -6.97959 -28.13708 -43.94689   0.07360     (-33.530,-28.137) (-0.074,-5.032) (-43.800,-0.974)     -10.88081 -16.11649 -31.77529 -26.51215  11.18371  -1.45561     (-17.572,-5.600) (-10.863,-1.456) (-9.425,-9.728)      35.2492  25.5184  
10    -35.70036   0.58199  -6.70252 -28.15338 -43.67432  -0.10442     (-0.478,-28.049) (-0.104,-5.643) (-43.779,-34.641)     -10.95603 -16.50853 -31.49822 -26.52846  11.45628  -1.63363     (-18.142,-5.250) (-10.219,-1.634) (-9.322,-9.823)      34.6608  25.5764  
11    -35.77558   0.18995  -6.42545 -28.16969 -43.40174  -0.28244     (-0.092,-27.980) (-0.190,-43.592) (-6.235,-35.586)     -11.03125 -16.90057 -31.22115 -26.54476  11.72885  -1.81165     (-18.712,-4.899) (-9.575,-1.812) (-9.220,-9.917)      34.0891  25.6706  
12    -35.85080  -0.20209  -6.14838 -28.18599 -43.12917  -0.46046     (-35.851,-28.186) (-0.202,-43.129) (-6.148,-0.460)     -11.10648 -17.29262 -30.94408 -26.56107  12.00143  -1.98967     (-19.282,-4.548) (-8.931,-1.990) (-9.117,-10.012)      33.5349  25.8005  
13    -35.92603  -0.59413  -5.87131 -28.20230 -42.85660  -0.63848     (-35.926,-28.202) (-0.594,-42.857) (-5.871,-0.638)     -11.18170 -17.68466 -30.66702 -26.57737  12.27400  -2.16769     (-19.852,-4.197) (-8.287,-2.168) (-9.014,-10.106)      32.9991  25.9657  
14    -36.00125  -0.98618  -5.59424 -28.21860 -42.58402  -0.81650     (-36.001,-28.219) (-0.986,-42.584) (-5.594,-0.817)     -11.25692 -18.07670 -30.38995 -26.59368  12.54658  -2.34571     (-20.422,-3.846) (-7.643,-2.346) (-8.911,-10.201)      32.4826  26.1654  
15    -36.07647  -1.37822  -5.31717 -28.23491 -42.31145  -0.99452     (-36.076,-28.235) (-1.378,-42.311) (-5.317,-0.995)     -11.33215 -18.46874 -30.11288 -26.60998  12.81915  -2.52373     (-20.992,-3.495) (-6.998,-2.524) (-8.808,-10.295)      31.9863  26.3988  
16    -36.15170  -1.77026  -5.04010 -28.25121 -42.03887  -1.17254     (-36.152,-28.251) (-1.770,-42.039) (-5.040,-1.173)     -11.40737 -18.86078 -29.83581 -26.62629  13.09172  -2.70175     (-21.563,-3.145) (-6.354,-2.702) (-8.706,-10.390)      31.5113  26.6651  
17    -36.22692  -2.16230  -4.76303 -28.26752 -41.76630  -1.35056     (-36.227,-28.268) (-2.162,-41.766) (-4.763,-1.351)     -11.48259 -19.25282 -29.55874 -26.64259  13.36430  -2.87977     (-22.133,-2.794) (-5.710,-2.880) (-8.603,-10.485)      31.0584  26.9632  
18    -36.30214  -2.55434  -4.48596 -28.28382 -41.49373  -1.52858     (-36.302,-28.284) (-2.554,-41.494) (-4.486,-1.529)     -11.55782 -19.64486 -29.28167 -26.65890  13.63687  -3.05779     (-22.703,-2.443) (-5.066,-3.058) (-8.500,-10.579)      30.6287  27.2921  
19    -36.37737  -2.94638  -4.20889 -28.30013 -41.22115  -1.70660     (-36.377,-28.300) (-2.946,-41.221) (-4.209,-1.707)     -11.63304 -20.03691 -29.00460 -26.67520  13.90944  -3.23581     (-23.273,-2.092) (-4.422,-3.236) (-8.397,-10.674)      30.2232  27.6506  
20    -36.45259  -3.33842  -3.93182 -28.31643 -40.94858  -1.88462     (-36.453,-28.316) (-3.338,-40.949) (-3.932,-1.885)     -11.70826 -20.42895 -28.72753 -26.69151  14.18202  -3.41383     (-23.843,-1.741) (-3.777,-3.414) (-8.294,-10.768)      29.8428  28.0377  
21    -36.52781  -3.73046  -3.65475 -28.33274 -40.67601  -2.06264     (-36.528,-28.333) (-3.730,-40.676) (-3.655,-2.063)     -11.78349 -20.82099 -28.45046 -26.70781  14.45459  -3.59185     (-24.413,-1.390) (-3.133,-3.592) (-8.192,-10.863)      29.4884  28.4521  
22    -36.60304  -4.12251  -3.37768 -28.34904 -40.40343  -2.24066     (-36.603,-28.349) (-4.123,-40.403) (-3.378,-2.241)     -11.85871 -21.21303 -28.17339 -26.72411  14.72716  -3.76988     (-24.983,-1.040) (-2.489,-3.770) (-8.089,-10.957)      29.1612  28.8927  
23    -36.67826  -4.51455  -3.10061 -28.36535 -40.13086  -2.41868     (-36.678,-28.365) (-4.515,-40.131) (-3.101,-2.419)     -11.93393 -21.60507 -27.89632 -26.74042  14.99974  -3.94790     (-25.553,-0.689) (-1.845,-3.948) (-7.986,-11.052)      28.8619  28.8619  
24    -36.75348  -4.90659  -2.82355 -28.38165 -39.85829  -2.59671     (-36.753,-28.382) (-4.907,-39.858) (-2.824,-2.597)     -12.00915 -21.99711 -27.61925 -26.75672  15.27231  -4.12592     (-26.123,-0.338) (-1.201,-4.126) (-7.883,-11.146)      28.5915  28.5915  
25    -36.82871  -5.29863  -2.54648 -28.39796 -39.58571  -2.77473     (-36.829,-28.398) (-5.299,-39.586) (-2.546,-2.775)     -12.08438 -22.38915 -27.34218 -26.77303  15.54488  -4.30394     (-26.706,-0.013) (-7.768,-4.291) (-0.544,-11.228)      28.3564  30.3603  
26    -36.90393  -5.69067  -2.26941 -28.41426 -39.31314  -2.95275     (-36.904,-28.414) (-5.691,-39.313) (-2.269,-2.953)     -12.15960 -22.78119 -27.06511 -26.78933  15.81746  -4.48196     (-11.336,-6.775) (-0.088,-3.755) (-0.364,-27.087)      28.5091  28.5091  
27    -36.97915  -6.08271  -1.99234 -28.43057 -39.04056  -3.13077     (-36.979,-28.431) (-6.083,-39.041) (-1.992,-3.131)     -12.23482 -23.17324 -26.78804 -26.80564  16.09003  -4.65998     (-11.430,-4.682) (-0.732,-3.231) (-0.714,-26.369)      29.9346  29.363  
28    -37.05438  -6.47475  -1.71527 -28.44687 -38.76799  -3.30879     (-37.054,-28.447) (-6.475,-38.768) (-1.715,-3.309)     -12.31005 -23.56528 -26.51097 -26.82194  16.36261  -4.83800     (-11.525,-2.589) (-1.376,-2.707) (-1.065,-25.651)      31.4774  28.469  
29    -37.12960  -6.86680  -1.43820 -28.46318 -38.49542  -3.48681     (-37.130,-28.463) (-6.867,-38.495) (-1.438,-3.487)     -12.38527 -23.95732 -26.23390 -26.83825  16.63518  -5.01602     (-11.619,-0.496) (-2.020,-2.184) (-1.416,-24.932)      32.5384  27.7557  
30    -37.20482  -7.25884  -1.16113 -28.47948 -38.22284  -3.66483     (-37.205,-28.479) (-7.259,-38.223) (-1.161,-3.665)     -12.46049 -24.34936 -25.95683 -26.85455  16.90775  -5.19404     (-13.310,-1.597) (-0.170,-0.064) (-1.068,-22.618)      32.984  26.3812  
31    -37.28004  -7.65088  -0.88406 -28.49579 -37.95027  -3.84285     (-37.280,-28.496) (-7.651,-37.950) (-0.884,-3.843)     -12.53572 -24.74140 -25.67976 -26.87086  17.18033  -5.37206     (-3.314,-1.141) (-0.215,-8.869) (-0.381,-9.604)      44.4786  13.6822     glitch
32    -37.35527  -8.04292  -0.60699 -28.51209 -37.67770  -4.02087                            -12.61094 -25.13344 -25.40270 -26.88716  17.45290  -5.55008     invalid  
33    -37.43049  -8.43496  -0.32992 -28.52840 -37.40512  -4.19889                            -12.68616 -25.52548 -25.12563 -26.90347  17.72547  -5.72810     invalid  
34    -37.50571  -8.82700  -0.05285 -28.54470 -37.13255  -4.37691                            -12.76139 -25.91753 -24.84856 -26.91977  17.99805  -5.90612     invalid  
35    -37.58094  -9.21904   0.22422 -28.56101 -36.85998  -4.55493                            -12.83661 -26.30957 -24.57149 -26.93608  18.27062  -6.08414     invalid  
36    -37.65616  -9.61108   0.50129 -28.57731 -36.58740  -4.73295                            -12.91183 -26.70161 -24.29442 -26.95238  18.54319  -6.26216     invalid  
37    -37.73138 -10.00313   0.77836 -28.59362 -36.31483  -4.91097                            -12.98706 -27.09365 -24.01735 -26.96869  18.81577  -6.44018     invalid  
38    -37.80661 -10.39517   1.05543 -28.60992 -36.04225  -5.08899                            -13.06228 -27.48569 -23.74028 -26.98499  19.08834  -6.61820     invalid  
39    -37.88183 -10.78721   1.33250 -28.62623 -35.76968  -5.26701                            -13.13750 -27.87773 -23.46321 -27.00130  19.36092  -6.79622     invalid  
40    -37.95705 -11.17925   1.60957 -28.64253 -35.49711  -5.44503                            -13.21272 -28.26977 -23.18614 -27.01760  19.63349  -6.97424     invalid  
41    -38.03228 -11.57129   1.88664 -28.65884 -35.22453  -5.62305                            -13.28795 -28.66181 -22.90907 -27.03391  19.90606  -7.15227     invalid  
42    -38.10750 -11.96333   2.16371 -28.67514 -34.95196  -5.80107                            -13.36317 -29.05386 -22.63200 -27.05021  20.17864  -7.33029     invalid  
43    -38.18272 -12.35537   2.44077 -28.69145 -34.67939  -5.97910                            -13.43839 -29.44590 -22.35493 -27.06652  20.45121  -7.50831     invalid  
44    -38.25795 -12.74742   2.71784 -28.70775 -34.40681  -6.15712                            -13.51362 -29.83794 -22.07786 -27.08282  20.72378  -7.68633     invalid  
45    -38.33317 -13.13946   2.99491 -28.72406 -34.13424  -6.33514                            -13.58884 -30.22998 -21.80079 -27.09913  20.99636  -7.86435     invalid  
46    -38.40839 -13.53150   3.27198 -28.74036 -33.86167  -6.51316                            -13.66406 -30.62202 -21.52372 -27.11543  21.26893  -8.04237     invalid  
47    -38.48361 -13.92354   3.54905 -28.75667 -33.58909  -6.69118                            -13.73929 -31.01406 -21.24665 -27.13174  21.54150  -8.22039     invalid  
48    -38.55884 -14.31558   3.82612 -28.77297 -33.31652  -6.86920                            -13.81451 -31.40610 -20.96958 -27.14804  21.81408  -8.39841     invalid  
49    -38.63406 -14.70762   4.10319 -28.78928 -33.04394  -7.04722                            -13.88973 -31.79815 -20.69251 -27.16435  22.08665  -8.57643     invalid  
50    -38.70928 -15.09966   4.38026 -28.80558 -32.77137  -7.22524                            -13.96496 -32.19019 -20.41545 -27.18065  22.35923  -8.75445     invalid  
51    -38.78451 -15.49170   4.65733 -28.82189 -32.49880  -7.40326                            -14.04018 -32.58223 -20.13838 -27.19696  22.63180  -8.93247     invalid  
52    -38.85973 -15.88375   4.93440 -28.83819 -32.22622  -7.58128                            -14.11540 -32.97427 -19.86131 -27.21326  22.90437  -9.11049     invalid  
53    -38.93495 -16.27579   5.21147 -28.85450 -31.95365  -7.75930                            -14.19063 -33.36631 -19.58424 -27.22957  23.17695  -9.28851     invalid  
54    -39.01018 -16.66783   5.48854 -28.87080 -31.68108  -7.93732                            -14.26585 -33.75835 -19.30717 -27.24587  23.44952  -9.46653     invalid  
55    -39.08540 -17.05987   5.76561 -28.88711 -31.40850  -8.11534                            -14.34107 -34.15039 -19.03010 -27.26218  23.72209  -9.64455     invalid  
56    -39.16062 -17.45191   6.04268 -28.90341 -31.13593  -8.29336                            -14.41629 -34.54244 -18.75303 -27.27848  23.99467  -9.82257     invalid  
57    -39.23585 -17.84395   6.31975 -28.91972 -30.86336  -8.47138                            -14.49152 -34.93448 -18.47596 -27.29479  24.26724 -10.00059     invalid  
58    -39.31107 -18.23599   6.59682 -28.93602 -30.59078  -8.64940                            -14.56674 -35.32652 -18.19889 -27.31109  24.53981 -10.17861     invalid  
59    -39.38629 -18.62804   6.87389 -28.95233 -30.31821  -8.82742                            -14.64196 -35.71856 -17.92182 -27.32740  24.81239 -10.35663     invalid  
60    -39.46152 -19.02008   7.15096 -28.96863 -30.04564  -9.00544                            -14.71719 -36.11060 -17.64475 -27.34370  25.08496 -10.53465     invalid  
61    -39.53674 -19.41212   7.42802 -28.98494 -29.77306  -9.18346                            -14.79241 -36.50264 -17.36768 -27.36001  25.35753 -10.71268     invalid  
62    -39.61196 -19.80416   7.70509 -29.00124 -29.50049  -9.36148                            -14.86763 -36.89468 -17.09061 -27.37631  25.63011 -10.89070     invalid  
63    -39.68718 -20.19620   7.98216 -29.01755 -29.22791  -9.53951                            -14.94286 -37.28672 -16.81354 -27.39262  25.90268 -11.06872     invalid  
64    -39.76241 -20.58824   8.25923 -29.03385 -28.95534  -9.71753                            -15.01808 -37.67877 -16.53647 -27.40892  26.17526 -11.24674     invalid  
65    -39.83763 -20.98028   8.53630 -29.05016 -28.68277  -9.89555                            -15.09330 -38.07081 -16.25940 -27.42523  26.44783 -11.42476     invalid  
66    -39.91285 -21.37233   8.81337 -29.06646 -28.41019 -10.07357                            -15.16853 -38.46285 -15.98233 -27.44153  26.72040 -11.60278     invalid  
67    -39.98808 -21.76437   9.09044 -29.08277 -28.13762 -10.25159                            -15.24375 -38.85489 -15.70526 -27.45784  26.99298 -11.78080     invalid  
68    -40.06330 -22.15641   9.36751 -29.09907 -27.86505 -10.42961                            -15.31897 -39.24693 -15.42819 -27.47414  27.26555 -11.95882     invalid  
69    -40.13852 -22.54845   9.64458 -29.11538 -27.59247 -10.60763                            -15.39420 -39.63897 -15.15113 -27.49045  27.53812 -12.13684     invalid  
70    -40.21375 -22.94049   9.92165 -29.13168 -27.31990 -10.78565                            -15.46942 -40.03101 -14.87406 -27.50675  27.81070 -12.31486     invalid  
71    -40.28897 -23.33253  10.19872 -29.14799 -27.04733 -10.96367                            -15.54464 -40.42306 -14.59699 -27.52306  28.08327 -12.49288     invalid  
72    -40.36419 -23.72457  10.47579 -29.16429 -26.77475 -11.14169                            -15.61986 -40.81510 -14.31992 -27.53936  28.35584 -12.67090     invalid  
73    -40.43942 -24.11661  10.75286 -29.18059 -26.50218 -11.31971                            -15.69509 -41.20714 -14.04285 -27.55567  28.62842 -12.84892     invalid  
74    -40.51464 -24.50866  11.02993 -29.19690 -26.22960 -11.49773                            -15.77031 -41.59918 -13.76578 -27.57197  28.90099 -13.02694     invalid  
75    -40.58986 -24.90070  11.30700 -29.21320 -25.95703 -11.67575                            -15.84553 -41.99122 -13.48871 -27.58828  29.17357 -13.20496     invalid  
76    -40.66509 -25.29274  11.58407 -29.22951 -25.68446 -11.85377                            -15.92076 -42.38326 -13.21164 -27.60458  29.44614 -13.38298     invalid  
77    -40.74031 -25.68478  11.86114 -29.24581 -25.41188 -12.03179                            -15.99598 -42.77530 -12.93457 -27.62089  29.71871 -13.56100     invalid  
78    -40.81553 -26.07682  12.13821 -29.26212 -25.13931 -12.20981                            -16.07120 -43.16734 -12.65750 -27.63719  29.99129 -13.73902     invalid  
79    -40.89075 -26.46886  12.41528 -29.27842 -24.86674 -12.38783                            -16.14643 -43.55939 -12.38043 -27.65350  30.26386 -13.91704     invalid  
80    -40.96598 -26.86090  12.69234 -29.29473 -24.59416 -12.56585                            -16.22165 -43.95143 -12.10336 -27.66980  30.53643 -14.09506     invalid  
81    -41.04120 -27.25295  12.96941 -29.31103 -24.32159 -12.74387                            -16.29687 -44.34347 -11.82629 -27.68611  30.80901 -14.27309     invalid  
82    -41.11642 -27.64499  13.24648 -29.32734 -24.04902 -12.92189                            -16.37210 -44.73551 -11.54922 -27.70241  31.08158 -14.45111     invalid  
83    -41.19165 -28.03703  13.52355 -29.34364 -23.77644 -13.09992                            -16.44732 -45.12755 -11.27215 -27.71872  31.35415 -14.62913     invalid  
84    -41.26687 -28.42907  13.80062 -29.35995 -23.50387 -13.27794                            -16.52254 -45.51959 -10.99508 -27.73502  31.62673 -14.80715     invalid  
85    -41.34209 -28.82111  14.07769 -29.37625 -23.23129 -13.45596                            -16.59777 -45.91163 -10.71801 -27.75133  31.89930 -14.98517     invalid  
86    -41.41732 -29.21315  14.35476 -29.39256 -22.95872 -13.63398                            -16.67299 -46.30368 -10.44094 -27.76763  32.17188 -15.16319     invalid  
87    -41.49254 -29.60519  14.63183 -29.40886 -22.68615 -13.81200                            -16.74821 -46.69572 -10.16388 -27.78394  32.44445 -15.34121     invalid  
88    -41.56776 -29.99723  14.90890 -29.42517 -22.41357 -13.99002                            -16.82344 -47.08776  -9.88681 -27.80024  32.71702 -15.51923     invalid  
89    -41.64299 -30.38928  15.18597 -29.44147 -22.14100 -14.16804                            -16.89866 -47.47980  -9.60974 -27.81655  32.98960 -15.69725     invalid  
90    -41.71821 -30.78132  15.46304 -29.45778 -21.86843 -14.34606                            -16.97388 -47.87184  -9.33267 -27.83285  33.26217 -15.87527     invalid  
91    -41.79343 -31.17336  15.74011 -29.47408 -21.59585 -14.52408                            -17.04910 -48.26388  -9.05560 -27.84916  33.53474 -16.05329     invalid  
92    -41.86866 -31.56540  16.01718 -29.49039 -21.32328 -14.70210                            -17.12433 -48.65592  -8.77853 -27.86546  33.80732 -16.23131     invalid  
93    -41.94388 -31.95744  16.29425 -29.50669 -21.05071 -14.88012                            -17.19955 -49.04796  -8.50146 -27.88177  34.07989 -16.40933     invalid  
94    -42.01910 -32.34948  16.57132 -29.52300 -20.77813 -15.05814                            -17.27477 -49.44001  -8.22439 -27.89807  34.35246 -16.58735     invalid  
95    -42.09433 -32.74152  16.84839 -29.53930 -20.50556 -15.23616                            -17.35000 -49.83205  -7.94732 -27.91438  34.62504 -16.76537     invalid  
96    -42.16955 -33.13357  17.12546 -29.55561 -20.23299 -15.41418                            -17.42522 -50.22409  -7.67025 -27.93068  34.89761 -16.94339     invalid  
97    -42.24477 -33.52561  17.40253 -29.57191 -19.96041 -15.59220                            -17.50044 -50.61613  -7.39318 -27.94699  35.17019 -17.12141     invalid  
98    -42.31999 -33.91765  17.67959 -29.58822 -19.68784 -15.77022                            -17.57567 -51.00817  -7.11611 -27.96329  35.44276 -17.29943     invalid  
99    -42.39522 -34.30969  17.95666 -29.60452 -19.41526 -15.94824                            -17.65089 -51.40021  -6.83904 -27.97960  35.71533 -17.47745     invalid  
