PointDistanceFollower   Jun 17 2018   mode =  LINE3 
LINE3_RAND_20%_.54_0.txt      Output is S6 probe cell, C3 reduced cell,  S6Dist CS6Dist  distance between 
Compute times (msec)     S6Dist   61   CS6Dist  1
PointDistanceFollower  Jun 17 2018  mode = LINE3
LINE3_RAND_20%_.54_0.txt     Output is S6 probe cell, C3 reduced cell, S6Dist CS6Dist distance between
0    1055.68390 -1631.86844 -1474.68035 600.06774 -1618.53922 -1954.15912     (-1055.684,-455.616) (-576.185,-418.996) (-562.855,-898.475)     -2693.34095 -2130.83073 -786.86123 -1730.55538 -1421.66108 821.46789     (-1309.363,-909.087) (-1871.873,-600.193) (-1608.329,-821.468)      1470.18  1470.18  
1    1076.63856 -1632.69360 -1479.57361 608.24952 -1623.40061 -1963.11492     (-1076.639,-468.389) (-556.055,-402.935) (-546.762,-886.476)     -2672.38630 -2131.65589 -791.75449 -1722.37360 -1426.52247 812.51209     (-1319.144,-909.862) (-1859.874,-614.010) (-1604.267,-812.512)      1467.61  1467.61  
2    1097.59321 -1633.51877 -1484.46686 616.43130 -1628.26200 -1972.07073     (-1097.593,-481.162) (-535.926,-386.874) (-530.669,-874.478)     -2651.43165 -2132.48106 -796.64774 -1714.19182 -1431.38386 803.55628     (-1328.925,-910.636) (-1847.875,-627.828) (-1600.204,-803.556)      1465.4  1465.4  
3    1118.54786 -1634.34394 -1489.36012 624.61308 -1633.12339 -1981.02653     (-1118.548,-493.935) (-515.796,-370.812) (-514.576,-862.479)     -2630.47700 -2133.30622 -801.54100 -1706.01004 -1436.24525 794.60048     (-1338.706,-911.410) (-1835.877,-641.645) (-1596.141,-794.600)      1463.55  1463.55  
4    1139.50252 -1635.16910 -1494.25338 632.79486 -1637.98478 -1989.98234     (-1139.503,-506.708) (-495.667,-354.751) (-498.482,-850.480)     -2609.52234 -2134.13139 -806.43426 -1697.82826 -1441.10664 785.64467     (-1348.487,-912.184) (-1823.878,-655.462) (-1592.079,-785.645)      1462.06  1462.06  
5    1160.45717 -1635.99427 -1499.14663 640.97664 -1642.84617 -1998.93814     (-1160.457,-519.481) (-475.537,-338.689) (-482.389,-838.481)     -2588.56769 -2134.95656 -811.32751 -1689.64648 -1445.96803 776.68887     (-1358.268,-912.958) (-1811.879,-669.279) (-1588.016,-776.689)      1460.93  1460.93  
6    1181.41182 -1636.81943 -1504.03989 649.15842 -1647.70756 -2007.89395     (-1181.412,-532.253) (-455.408,-322.628) (-466.296,-826.482)     -2567.61304 -2135.78172 -816.22077 -1681.46470 -1450.82942 767.73306     (-1368.049,-913.732) (-1799.880,-683.096) (-1583.954,-767.733)      1460.16  1460.16  
7    1202.36647 -1637.64460 -1508.93315 657.34020 -1652.56895 -2016.84975     (-1202.366,-545.026) (-435.278,-306.567) (-450.202,-814.483)     -2546.65838 -2136.60689 -821.11403 -1673.28292 -1455.69081 758.77726     (-1377.830,-914.506) (-1787.881,-696.914) (-1579.891,-758.777)      1459.75  1459.75  
8    1223.32113 -1638.46977 -1513.82640 665.52198 -1657.43034 -2025.80556     (-1223.321,-557.799) (-415.149,-290.505) (-434.109,-802.484)     -2525.70373 -2137.43205 -826.00729 -1665.10114 -1460.55220 749.82146     (-1387.611,-915.280) (-1775.882,-710.731) (-1575.829,-749.821)      1459.7  1459.7  
9    1244.27578 -1639.29493 -1518.71966 673.70376 -1662.29173 -2034.76136     (-1244.276,-570.572) (-395.019,-274.444) (-418.016,-790.486)     -2504.74908 -2138.25722 -830.90054 -1656.91936 -1465.41359 740.86565     (-1397.392,-916.054) (-1763.883,-724.548) (-1571.766,-740.866)      1460.02  1460.02  
10    1265.23043 -1640.12010 -1523.61292 681.88554 -1667.15312 -2043.71716     (-1265.230,-583.345) (-374.890,-258.382) (-401.923,-778.487)     -2483.79443 -2139.08239 -835.79380 -1648.73758 -1470.27498 731.90985     (-1407.173,-916.828) (-1751.885,-738.365) (-1567.704,-731.910)      1460.69  1460.69  
11    1286.18509 -1640.94526 -1528.50618 690.06732 -1672.01451 -2052.67297     (-1286.185,-596.118) (-354.760,-242.321) (-385.829,-766.488)     -2462.83977 -2139.90755 -840.68706 -1640.55580 -1475.13637 722.95404     (-1416.954,-917.602) (-1739.886,-752.182) (-1563.641,-722.954)      1461.73  1461.73  
12    1307.13974 -1641.77043 -1533.39943 698.24910 -1676.87590 -2061.62877     (-1307.140,-608.891) (-334.631,-226.260) (-369.736,-754.489)     -2441.88512 -2140.73272 -845.58031 -1632.37402 -1479.99776 713.99824     (-1426.734,-918.376) (-1727.887,-766.000) (-1559.579,-713.998)      1463.12  1463.12  
13    1328.09439 -1642.59560 -1538.29269 706.43089 -1681.73729 -2070.58458     (-1328.094,-621.664) (-314.501,-210.198) (-353.643,-742.490)     -2420.93047 -2141.55788 -850.47357 -1624.19224 -1484.85915 705.04243     (-1436.515,-919.150) (-1715.888,-779.817) (-1555.516,-705.042)      1464.88  1464.88  
14    1349.04904 -1643.42076 -1543.18595 714.61267 -1686.59868 -2079.54038     (-1349.049,-634.436) (-294.372,-194.137) (-337.550,-730.491)     -2399.97581 -2142.38305 -855.36683 -1616.01046 -1489.72054 696.08663     (-1446.296,-919.924) (-1703.889,-793.634) (-1551.453,-696.087)      1466.99  1466.99  
15    1370.00370 -1644.24593 -1548.07920 722.79445 -1691.46007 -2088.49619     (-1370.004,-647.209) (-274.242,-178.076) (-321.456,-718.492)     -2379.02116 -2143.20822 -860.26008 -1607.82868 -1494.58193 687.13082     (-1456.077,-920.698) (-1691.890,-807.451) (-1547.391,-687.131)      1469.46  1469.46  
16    1390.95835 -1645.07110 -1552.97246 730.97623 -1696.32146 -2097.45199     (-1390.958,-659.982) (-254.113,-162.014) (-305.363,-706.494)     -2358.06651 -2144.03338 -865.15334 -1599.64689 -1499.44332 678.17502     (-1465.858,-921.472) (-1679.891,-821.268) (-1543.328,-678.175)      1472.28  1472.28  
17    1411.91300 -1645.89626 -1557.86572 739.15801 -1701.18285 -2106.40780     (-1411.913,-672.755) (-233.983,-145.953) (-289.270,-694.495)     -2337.11186 -2144.85855 -870.04660 -1591.46511 -1504.30471 669.21921     (-1475.639,-922.246) (-1667.893,-835.086) (-1539.266,-669.219)      1475.46  1475.46  
18    1432.86766 -1646.72143 -1562.75897 747.33979 -1706.04424 -2115.36360     (-1432.868,-685.528) (-213.854,-129.891) (-273.177,-682.496)     -2316.15720 -2145.68372 -874.93985 -1583.28333 -1509.16611 660.26341     (-1485.420,-923.020) (-1655.894,-848.903) (-1535.203,-660.263)      1478.13  1478.13  
19    1453.82231 -1647.54659 -1567.65223 755.52157 -1710.90563 -2124.31941     (-1453.822,-698.301) (-193.724,-113.830) (-257.083,-670.497)     -2295.20255 -2146.50888 -879.83311 -1575.10155 -1514.02750 651.30760     (-1495.201,-923.794) (-1643.895,-862.720) (-1531.141,-651.308)      1479.52  1479.52  
20    1474.77696 -1648.37176 -1572.54549 763.70335 -1715.76702 -2133.27521     (-1474.777,-711.074) (-173.595,-97.769) (-240.990,-658.498)     -2274.24790 -2147.33405 -884.72637 -1566.91977 -1518.88889 642.35180     (-1504.982,-924.568) (-1631.896,-876.537) (-1527.078,-642.352)      1481.26  1481.26  
21    1495.73161 -1649.19693 -1577.43874 771.88513 -1720.62841 -2142.23101     (-1495.732,-723.846) (-153.465,-81.707) (-224.897,-646.499)     -2253.29324 -2148.15921 -889.61962 -1558.73799 -1523.75028 633.39600     (-1514.763,-925.342) (-1619.897,-890.354) (-1523.016,-633.396)      1483.35  1483.35  
22    1516.68627 -1650.02209 -1582.33200 780.06691 -1725.48980 -2151.18682     (-1516.686,-736.619) (-133.336,-65.646) (-208.804,-634.501)     -2232.33859 -2148.98438 -894.51288 -1550.55621 -1528.61167 624.44019     (-1524.544,-926.116) (-1607.898,-904.171) (-1518.953,-624.440)      1485.79  1485.79  
23    1537.64092 -1650.84726 -1587.22526 788.24869 -1730.35119 -2160.14262     (-1537.641,-749.392) (-113.206,-49.584) (-192.710,-622.502)     -2211.38394 -2149.80955 -899.40614 -1542.37443 -1533.47306 615.48439     (-1534.325,-926.890) (-1595.900,-917.989) (-1514.891,-615.484)      1488.59  1488.59  
24    1558.59557 -1651.67242 -1592.11851 796.43047 -1735.21259 -2169.09843     (-1558.596,-762.165) (-93.077,-33.523) (-176.617,-610.503)     -2190.42929 -2150.63471 -904.29940 -1534.19265 -1538.33445 606.52858     (-1544.106,-927.664) (-1583.901,-931.806) (-1510.828,-606.529)      1491.73  1491.73  
25    1579.55023 -1652.49759 -1597.01177 804.61225 -1740.07398 -2178.05423     (-1579.550,-774.938) (-72.947,-17.462) (-160.524,-598.504)     -2169.47463 -2151.45988 -909.19265 -1526.01087 -1543.19584 597.57278     (-1553.887,-928.438) (-1571.902,-945.623) (-1506.765,-597.573)      1495.23  1495.23  
26    1600.50488 -1653.32276 -1601.90503 812.79403 -1744.93537 -2187.01004     (-1600.505,-787.711) (-52.818,-1.400) (-144.430,-586.505)     -2148.51998 -2152.28504 -914.08591 -1517.82909 -1548.05723 588.61697     (-1563.668,-929.212) (-1559.903,-959.440) (-1502.703,-588.617)      1497.59  1497.59  
27    1621.45953 -1654.14792 -1606.79829 820.97581 -1749.79676 -2195.96584     (-113.676,-785.822) (-47.350,-14.661) (-1606.798,-559.845)     -2127.56533 -2153.11021 -918.97917 -1509.64731 -1552.91862 579.66117     (-1573.449,-929.986) (-1547.904,-973.257) (-1498.640,-579.661)      1494.68  1494.68  
28    1642.41418 -1654.97309 -1611.69154 829.15759 -1754.65815 -2204.92165     (-81.521,-782.534) (-43.282,-30.723) (-1611.692,-531.785)     -2106.61067 -2153.93538 -923.87242 -1501.46553 -1557.78001 570.70536     (-1583.230,-930.760) (-1535.905,-987.075) (-1494.578,-570.705)      1492.12  1492.12  
29    1663.36884 -1655.79825 -1616.58480 837.33937 -1759.51954 -2213.87745     (-49.367,-779.245) (-39.213,-46.784) (-1616.585,-503.725)     -2085.65602 -2154.76054 -928.76568 -1493.28375 -1562.64140 561.74956     (-1593.011,-931.534) (-1523.906,-1000.892) (-1490.515,-561.750)      1489.92  1489.92  
30    1684.32349 -1656.62342 -1621.47806 845.52115 -1764.38093 -2222.83326     (-17.212,-775.957) (-35.145,-62.845) (-1621.478,-475.664)     -2064.70137 -2155.58571 -933.65894 -1485.10197 -1567.50279 552.79375     (-1602.792,-932.308) (-1511.908,-1014.709) (-1486.453,-552.794)      1488.06  1488.06  
31    1705.27814 -1657.44859 -1626.37131 853.70293 -1769.24232 -2231.78906     (-14.943,-787.611) (-16.135,-1611.429) (-63.964,-432.661)     -2043.74672 -2156.41087 -938.55219 -1476.92019 -1572.36418 543.83795     (-1612.573,-933.082) (-1499.909,-1028.526) (-1482.390,-543.838)      1486.56  1486.56  
32    1726.23280 -1658.27375 -1631.26457 861.88471 -1774.10371 -2240.74486     (-352.358,-796.389) (-20.088,-1604.255) (-27.783,-27.009)     -2022.79206 -2157.23604 -943.44545 -1468.73841 -1577.22557 534.88215     (-1622.354,-933.856) (-1487.910,-1042.343) (-1478.328,-534.882)      1485.41  1485.41  
33    1747.18745 -1659.09892 -1636.15783 870.06650 -1778.96510 -2249.70067     (-231.388,-31.778) (-764.499,-1588.684) (-24.533,-47.474)     -2001.83741 -2158.06121 -948.33871 -1460.55663 -1582.08696 525.92634     (-1632.135,-934.630) (-1475.911,-1056.161) (-1474.265,-525.926)      1484.61  1484.61  
34    1768.14210 -1659.92408 -1641.05108 878.24828 -1783.82649 -2258.65647     (-82.634,-15.684) (-704.827,-1545.329) (-76.849,-95.722)     -1980.88276 -2158.88637 -953.23196 -1452.37485 -1586.94835 516.97054     (-1641.916,-935.404) (-1463.912,-1069.978) (-1470.203,-516.971)      1484.17  1484.17  
35    1789.09675 -1660.74925 -1645.94434 886.43006 -1788.68788 -2267.61228     (-66.120,-65.711) (-579.034,-63.045) (-1435.854,-77.850)     -1959.92810 -2159.71154 -958.12522 -1444.19307 -1591.80974 508.01473     (-1651.697,-936.178) (-1451.913,-1083.795) (-1466.140,-508.015)      1484.09  1484.09  
36    1810.05141 -1661.57442 -1650.83760 894.61184 -1793.54927 -2276.56808     (-214.873,-86.276) (-1176.962,-22.655) (-325.297,-33.392)     -1938.97345 -2160.53670 -963.01848 -1436.01128 -1596.67113 499.05893     (-1661.478,-936.952) (-1439.915,-1097.612) (-1462.077,-499.059)      1482.83  1482.83  
37    1831.00606 -1662.39958 -1655.73085 902.79362 -1798.41066 -2285.52389                            -1918.01880 -2161.36187 -967.91173 -1427.82950 -1601.53252 490.10312     invalid  
38    1851.96071 -1663.22475 -1660.62411 910.97540 -1803.27205 -2294.47969                            -1897.06415 -2162.18704 -972.80499 -1419.64772 -1606.39391 481.14732     invalid  
39    1872.91537 -1664.04992 -1665.51737 919.15718 -1808.13344 -2303.43550                            -1876.10949 -2163.01220 -977.69825 -1411.46594 -1611.25530 472.19151     invalid  
40    1893.87002 -1664.87508 -1670.41062 927.33896 -1812.99483 -2312.39130                            -1855.15484 -2163.83737 -982.59151 -1403.28416 -1616.11669 463.23571     invalid  
41    1914.82467 -1665.70025 -1675.30388 935.52074 -1817.85622 -2321.34711                            -1834.20019 -2164.66254 -987.48476 -1395.10238 -1620.97808 454.27990     invalid  
42    1935.77932 -1666.52541 -1680.19714 943.70252 -1822.71761 -2330.30291                            -1813.24553 -2165.48770 -992.37802 -1386.92060 -1625.83947 445.32410     invalid  
43    1956.73398 -1667.35058 -1685.09040 951.88430 -1827.57900 -2339.25871                            -1792.29088 -2166.31287 -997.27128 -1378.73882 -1630.70086 436.36830     invalid  
44    1977.68863 -1668.17575 -1689.98365 960.06608 -1832.44039 -2348.21452                            -1771.33623 -2167.13803 -1002.16453 -1370.55704 -1635.56225 427.41249     invalid  
45    1998.64328 -1669.00091 -1694.87691 968.24786 -1837.30178 -2357.17032                            -1750.38158 -2167.96320 -1007.05779 -1362.37526 -1640.42364 418.45669     invalid  
46    2019.59794 -1669.82608 -1699.77017 976.42964 -1842.16317 -2366.12613                            -1729.42692 -2168.78837 -1011.95105 -1354.19348 -1645.28503 409.50088     invalid  
47    2040.55259 -1670.65124 -1704.66342 984.61142 -1847.02456 -2375.08193                            -1708.47227 -2169.61353 -1016.84430 -1346.01170 -1650.14642 400.54508     invalid  
48    2061.50724 -1671.47641 -1709.55668 992.79320 -1851.88595 -2384.03774                            -1687.51762 -2170.43870 -1021.73756 -1337.82992 -1655.00781 391.58927     invalid  
49    2082.46189 -1672.30158 -1714.44994 1000.97498 -1856.74734 -2392.99354                            -1666.56296 -2171.26386 -1026.63082 -1329.64814 -1659.86920 382.63347     invalid  
50    2103.41655 -1673.12674 -1719.34319 1009.15676 -1861.60873 -2401.94935                            -1645.60831 -2172.08903 -1031.52407 -1321.46636 -1664.73059 373.67766     invalid  
51    2124.37120 -1673.95191 -1724.23645 1017.33854 -1866.47012 -2410.90515                            -1624.65366 -2172.91420 -1036.41733 -1313.28458 -1669.59198 364.72186     invalid  
52    2145.32585 -1674.77707 -1729.12971 1025.52032 -1871.33151 -2419.86096                            -1603.69901 -2173.73936 -1041.31059 -1305.10280 -1674.45337 355.76605     invalid  
53    2166.28051 -1675.60224 -1734.02296 1033.70211 -1876.19290 -2428.81676                            -1582.74435 -2174.56453 -1046.20384 -1296.92102 -1679.31477 346.81025     invalid  
54    2187.23516 -1676.42741 -1738.91622 1041.88389 -1881.05429 -2437.77257                            -1561.78970 -2175.38969 -1051.09710 -1288.73924 -1684.17616 337.85445     invalid  
55    2208.18981 -1677.25257 -1743.80948 1050.06567 -1885.91568 -2446.72837                            -1540.83505 -2176.21486 -1055.99036 -1280.55745 -1689.03755 328.89864     invalid  
56    2229.14446 -1678.07774 -1748.70273 1058.24745 -1890.77707 -2455.68417                            -1519.88039 -2177.04003 -1060.88362 -1272.37567 -1693.89894 319.94284     invalid  
57    2250.09912 -1678.90291 -1753.59599 1066.42923 -1895.63846 -2464.63998                            -1498.92574 -2177.86519 -1065.77687 -1264.19389 -1698.76033 310.98703     invalid  
58    2271.05377 -1679.72807 -1758.48925 1074.61101 -1900.49985 -2473.59578                            -1477.97109 -2178.69036 -1070.67013 -1256.01211 -1703.62172 302.03123     invalid  
59    2292.00842 -1680.55324 -1763.38251 1082.79279 -1905.36125 -2482.55159                            -1457.01644 -2179.51552 -1075.56339 -1247.83033 -1708.48311 293.07542     invalid  
60    2312.96308 -1681.37840 -1768.27576 1090.97457 -1910.22264 -2491.50739                            -1436.06178 -2180.34069 -1080.45664 -1239.64855 -1713.34450 284.11962     invalid  
61    2333.91773 -1682.20357 -1773.16902 1099.15635 -1915.08403 -2500.46320                            -1415.10713 -2181.16586 -1085.34990 -1231.46677 -1718.20589 275.16381     invalid  
62    2354.87238 -1683.02874 -1778.06228 1107.33813 -1919.94542 -2509.41900                            -1394.15248 -2181.99102 -1090.24316 -1223.28499 -1723.06728 266.20801     invalid  
63    2375.82703 -1683.85390 -1782.95553 1115.51991 -1924.80681 -2518.37481                            -1373.19782 -2182.81619 -1095.13641 -1215.10321 -1727.92867 257.25220     invalid  
64    2396.78169 -1684.67907 -1787.84879 1123.70169 -1929.66820 -2527.33061                            -1352.24317 -2183.64136 -1100.02967 -1206.92143 -1732.79006 248.29640     invalid  
65    2417.73634 -1685.50423 -1792.74205 1131.88347 -1934.52959 -2536.28642                            -1331.28852 -2184.46652 -1104.92293 -1198.73965 -1737.65145 239.34060     invalid  
66    2438.69099 -1686.32940 -1797.63530 1140.06525 -1939.39098 -2545.24222                            -1310.33387 -2185.29169 -1109.81618 -1190.55787 -1742.51284 230.38479     invalid  
67    2459.64565 -1687.15457 -1802.52856 1148.24703 -1944.25237 -2554.19802                            -1289.37921 -2186.11685 -1114.70944 -1182.37609 -1747.37423 221.42899     invalid  
68    2480.60030 -1687.97973 -1807.42182 1156.42881 -1949.11376 -2563.15383                            -1268.42456 -2186.94202 -1119.60270 -1174.19431 -1752.23562 212.47318     invalid  
69    2501.55495 -1688.80490 -1812.31507 1164.61059 -1953.97515 -2572.10963                            -1247.46991 -2187.76719 -1124.49595 -1166.01253 -1757.09701 203.51738     invalid  
70    2522.50960 -1689.63006 -1817.20833 1172.79237 -1958.83654 -2581.06544                            -1226.51525 -2188.59235 -1129.38921 -1157.83075 -1761.95840 194.56157     invalid  
71    2543.46426 -1690.45523 -1822.10159 1180.97415 -1963.69793 -2590.02124                            -1205.56060 -2189.41752 -1134.28247 -1149.64897 -1766.81979 185.60577     invalid  
72    2564.41891 -1691.28040 -1826.99484 1189.15594 -1968.55932 -2598.97705                            -1184.60595 -2190.24268 -1139.17573 -1141.46719 -1771.68118 176.64996     invalid  
73    2585.37356 -1692.10556 -1831.88810 1197.33772 -1973.42071 -2607.93285                            -1163.65130 -2191.06785 -1144.06898 -1133.28541 -1776.54257 167.69416     invalid  
74    2606.32822 -1692.93073 -1836.78136 1205.51950 -1978.28210 -2616.88866                            -1142.69664 -2191.89302 -1148.96224 -1125.10363 -1781.40396 158.73835     invalid  
75    2627.28287 -1693.75589 -1841.67462 1213.70128 -1983.14349 -2625.84446                            -1121.74199 -2192.71818 -1153.85550 -1116.92184 -1786.26535 149.78255     invalid  
76    2648.23752 -1694.58106 -1846.56787 1221.88306 -1988.00488 -2634.80027                            -1100.78734 -2193.54335 -1158.74875 -1108.74006 -1791.12674 140.82675     invalid  
77    2669.19217 -1695.40623 -1851.46113 1230.06484 -1992.86627 -2643.75607                            -1079.83268 -2194.36851 -1163.64201 -1100.55828 -1795.98813 131.87094     invalid  
78    2690.14683 -1696.23139 -1856.35439 1238.24662 -1997.72766 -2652.71187                            -1058.87803 -2195.19368 -1168.53527 -1092.37650 -1800.84952 122.91514     invalid  
79    2711.10148 -1697.05656 -1861.24764 1246.42840 -2002.58905 -2661.66768                            -1037.92338 -2196.01885 -1173.42852 -1084.19472 -1805.71091 113.95933     invalid  
80    2732.05613 -1697.88173 -1866.14090 1254.61018 -2007.45044 -2670.62348                            -1016.96873 -2196.84401 -1178.32178 -1076.01294 -1810.57230 105.00353     invalid  
81    2753.01079 -1698.70689 -1871.03416 1262.79196 -2012.31183 -2679.57929                            -996.01407 -2197.66918 -1183.21504 -1067.83116 -1815.43369  96.04772     invalid  
82    2773.96544 -1699.53206 -1875.92741 1270.97374 -2017.17322 -2688.53509                            -975.05942 -2198.49434 -1188.10829 -1059.64938 -1820.29508  87.09192     invalid  
83    2794.92009 -1700.35722 -1880.82067 1279.15552 -2022.03461 -2697.49090                            -954.10477 -2199.31951 -1193.00155 -1051.46760 -1825.15647  78.13611     invalid  
84    2815.87474 -1701.18239 -1885.71393 1287.33730 -2026.89600 -2706.44670                            -933.15011 -2200.14468 -1197.89481 -1043.28582 -1830.01786  69.18031     invalid  
85    2836.82940 -1702.00756 -1890.60718 1295.51908 -2031.75739 -2715.40251                            -912.19546 -2200.96984 -1202.78806 -1035.10404 -1834.87925  60.22450     invalid  
86    2857.78405 -1702.83272 -1895.50044 1303.70086 -2036.61878 -2724.35831                            -891.24081 -2201.79501 -1207.68132 -1026.92226 -1839.74064  51.26870     invalid  
87    2878.73870 -1703.65789 -1900.39370 1311.88264 -2041.48017 -2733.31412                            -870.28616 -2202.62018 -1212.57458 -1018.74048 -1844.60203  42.31290     invalid  
88    2899.69336 -1704.48305 -1905.28695 1320.06442 -2046.34156 -2742.26992                            -849.33150 -2203.44534 -1217.46784 -1010.55870 -1849.46343  33.35709     invalid  
89    2920.64801 -1705.30822 -1910.18021 1328.24620 -2051.20295 -2751.22572                            -828.37685 -2204.27051 -1222.36109 -1002.37692 -1854.32482  24.40129     invalid  
90    2941.60266 -1706.13339 -1915.07347 1336.42798 -2056.06434 -2760.18153                            -807.42220 -2205.09567 -1227.25435 -994.19514 -1859.18621  15.44548     invalid  
91    2962.55731 -1706.95855 -1919.96673 1344.60976 -2060.92573 -2769.13733                            -786.46754 -2205.92084 -1232.14761 -986.01336 -1864.04760   6.48968     invalid  
92    2983.51197 -1707.78372 -1924.85998 1352.79155 -2065.78712 -2778.09314                            -765.51289 -2206.74601 -1237.04086 -977.83158 -1868.90899  -2.46613     invalid  
93    3004.46662 -1708.60888 -1929.75324 1360.97333 -2070.64851 -2787.04894                            -744.55824 -2207.57117 -1241.93412 -969.64980 -1873.77038 -11.42193     invalid  
94    3025.42127 -1709.43405 -1934.64650 1369.15511 -2075.50990 -2796.00475                            -723.60359 -2208.39634 -1246.82738 -961.46802 -1878.63177 -20.37774     invalid  
95    3046.37593 -1710.25922 -1939.53975 1377.33689 -2080.37130 -2804.96055                            -702.64893 -2209.22150 -1251.72063 -953.28623 -1883.49316 -29.33354     invalid  
96    3067.33058 -1711.08438 -1944.43301 1385.51867 -2085.23269 -2813.91636                            -681.69428 -2210.04667 -1256.61389 -945.10445 -1888.35455 -38.28935     invalid  
97    3088.28523 -1711.90955 -1949.32627 1393.70045 -2090.09408 -2822.87216                            -660.73963 -2210.87184 -1261.50715 -936.92267 -1893.21594 -47.24515     invalid  
98    3109.23988 -1712.73471 -1954.21952 1401.88223 -2094.95547 -2831.82797                            -639.78497 -2211.69700 -1266.40040 -928.74089 -1898.07733 -56.20096     invalid  
99    3130.19454 -1713.55988 -1959.11278 1410.06401 -2099.81686 -2840.78377                            -618.83032 -2212.52217 -1271.29366 -920.55911 -1902.93872 -65.15676     invalid  
