PointDistanceFollower   Jun 13 2018   mode =  LINE3 
LINE3_RAND_20%_.6_0.txt      Output is S6 probe cell, C3 reduced cell,  S6Dist CS6Dist  distance between 
Compute times (msec)     S6Dist   27340   CS6Dist  30
PointDistanceFollower  Jun 13 2018  mode = LINE3
LINE3_RAND_20%_.6_0.txt     Output is S6 probe cell, C3 reduced cell, S6Dist CS6Dist distance between
0    614.27903 -807.80184 -1457.81485 -80.18083 -2195.83327 -2678.94506     (-614.279,-694.460) (-193.523,-843.536) (-1581.554,-2064.666)     137.18583 -2022.73276 -1210.05143 -355.58904 -205.36542 -1923.92241     (-137.186,-492.775) (-1885.547,-1072.866) (-68.180,-1786.737)      1218.82  1233.49  
1    591.49586 -798.75416 -1449.43369 -87.35057 -2195.64911 -2652.93182     (-591.496,-678.846) (-207.258,-857.938) (-1604.153,-2061.436)     114.40266 -2013.68508 -1201.67028 -362.75878 -205.18126 -1897.90917     (-114.403,-477.161) (-1899.282,-1087.268) (-90.779,-1783.507)      1215.71  1233.3  
2    568.71269 -789.70648 -1441.05254 -94.52031 -2195.46495 -2626.91858     (-568.713,-663.233) (-220.994,-872.340) (-1626.752,-2058.206)      91.61949 -2004.63739 -1193.28912 -369.92852 -204.99710 -1871.89594     (-91.619,-461.548) (-1913.018,-1101.670) (-113.378,-1780.276)      1213.96  1234.48  
3    545.92952 -780.65879 -1432.67139 -101.69005 -2195.28079 -2600.90534     (-545.930,-647.620) (-234.729,-886.742) (-1649.351,-2054.976)      68.83632 -1995.58971 -1184.90797 -377.09826 -204.81294 -1845.88270     (-68.836,-445.935) (-1926.753,-1116.072) (-135.977,-1777.046)      1213.6  1237.01  
4    523.14635 -771.61111 -1424.29023 -108.85979 -2195.09663 -2574.89210     (-523.146,-632.006) (-248.465,-901.144) (-1671.950,-2051.746)      46.05315 -1986.54203 -1176.52682 -384.26799 -204.62878 -1819.86946     (-46.053,-430.321) (-1940.489,-1130.474) (-158.576,-1773.816)      1214.63  1240.89  
5    500.36318 -762.56343 -1415.90908 -116.02953 -2194.91247 -2548.87886     (-500.363,-616.393) (-262.200,-915.546) (-1694.549,-2048.516)      23.26998 -1977.49434 -1168.14566 -391.43773 -204.44462 -1793.85622     (-23.270,-414.708) (-1954.224,-1144.876) (-181.175,-1770.586)      1217.03  1246.11  
6    477.58001 -753.51574 -1407.52793 -123.19926 -2194.72831 -2522.86562     (-477.580,-600.779) (-275.936,-929.948) (-1717.148,-2045.286)       0.48681 -1968.44666 -1159.76451 -398.60747 -204.26046 -1767.84298     (-0.487,-399.094) (-1967.960,-1159.278) (-203.774,-1767.356)      1220.81  1252.65  
7    454.79684 -744.46806 -1399.14677 -130.36900 -2194.54415 -2496.85238     (-454.797,-585.166) (-289.671,-944.350) (-1739.747,-2042.056)     -22.29636 -1959.39898 -1151.38336 -405.77721 -204.07630 -1741.82974     (-22.296,-405.777) (-1959.399,-204.076) (-1151.383,-1741.830)      1249.15  1258.79  
8    432.01367 -735.42038 -1390.76562 -137.53874 -2194.35999 -2470.83914     (-432.014,-569.552) (-303.407,-958.752) (-1762.346,-2038.825)     -45.07953 -1950.35130 -1143.00220 -412.94695 -203.89214 -1715.81650     (-45.080,-412.947) (-1950.351,-203.892) (-1143.002,-1715.817)      1246.53  1265.4  
9    409.23050 -726.37269 -1382.38447 -144.70848 -2194.17583 -2444.82590     (-409.231,-553.939) (-317.142,-973.154) (-1784.945,-2035.595)     -67.86270 -1941.30361 -1134.62105 -420.11669 -203.70798 -1689.80326     (-67.863,-420.117) (-1941.304,-203.708) (-1134.621,-1689.803)      1231.56  1272.53  
10    386.44733 -717.32501 -1374.00331 -151.87822 -2193.99166 -2418.81267     (-386.447,-538.326) (-330.878,-987.556) (-1807.544,-2032.365)     -90.64587 -1932.25593 -1126.23990 -427.28643 -203.52382 -1663.79002     (-90.646,-427.286) (-1932.256,-203.524) (-1126.240,-1663.790)      1216.41  1280.18  
11    363.66416 -708.27733 -1365.62216 -159.04796 -2193.80750 -2392.79943     (-363.664,-522.712) (-344.613,-1001.958) (-1830.143,-2029.135)     -113.42904 -1923.20825 -1117.85874 -434.45617 -203.33965 -1637.77678     (-113.429,-434.456) (-1923.208,-203.340) (-1117.859,-1637.777)      1202.24  1288.4  
12    340.88099 -699.22965 -1357.24101 -166.21770 -2193.62334 -2366.78619     (-340.881,-507.099) (-358.349,-1016.360) (-1852.742,-2025.905)     -136.21221 -1914.16056 -1109.47759 -441.62591 -203.15549 -1611.76355     (-136.212,-441.626) (-1914.161,-203.155) (-1109.478,-1611.764)      1189.07  1291.48  
13    318.09782 -690.18196 -1348.85985 -173.38744 -2193.43918 -2340.77295     (-318.098,-491.485) (-372.084,-1030.762) (-1875.341,-2022.675)     -158.99538 -1905.11288 -1101.09643 -448.79565 -202.97133 -1585.75031     (-158.995,-448.796) (-1905.113,-202.971) (-1101.096,-1585.750)      1176.94  1277.05  
14    295.31465 -681.13428 -1340.47870 -180.55718 -2193.25502 -2314.75971     (-295.315,-475.872) (-385.820,-1045.164) (-1897.940,-2019.445)     -181.77855 -1896.06520 -1092.71528 -455.96539 -202.78717 -1559.73707     (-181.779,-455.965) (-1896.065,-202.787) (-1092.715,-1559.737)      1165.89  1263.74  
15    272.53148 -672.08660 -1332.09755 -187.72692 -2193.07086 -2288.74647     (-272.531,-460.258) (-399.555,-1059.566) (-1920.539,-2016.215)     -204.56172 -1887.01751 -1084.33413 -463.13513 -202.60301 -1533.72383     (-204.562,-463.135) (-1887.018,-202.603) (-1084.334,-1533.724)      1155.95  1251.59  
16    249.74831 -663.03891 -1323.71639 -194.89666 -2192.88670 -2262.73323     (-249.748,-444.645) (-413.291,-1073.968) (-1943.138,-2012.985)     -227.34489 -1877.96983 -1075.95297 -470.30487 -202.41885 -1507.71059     (-227.345,-470.305) (-1877.970,-202.419) (-1075.953,-1507.711)      1147.13  1240.63  
17    226.96515 -653.99123 -1315.33524 -202.06640 -2192.70254 -2236.71999     (-226.965,-429.032) (-427.026,-1088.370) (-1965.737,-2009.755)     -250.12806 -1868.92215 -1067.57182 -477.47461 -202.23469 -1481.69735     (-250.128,-477.475) (-1868.922,-202.235) (-1067.572,-1481.697)      1139.48  1230.9  
18    204.18198 -644.94355 -1306.95409 -209.23614 -2192.51838 -2210.70675     (-204.182,-413.418) (-440.762,-1102.772) (-1988.336,-2006.525)     -272.91123 -1859.87446 -1059.19067 -484.64434 -202.05053 -1455.68411     (-272.911,-484.644) (-1859.874,-202.051) (-1059.191,-1455.684)      1133.01  1222.45  
19    181.39881 -635.89586 -1298.57293 -216.40588 -2192.33422 -2184.69351     (-181.399,-397.805) (-454.497,-1117.174) (-2010.935,-2003.295)     -295.69440 -1850.82678 -1050.80951 -491.81408 -201.86637 -1429.67087     (-295.694,-491.814) (-1850.827,-201.866) (-1050.810,-1429.671)      1127.75  1215.29  
20    158.61564 -626.84818 -1290.19178 -223.57561 -2192.15006 -2158.68027     (-158.616,-382.191) (-468.233,-1131.576) (-2033.534,-2000.065)     -318.47757 -1841.77910 -1042.42836 -498.98382 -201.68221 -1403.65763     (-318.478,-498.984) (-1841.779,-201.682) (-1042.428,-1403.658)      1123.71  1209.46  
21    135.83247 -617.80050 -1281.81062 -230.74535 -2191.96589 -2132.66704     (-135.832,-366.578) (-481.968,-1145.978) (-2056.133,-1996.835)     -341.26074 -1832.73142 -1034.04721 -506.15356 -201.49805 -1377.64439     (-341.261,-506.154) (-1832.731,-201.498) (-1034.047,-1377.644)      1120.9  1204.99  
22    113.04930 -608.75281 -1273.42947 -237.91509 -2191.78173 -2106.65380     (-113.049,-350.964) (-495.704,-1160.380) (-2078.732,-1993.605)     -364.04391 -1823.68373 -1025.66605 -513.32330 -201.31389 -1351.63115     (-364.044,-513.323) (-1823.684,-201.314) (-1025.666,-1351.631)      1119.34  1201.88  
23     90.26613 -599.70513 -1265.04832 -245.08483 -2191.59757 -2080.64056     (-90.266,-335.351) (-509.439,-1174.782) (-2101.331,-1990.374)     -386.82708 -1814.63605 -1017.28490 -520.49304 -201.12972 -1325.61792     (-386.827,-520.493) (-1814.636,-201.130) (-1017.285,-1325.618)      1119.02  1200.15  
24     67.48296 -590.65745 -1256.66716 -252.25457 -2191.41341 -2054.62732     (-67.483,-319.738) (-523.174,-1189.184) (-2123.930,-1987.144)     -409.61025 -1805.58837 -1008.90375 -527.66278 -200.94556 -1299.60468     (-409.610,-527.663) (-1805.588,-200.946) (-1008.904,-1299.605)      1119.96  1199.81  
25     44.69979 -581.60977 -1248.28601 -259.42431 -2191.22925 -2028.61408     (-44.700,-304.124) (-536.910,-1203.586) (-2146.529,-1983.914)     -432.39342 -1796.54068 -1000.52259 -534.83252 -200.76140 -1273.59144     (-432.393,-534.833) (-1796.541,-200.761) (-1000.523,-1273.591)      1122.14  1200.87  
26     21.91662 -572.56208 -1239.90486 -266.59405 -2191.04509 -2002.60084     (-21.917,-288.511) (-550.645,-1217.988) (-2169.128,-1980.684)     -455.17659 -1787.49300 -992.14144 -542.00226 -200.57724 -1247.57820     (-455.177,-542.002) (-1787.493,-200.577) (-992.141,-1247.578)      1125.56  1203.3  
27     -0.86655 -563.51440 -1231.52370 -273.76379 -2190.86093 -1976.58760     (-0.867,-273.764) (-563.514,-2190.861) (-1231.524,-1976.588)     -477.95976 -1778.44532 -983.76029 -549.17200 -200.39308 -1221.56496     (-477.960,-549.172) (-1778.445,-200.393) (-983.760,-1221.565)      1130.21  1207.11  
28    -23.64972 -554.46672 -1223.14255 -280.93353 -2190.67677 -1950.57436     (-23.650,-280.934) (-554.467,-2190.677) (-1223.143,-1950.574)     -500.74293 -1769.39763 -975.37913 -556.34174 -200.20892 -1195.55172     (-500.743,-556.342) (-1769.398,-200.209) (-975.379,-1195.552)      1136.07  1212.29  
29    -46.43289 -545.41903 -1214.76140 -288.10327 -2190.49261 -1924.56112     (-46.433,-288.103) (-545.419,-2190.493) (-1214.761,-1924.561)     -523.52609 -1760.34995 -966.99798 -563.51148 -200.02476 -1169.53848     (-523.526,-563.511) (-1760.350,-200.025) (-966.998,-1169.538)      1143.13  1218.8  
30    -69.21606 -536.37135 -1206.38024 -295.27301 -2190.30845 -1898.54788     (-69.216,-295.273) (-536.371,-2190.308) (-1206.380,-1898.548)     -546.30926 -1751.30227 -958.61683 -570.68122 -199.84060 -1143.52524     (-546.309,-570.681) (-1751.302,-199.841) (-958.617,-1143.525)      1151.36  1226.63  
31    -91.99923 -527.32367 -1197.99909 -302.44275 -2190.12429 -1872.53464     (-91.999,-302.443) (-527.324,-2190.124) (-1197.999,-1872.535)     -569.09243 -1742.25458 -950.23567 -577.85096 -199.65644 -1117.51200     (-569.092,-577.851) (-1742.255,-199.656) (-950.236,-1117.512)      1160.74  1235.74  
32    -114.78240 -518.27598 -1189.61794 -309.61249 -2189.94012 -1846.52141     (-114.782,-309.612) (-518.276,-2189.940) (-1189.618,-1846.521)     -591.87560 -1733.20690 -941.85452 -585.02069 -199.47228 -1091.49876     (-591.876,-585.021) (-1733.207,-199.472) (-941.855,-1091.499)      1171.24  1246.1  
33    -137.56557 -509.22830 -1181.23678 -316.78223 -2189.75596 -1820.50817     (-137.566,-316.782) (-509.228,-2189.756) (-1181.237,-1820.508)     -614.65877 -1724.15922 -933.47337 -592.19043 -199.28812 -1065.48552     (-614.659,-592.190) (-1724.159,-199.288) (-933.473,-1065.486)      1182.83  1257.68  
34    -160.34874 -500.18062 -1172.85563 -323.95196 -2189.57180 -1794.49493     (-160.349,-323.952) (-500.181,-2189.572) (-1172.856,-1794.495)     -637.44194 -1715.11154 -925.09221 -599.36017 -199.10395 -1039.47229     (-637.442,-599.360) (-1715.112,-199.104) (-925.092,-1039.472)      1195.48  1270.43  
35    -183.13191 -491.13293 -1164.47448 -331.12170 -2189.38764 -1768.48169     (-183.132,-331.122) (-491.133,-2189.388) (-1164.474,-1768.482)     -660.22511 -1706.06385 -916.71106 -606.52991 -198.91979 -1013.45905     (-660.225,-606.530) (-1706.064,-198.920) (-916.711,-1013.459)      1209.15  1284.32  
36    -205.91508 -482.08525 -1156.09332 -338.29144 -2189.20348 -1742.46845     (-205.915,-338.291) (-482.085,-2189.203) (-1156.093,-1742.468)     -683.00828 -1697.01617 -908.32990 -613.69965 -198.73563 -987.44581     (-683.008,-613.700) (-1697.016,-198.736) (-908.330,-987.446)      1223.81  1299.3  
37    -228.69825 -473.03757 -1147.71217 -345.46118 -2189.01932 -1716.45521     (-228.698,-345.461) (-473.038,-2189.019) (-1147.712,-1716.455)     -705.79145 -1687.96849 -899.94875 -620.86939 -198.55147 -961.43257     (-705.791,-620.869) (-1687.968,-198.551) (-899.949,-961.433)      1239.43  1315.32  
38    -251.48142 -463.98989 -1139.33102 -352.63092 -2188.83516 -1690.44197     (-251.481,-352.631) (-463.990,-2188.835) (-1139.331,-1690.442)     -728.57462 -1678.92080 -891.56760 -628.03913 -198.36731 -935.41933     (-728.575,-628.039) (-1678.921,-198.367) (-891.568,-935.419)      1255.97  1332.35  
39    -274.26459 -454.94220 -1130.94986 -359.80066 -2188.65100 -1664.42873     (-274.265,-359.801) (-454.942,-2188.651) (-1130.950,-1664.429)     -751.35779 -1669.87312 -883.18644 -635.20887 -198.18315 -909.40609     (-751.358,-635.209) (-1669.873,-198.183) (-883.186,-909.406)      1273.4  1350.34  
40    -297.04776 -445.89452 -1122.56871 -366.97040 -2188.46684 -1638.41549     (-297.048,-366.970) (-445.895,-2188.467) (-1122.569,-1638.415)     -774.14096 -1660.82544 -874.80529 -642.37861 -197.99899 -883.39285     (-774.141,-642.379) (-1660.825,-197.999) (-874.805,-883.393)      1291.67  1369.25  
41    -319.83093 -436.84684 -1114.18756 -374.14014 -2188.28268 -1612.40225     (-319.831,-374.140) (-436.847,-2188.283) (-1114.188,-1612.402)     -796.92413 -1651.77775 -866.42414 -649.54835 -197.81483 -857.37961     (-796.924,-649.548) (-1651.778,-197.815) (-866.424,-857.380)      1310.76  1389.02  
42    -342.61410 -427.79915 -1105.80640 -381.30988 -2188.09852 -1586.38902     (-342.614,-381.310) (-427.799,-2188.099) (-1105.806,-1586.389)     -819.70730 -1642.73007 -858.04298 -656.71809 -197.63067 -831.36637     (-819.707,-656.718) (-1642.730,-197.631) (-858.043,-831.366)      1330.62  1409.63  
43    -365.39727 -418.75147 -1097.42525 -388.47962 -2187.91436 -1560.37578     (-365.397,-388.480) (-418.751,-2187.914) (-1097.425,-1560.376)     -842.49047 -1633.68239 -849.66183 -663.88783 -197.44651 -805.35313     (-842.490,-663.888) (-1633.682,-197.447) (-849.662,-805.353)      1351.23  1431.02  
44    -388.18044 -409.70379 -1089.04409 -395.64936 -2187.73019 -1534.36254     (-388.180,-395.649) (-409.704,-2187.730) (-1089.044,-1534.363)     -865.27364 -1624.63470 -841.28068 -671.05757 -197.26235 -779.33989     (-865.274,-671.058) (-1624.635,-197.262) (-841.281,-779.340)      1372.55  1453.17  
45    -410.96361 -400.65610 -1080.66294 -402.81910 -2187.54603 -1508.34930     (-410.964,-402.819) (-400.656,-2187.546) (-1080.663,-1508.349)     -888.05681 -1615.58702 -832.89952 -678.22731 -197.07818 -753.32666     (-888.057,-678.227) (-1615.587,-197.078) (-832.900,-753.327)      1394.54  1472.56  
46    -433.74678 -391.60842 -1072.28179 -409.98884 -2187.36187 -1482.33606     (-433.747,-409.989) (-391.608,-2187.362) (-1072.282,-1482.336)     -910.83998 -1606.53934 -824.51837 -685.39704 -196.89402 -727.31342     (-910.840,-685.397) (-1606.539,-196.894) (-824.518,-727.313)      1400.82  1460.69  
47    -456.52995 -382.56074 -1063.90063 -417.15858 -2187.17771 -1456.32282     (-456.530,-417.159) (-382.561,-2187.178) (-1063.901,-1456.323)     -933.62315 -1597.49166 -816.13722 -692.56678 -196.70986 -701.30018     (-933.623,-692.567) (-1597.492,-196.710) (-816.137,-701.300)      1389.82  1449.81  
48    -479.31312 -373.51305 -1055.51948 -424.32832 -2186.99355 -1430.30958     (-479.313,-424.328) (-373.513,-2186.994) (-1055.519,-1430.310)     -956.40632 -1588.44397 -807.75606 -699.73652 -196.52570 -675.28694     (-956.406,-699.737) (-1588.444,-196.526) (-807.756,-675.287)      1379.75  1439.96  
49    -502.09629 -364.46537 -1047.13833 -431.49805 -2186.80939 -1404.29634     (-502.096,-431.498) (-364.465,-2186.809) (-1047.138,-1404.296)     -979.18949 -1579.39629 -799.37491 -706.90626 -196.34154 -649.27370     (-979.189,-706.906) (-1579.396,-196.342) (-799.375,-649.274)      1370.63  1431.17  
50    -524.87946 -355.41769 -1038.75717 -438.66779 -2186.62523 -1378.28310     (-524.879,-438.668) (-355.418,-2186.625) (-1038.757,-1378.283)     -1001.97266 -1570.34861 -790.99376 -714.07600 -196.15738 -623.26046     (-1001.973,-714.076) (-1570.349,-196.157) (-790.994,-623.260)      1362.47  1423.45  
51    -547.66263 -346.37000 -1030.37602 -445.83753 -2186.44107 -1352.26986     (-547.663,-445.838) (-346.370,-2186.441) (-1030.376,-1352.270)     -1024.75583 -1561.30092 -782.61260 -721.24574 -195.97322 -597.24722     (-1024.756,-721.246) (-1561.301,-195.973) (-782.613,-597.247)      1355.3  1416.83  
52    -570.44580 -337.32232 -1021.99487 -453.00727 -2186.25691 -1326.25662     (-570.446,-453.007) (-337.322,-2186.257) (-1021.995,-1326.257)     -1047.53900 -1552.25324 -774.23145 -728.41548 -195.78906 -571.23398     (-1047.539,-728.415) (-1552.253,-195.789) (-774.231,-571.234)      1349.12  1411.32  
53    -593.22897 -328.27464 -1013.61371 -460.17701 -2186.07275 -1300.24339     (-593.229,-460.177) (-328.275,-2186.073) (-1013.614,-1300.243)     -1070.32217 -1543.20556 -765.85030 -735.58522 -195.60490 -545.22074     (-1070.322,-735.585) (-1543.206,-195.605) (-765.850,-545.221)      1343.96  1406.94  
54    -616.01214 -319.22696 -1005.23256 -467.34675 -2185.88859 -1274.23015     (-616.012,-467.347) (-319.227,-2185.889) (-1005.233,-1274.230)     -1093.10534 -1534.15787 -757.46914 -742.75496 -195.42074 -519.20750     (-1093.105,-742.755) (-1534.158,-195.421) (-757.469,-519.208)      1339.83  1403.69  
55    -638.79531 -310.17927 -996.85141 -474.51649 -2185.70442 -1248.21691     (-638.795,-474.516) (-310.179,-2185.704) (-996.851,-1248.217)     -1115.88851 -1525.11019 -749.08799 -749.92470 -195.23658 -493.19426     (-1115.889,-749.925) (-1525.110,-195.237) (-749.088,-493.194)      1336.73  1401.6  
56    -661.57848 -301.13159 -988.47025 -481.68623 -2185.52026 -1222.20367     (-661.578,-481.686) (-301.132,-2185.520) (-988.470,-1222.204)     -1138.67168 -1516.06251 -740.70684 -757.09444 -195.05242 -467.18103     (-1138.672,-757.094) (-1516.063,-195.052) (-740.707,-467.181)      1334.67  1400.67  
57    -684.36165 -292.08391 -980.08910 -488.85597 -2185.33610 -1196.19043     (-684.362,-488.856) (-292.084,-2185.336) (-980.089,-1196.190)     -1161.45485 -1507.01482 -732.32568 -764.26418 -194.86825 -441.16779     (-1161.455,-764.264) (-1507.015,-194.868) (-732.326,-441.168)      1333.66  1400.89  
58    -707.14481 -283.03622 -971.70795 -496.02571 -2185.15194 -1170.17719     (-707.145,-496.026) (-283.036,-2185.152) (-971.708,-1170.177)     -1184.23802 -1497.96714 -723.94453 -771.43392 -194.68409 -415.15455     (-1184.238,-771.434) (-1497.967,-194.684) (-723.945,-415.155)      1333.69  1396.34  
59    -729.92798 -273.98854 -963.32679 -503.19545 -2184.96778 -1144.16395     (-729.928,-503.195) (-273.989,-2184.968) (-963.327,-1144.164)     -1207.02119 -1488.91946 -715.56337 -778.60366 -194.49993 -389.14131     (-1207.021,-778.604) (-1488.919,-194.500) (-715.563,-389.141)      1334.78  1378.51  
60    -752.71115 -264.94086 -954.94564 -510.36519 -2184.78362 -1118.15071     (-752.711,-510.365) (-264.941,-2184.784) (-954.946,-1118.151)     -1229.80436 -1479.87177 -707.18222 -785.77339 -194.31577 -363.12807     (-1229.804,-785.773) (-1479.872,-194.316) (-707.182,-363.128)      1336.91  1361.47  
61    -775.49432 -255.89317 -946.56449 -517.53493 -2184.59946 -1092.13747     (-775.494,-517.535) (-255.893,-2184.599) (-946.564,-1092.137)     -1252.58753 -1470.82409 -698.80107 -792.94313 -194.13161 -337.11483     (-1252.588,-792.943) (-1470.824,-194.132) (-698.801,-337.115)      1340.08  1345.25  
62    -798.27749 -246.84549 -938.18333 -524.70467 -2184.41530 -1066.12423     (-798.277,-524.705) (-246.845,-2184.415) (-938.183,-1066.124)     -1275.37070 -1461.77641 -690.41991 -800.11287 -193.94745 -311.10159     (-1275.371,-800.113) (-1461.776,-193.947) (-690.420,-311.102)      1329.89  1329.89  
63    -821.06066 -237.79781 -929.80218 -531.87440 -2184.23114 -1040.11099     (-821.061,-531.874) (-237.798,-2184.231) (-929.802,-1040.111)     -1298.15387 -1452.72873 -682.03876 -807.28261 -193.76329 -285.08835     (-1298.154,-807.283) (-1452.729,-193.763) (-682.039,-285.088)      1315.42  1315.42  
64    -843.84383 -228.75012 -921.42103 -539.04414 -2184.04698 -1014.09776     (-843.844,-539.044) (-228.750,-2184.047) (-921.421,-1014.098)     -1320.93704 -1443.68104 -673.65761 -814.45235 -193.57913 -259.07511     (-1320.937,-814.452) (-1443.681,-193.579) (-673.658,-259.075)      1301.86  1301.86  
65    -866.62700 -219.70244 -913.03987 -546.21388 -2183.86282 -988.08452     (-866.627,-546.214) (-219.702,-2183.863) (-913.040,-988.085)     -1343.72021 -1434.63336 -665.27645 -821.62209 -193.39497 -233.06187     (-1343.720,-821.622) (-1434.633,-193.395) (-665.276,-233.062)      1289.24  1289.24  
66    -889.41017 -210.65476 -904.65872 -553.38362 -2183.67866 -962.07128     (-889.410,-553.384) (-210.655,-2183.679) (-904.659,-962.071)     -1366.50338 -1425.58568 -656.89530 -828.79183 -193.21081 -207.04863     (-1366.503,-828.792) (-1425.586,-193.211) (-656.895,-207.049)      1277.6  1277.6  
67    -912.19334 -201.60708 -896.27756 -560.55336 -2183.49449 -936.05804     (-912.193,-560.553) (-201.607,-2183.494) (-896.278,-936.058)     -1389.28655 -1416.53799 -648.51415 -835.96157 -193.02665 -181.03540     (-1389.287,-835.962) (-1416.538,-193.027) (-648.514,-181.035)      1266.95  1266.95  
68    -934.97651 -192.55939 -887.89641 -567.72310 -2183.31033 -910.04480     (-934.977,-567.723) (-192.559,-2183.310) (-887.896,-910.045)     -1412.06972 -1407.49031 -640.13299 -843.13131 -192.84248 -155.02216     (-1412.070,-843.131) (-1407.490,-192.842) (-640.133,-155.022)      1257.32  1257.32  
69    -957.75968 -183.51171 -879.51526 -574.89284 -2183.12617 -884.03156     (-957.760,-574.893) (-183.512,-2183.126) (-879.515,-884.032)     -1434.85288 -1398.44263 -631.75184 -850.30105 -192.65832 -129.00892     (-1434.853,-850.301) (-1398.443,-192.658) (-631.752,-129.009)      1248.74  1248.74  
70    -980.54285 -174.46403 -871.13410 -582.06258 -2182.94201 -858.01832     (-980.543,-582.063) (-174.464,-2182.942) (-871.134,-858.018)     -1457.63605 -1389.39494 -623.37069 -857.47079 -192.47416 -102.99568     (-1457.636,-857.471) (-1389.395,-192.474) (-623.371,-102.996)      1241.23  1241.23  
71    -1003.32602 -165.41634 -862.75295 -589.23232 -2182.75785 -832.00508     (-1003.326,-589.232) (-165.416,-2182.758) (-862.753,-832.005)     -1480.41922 -1380.34726 -614.98953 -864.64053 -192.29000 -76.98244     (-1480.419,-864.641) (-1380.347,-192.290) (-614.990,-76.982)      1234.81  1234.81  
72    -1026.10919 -156.36866 -854.37180 -596.40206 -2182.57369 -805.99184     (-1026.109,-596.402) (-156.369,-2182.574) (-854.372,-805.992)     -1503.20239 -1371.29958 -606.60838 -871.81027 -192.10584 -50.96920     (-1503.202,-871.810) (-1371.300,-192.106) (-606.608,-50.969)      1229.49  1229.49  
73    -1048.89236 -147.32098 -845.99064 -603.57180 -2182.38953 -779.97860     (-1048.892,-603.572) (-147.321,-2182.390) (-845.991,-779.979)     -1525.98556 -1362.25189 -598.22723 -878.98001 -191.92168 -24.95596     (-1525.986,-878.980) (-1362.252,-191.922) (-598.227,-24.956)      1225.3  1225.3  
74    -1071.67553 -138.27329 -837.60949 -610.74154 -2182.20537 -753.96536     (-1071.676,-610.742) (-138.273,-2182.205) (-837.609,-753.965)     -1548.76873 -1353.20421 -589.84607 -886.14974 -191.73752   1.05728     (-1352.147,-885.092) (-1547.711,-190.680) (-590.903,-1.057)      1222.82  1223.27  
75    -1094.45870 -129.22561 -829.22834 -617.91128 -2182.02121 -727.95213     (-1094.459,-617.911) (-129.226,-2182.021) (-829.228,-727.952)     -1571.55190 -1344.15653 -581.46492 -893.31948 -191.55336  27.07052     (-1317.086,-866.249) (-1544.481,-164.483) (-608.535,-27.071)      1236.12  1247.58  
76    -1117.24187 -120.17793 -820.84718 -625.08102 -2181.83705 -701.93889     (-1117.242,-625.081) (-120.178,-2181.837) (-820.847,-701.939)     -1594.33507 -1335.10885 -573.08377 -900.48922 -191.36920  53.08376     (-1282.025,-847.405) (-1541.251,-138.285) (-626.168,-53.084)      1251.89  1274.02  
77    -1140.02504 -111.13024 -812.46603 -632.25075 -2181.65289 -675.92565     (-1140.025,-632.251) (-111.130,-2181.653) (-812.466,-675.926)     -1617.11824 -1326.06116 -564.70261 -907.65896 -191.18504  79.09700     (-1246.964,-828.562) (-1538.021,-112.088) (-643.800,-79.097)      1270.04  1302.57  
78    -1162.80821 -102.08256 -804.08488 -639.42049 -2181.46872 -649.91241     (-1162.808,-639.420) (-102.083,-2181.469) (-804.085,-649.912)     -1639.90141 -1317.01348 -556.32146 -914.82870 -191.00088 105.11023     (-1211.903,-809.718) (-1534.791,-85.891) (-661.432,-105.110)      1290.47  1333.23  
79    -1185.59138 -93.03488 -795.70372 -646.59023 -2181.28456 -623.89917     (-1185.591,-646.590) (-93.035,-2181.285) (-795.704,-623.899)     -1662.68458 -1307.96580 -547.94031 -921.99844 -190.81672 131.12347     (-1176.842,-790.875) (-1531.561,-59.693) (-679.064,-131.123)      1313.07  1365.97  
80    -1208.37455 -83.98720 -787.32257 -653.75997 -2181.10040 -597.88593     (-1208.375,-653.760) (-83.987,-2181.100) (-787.323,-597.886)     -1685.46775 -1298.91811 -539.55915 -929.16818 -190.63255 157.13671     (-1141.781,-772.031) (-1528.331,-33.496) (-696.696,-157.137)      1337.74  1400.76  
81    -1231.15772 -74.93951 -778.94142 -660.92971 -2180.91624 -571.87269     (-1231.158,-660.930) (-74.940,-2180.916) (-778.941,-571.873)     -1708.25092 -1289.87043 -531.17800 -936.33792 -190.44839 183.14995     (-1106.720,-753.188) (-1525.101,-7.298) (-714.328,-183.150)      1360.36  1437.56  
82    -1253.94089 -65.89183 -770.56026 -668.09945 -2180.73208 -545.85945     (-1253.941,-668.099) (-65.892,-2180.732) (-770.560,-545.859)     -1731.03409 -1280.82275 -522.79684 -943.50766 -190.26423 209.16319     (-713.061,-715.446) (-1540.770,-18.899) (-1052.761,-190.264)      1296.85  1444.05  
83    -1276.72406 -56.84415 -762.17911 -675.26919 -2180.54792 -519.84621     (-1276.724,-675.269) (-56.844,-2180.548) (-762.179,-519.846)     -1753.81726 -1271.77506 -514.41569 -950.67740 -190.08007 235.17643     (-704.496,-670.405) (-1563.737,-45.096) (-991.502,-190.080)      1296.14  1443.19  
84    -1299.50723 -47.79646 -753.79796 -682.43893 -2180.36376 -493.83297     (-1299.507,-682.439) (-47.796,-2180.364) (-753.798,-493.833)     -1776.60043 -1262.72738 -506.03454 -957.84714 -189.89591 261.18967     (-695.930,-625.364) (-1586.705,-71.294) (-930.244,-189.896)      1300.88  1447.96  
85    -1322.29040 -38.74878 -745.41680 -689.60867 -2180.17960 -467.81973     (-1322.290,-689.609) (-38.749,-2180.180) (-745.417,-467.820)     -1799.38360 -1253.67970 -497.65338 -965.01688 -189.71175 287.20291     (-687.365,-580.323) (-1609.672,-97.491) (-868.986,-189.712)      1311  1458.29  
86    -1345.07357 -29.70110 -737.03565 -696.77841 -2179.99544 -441.80650     (-1345.074,-696.778) (-29.701,-2179.995) (-737.036,-441.806)     -1822.16677 -1244.63201 -489.27223 -972.18662 -189.52759 313.21615     (-678.800,-535.282) (-1632.639,-123.689) (-807.727,-189.528)      1326.38  1474.05  
87    -1367.85674 -20.65341 -728.65450 -703.94815 -2179.81128 -415.79326     (-1367.857,-703.948) (-20.653,-2179.811) (-728.654,-415.793)     -1844.94994 -1235.58433 -480.89108 -979.35636 -189.34343 339.22939     (-670.235,-490.241) (-1655.607,-149.886) (-746.469,-189.343)      1346.85  1495.05  
88    -1390.63991 -11.60573 -720.27334 -711.11789 -2179.62712 -389.78002     (-1390.640,-711.118) (-11.606,-2179.627) (-720.273,-389.780)     -1867.73311 -1226.53665 -472.50992 -986.52610 -189.15927 365.24263     (-661.669,-445.200) (-1678.574,-176.083) (-685.211,-189.159)      1372.17  1487.91  
89    -1413.42308  -2.55805 -711.89219 -718.28763 -2179.44295 -363.76678     (-1413.423,-718.288) (-2.558,-2179.443) (-711.892,-363.767)     -1890.51628 -1217.48897 -464.12877 -993.69583 -188.97511 391.25586     (-653.104,-400.159) (-1701.541,-202.281) (-623.952,-188.975)      1402.08  1473.3  
90    -1436.20625   6.48964 -703.51103 -725.45737 -2179.25879 -337.75354     (-331.264,-718.968) (-6.490,-2185.748) (-697.021,-1429.717)     -1913.29945 -1208.44128 -455.74762 -1000.86557 -188.79095 417.26910     (-644.539,-355.118) (-1724.509,-228.478) (-562.694,-188.791)      1436.29  1463.38  
91    -1458.98942  15.53732 -695.12988 -732.62710 -2179.07463 -311.74030     (-296.203,-717.090) (-15.537,-2194.612) (-679.593,-1443.452)     -1936.08262 -1199.39360 -447.36646 -1008.03531 -188.60678 443.28234     (-635.973,-310.077) (-1747.476,-254.676) (-501.436,-188.607)      1458.25  1458.25  
92    -1481.77259  24.58500 -686.74873 -739.79684 -2178.89047 -285.72706     (-261.142,-715.212) (-24.585,-2203.475) (-662.164,-1457.188)     -1958.86579 -1190.34592 -438.98531 -1015.20505 -188.42262 469.29558     (-627.408,-265.037) (-1770.443,-280.873) (-440.177,-188.423)      1454.84  1454.84  
93    -1504.55576  33.63269 -678.36757 -746.96658 -2178.70631 -259.71382     (-226.081,-713.334) (-33.633,-2212.339) (-644.735,-1470.923)     -1981.64896 -1181.29823 -430.60416 -1022.37479 -188.23846 495.30882     (-618.843,-219.996) (-1793.410,-307.070) (-378.919,-188.238)      1435.52  1435.52  
94    -1527.33893  42.68037 -669.98642 -754.13632 -2178.52215 -233.70058     (-191.020,-711.456) (-42.680,-2221.203) (-627.306,-1484.659)     -2004.43213 -1172.25055 -422.22300 -1029.54453 -188.05430 521.32206     (-610.277,-174.955) (-1816.378,-333.268) (-317.661,-188.054)      1420.93  1420.93  
95    -1550.12210  51.72805 -661.60527 -761.30606 -2178.33799 -207.68734     (-155.959,-709.578) (-51.728,-2230.066) (-609.877,-1498.394)     -2027.21530 -1163.20287 -413.84185 -1036.71427 -187.87014 547.33530     (-601.712,-129.914) (-1839.345,-359.465) (-256.402,-187.870)      1410.68  1411.21  
96    -1572.90527  60.77573 -653.22411 -768.47580 -2178.15383 -181.67410     (-120.898,-707.700) (-60.776,-2238.930) (-592.448,-1512.130)     -2049.99847 -1154.15518 -405.46070 -1043.88401 -187.68598 573.34854     (-593.147,-84.873) (-1862.312,-385.663) (-195.144,-187.686)      1405.25  1406.45  
97    -1595.68844  69.82342 -644.84296 -775.64554 -2177.96967 -155.66087     (-85.837,-705.822) (-69.823,-2247.793) (-575.020,-1525.865)     -2072.78164 -1145.10750 -397.07954 -1051.05375 -187.50182 599.36178     (-584.581,-39.832) (-1885.280,-411.860) (-133.886,-187.502)      1404.84  1406.71  
98    -1618.47160  78.87110 -636.46181 -782.81528 -2177.78551 -129.64763     (-50.777,-703.944) (-78.871,-2256.657) (-557.591,-1539.601)     -2095.56481 -1136.05982 -388.69839 -1058.22349 -187.31766 625.37502     (-581.225,-5.209) (-67.419,-432.848) (-1903.038,-182.109)      1377.32  1424.18  
99    -1641.25477  87.91878 -628.08065 -789.98502 -2177.60135 -103.63439     (-15.716,-702.066) (-87.919,-2265.520) (-540.162,-1553.336)     -2118.34798 -1127.01213 -380.31724 -1065.39323 -187.13350 651.38826     (-98.003,-11.369) (-38.881,-452.886) (-1842.084,-578.820)      1396.71  1396.71  
