PointDistanceFollower   Jun 17 2018   mode =  LINE3 
LINE3_RAND_20%_.74_0.txt      Output is S6 probe cell, C3 reduced cell,  S6Dist CS6Dist  distance between 
Compute times (msec)     S6Dist   45   CS6Dist  1
PointDistanceFollower  Jun 17 2018  mode = LINE3
LINE3_RAND_20%_.74_0.txt     Output is S6 probe cell, C3 reduced cell, S6Dist CS6Dist distance between
0    1878.65729 -3126.72418 -2487.37730 1489.18496 -2669.53069 -2802.97916     (-1878.657,-389.472) (-1248.067,-608.720) (-790.873,-924.322)     -1352.38301 -534.68274 -389.71839 -400.65099 -945.28644 -1540.96637     (-1352.383,-400.651) (-534.683,-945.286) (-389.718,-1540.966)      586.406  586.406  
1    1854.22311 -3096.78201 -2492.05231 1464.15526 -2651.84145 -2810.99457     (-1854.223,-390.068) (-1242.559,-637.829) (-797.618,-956.771)     -1376.81718 -504.74057 -394.39340 -425.68069 -927.59720 -1548.98178     (-1376.817,-425.681) (-504.741,-927.597) (-394.393,-1548.982)      594.586  594.586  
2    1829.78894 -3066.83984 -2496.72732 1439.12556 -2634.15221 -2819.00998     (-1829.789,-390.663) (-1237.051,-666.938) (-804.363,-989.221)     -1401.25136 -474.79840 -399.06841 -450.71040 -909.90797 -1556.99719     (-1401.251,-450.710) (-474.798,-909.908) (-399.068,-1556.997)      606.82  606.82  
3    1805.35476 -3036.89767 -2501.40233 1414.09586 -2616.46298 -2827.02539     (-1805.355,-391.259) (-1231.543,-696.048) (-811.108,-1021.671)     -1425.68553 -444.85623 -403.74342 -475.74010 -892.21873 -1565.01260     (-1425.686,-475.740) (-444.856,-892.219) (-403.743,-1565.013)      622.87  622.87  
4    1780.92059 -3006.95550 -2506.07734 1389.06615 -2598.77374 -2835.04080     (-1780.921,-391.854) (-1226.035,-725.157) (-817.853,-1054.120)     -1450.11971 -414.91406 -408.41843 -500.76980 -874.52949 -1573.02801     (-1450.120,-500.770) (-414.914,-874.529) (-408.418,-1573.028)      642.45  642.45  
5    1756.48641 -2977.01333 -2510.75235 1364.03645 -2581.08450 -2843.05621     (-1756.486,-392.450) (-1220.527,-754.266) (-824.598,-1086.570)     -1474.55388 -384.97189 -413.09344 -525.79950 -856.84025 -1581.04342     (-1474.554,-525.800) (-384.972,-856.840) (-413.093,-1581.043)      665.247  665.247  
6    1732.05224 -2947.07116 -2515.42736 1339.00675 -2563.39526 -2851.07162     (-1732.052,-393.045) (-1215.019,-783.375) (-831.343,-1119.019)     -1498.98806 -355.02972 -417.76845 -550.82921 -839.15101 -1589.05883     (-1498.988,-550.829) (-355.030,-839.151) (-417.768,-1589.059)      690.945  690.945  
7    1707.61806 -2917.12899 -2520.10237 1313.97705 -2545.70602 -2859.08703     (-1707.618,-393.641) (-1209.511,-812.484) (-838.088,-1151.469)     -1523.42223 -325.08755 -422.44346 -575.85891 -821.46178 -1597.07424     (-1523.422,-575.859) (-325.088,-821.462) (-422.443,-1597.074)      719.231  719.231  
8    1683.18389 -2887.18681 -2524.77738 1288.94735 -2528.01679 -2867.10244     (-1683.184,-394.237) (-1204.003,-841.593) (-844.833,-1183.919)     -1547.85641 -295.14538 -427.11847 -600.88861 -803.77254 -1605.08965     (-1547.856,-600.889) (-295.145,-803.773) (-427.118,-1605.090)      749.814  749.814  
9    1658.74971 -2857.24464 -2529.45239 1263.91764 -2510.32755 -2875.11785     (-1658.750,-394.832) (-1198.495,-870.703) (-851.578,-1216.368)     -1572.29058 -265.20320 -431.79348 -625.91831 -786.08330 -1613.10506     (-1572.291,-625.918) (-265.203,-786.083) (-431.793,-1613.105)      782.423  782.423  
10    1634.31554 -2827.30247 -2534.12740 1238.88794 -2492.63831 -2883.13326     (-1634.316,-395.428) (-1192.987,-899.812) (-858.323,-1248.818)     -1596.72476 -235.26103 -436.46849 -650.94802 -768.39406 -1621.12047     (-1596.725,-650.948) (-235.261,-768.394) (-436.468,-1621.120)      816.817  816.817  
11    1609.88136 -2797.36030 -2538.80241 1213.85824 -2474.94907 -2891.14867     (-1609.881,-396.023) (-1187.479,-928.921) (-865.068,-1281.267)     -1621.15893 -205.31886 -441.14350 -675.97772 -750.70482 -1629.13588     (-1621.159,-675.978) (-205.319,-750.705) (-441.144,-1629.136)      852.778  852.778  
12    1585.44719 -2767.41813 -2543.47742 1188.82854 -2457.25983 -2899.16408     (-1585.447,-396.619) (-1181.971,-958.030) (-871.813,-1313.717)     -1645.59311 -175.37669 -445.81851 -701.00742 -733.01559 -1637.15129     (-1645.593,-701.007) (-175.377,-733.016) (-445.819,-1637.151)      890.118  890.118  
13    1561.01301 -2737.47596 -2548.15243 1163.79883 -2439.57060 -2907.17949     (-1561.013,-397.214) (-1176.463,-987.139) (-878.558,-1346.166)     -1670.02728 -145.43452 -450.49352 -726.03712 -715.32635 -1645.16670     (-1670.027,-726.037) (-145.435,-715.326) (-450.494,-1645.167)      928.67  928.67  
14    1536.57884 -2707.53379 -2552.82744 1138.76913 -2421.88136 -2915.19490     (-1536.579,-397.810) (-1170.955,-1016.249) (-885.303,-1378.616)     -1694.46146 -115.49235 -455.16853 -751.06682 -697.63711 -1653.18211     (-1694.461,-751.067) (-115.492,-697.637) (-455.169,-1653.182)      968.289  968.289  
15    1512.14466 -2677.59162 -2557.50246 1113.73943 -2404.19212 -2923.21031     (-1512.145,-398.405) (-1165.447,-1045.358) (-892.047,-1411.066)     -1718.89563 -85.55018 -459.84355 -776.09653 -679.94787 -1661.19752     (-1718.896,-776.097) (-85.550,-679.948) (-459.844,-1661.198)      1008.85  1008.85  
16    1487.71049 -2647.64945 -2562.17747 1088.70973 -2386.50288 -2931.22572     (-1487.710,-399.001) (-1159.939,-1074.467) (-898.792,-1443.515)     -1743.32981 -55.60801 -464.51856 -801.12623 -662.25863 -1669.21293     (-1743.330,-801.126) (-55.608,-662.259) (-464.519,-1669.213)      1050.24  1050.24  
17    1463.27631 -2617.70728 -2566.85248 1063.68002 -2368.81364 -2939.24113     (-1463.276,-399.596) (-1154.431,-1103.576) (-905.537,-1475.965)     -1767.76398 -25.66584 -469.19357 -826.15593 -644.56940 -1677.22834     (-1767.764,-826.156) (-25.666,-644.569) (-469.194,-1677.228)      1083.51  1085.47  
18    1438.84213 -2587.76511 -2571.52749 1038.65032 -2351.12441 -2947.25654     (-1438.842,-400.192) (-1148.923,-1132.685) (-912.282,-1508.414)     -1792.19816   4.27633 -473.86858 -851.18563 -626.88016 -1685.24375     (-1680.967,-846.909) (-4.276,-631.156) (-469.592,-1787.922)      1063.38  1063.38  
19    1414.40796 -2557.82294 -2576.20250 1013.62062 -2333.43517 -2955.27195     (-1414.408,-400.787) (-1143.415,-1161.795) (-919.027,-1540.864)     -1816.63233  34.21850 -478.54359 -876.21534 -609.19092 -1693.25916     (-1659.041,-841.997) (-34.219,-643.409) (-444.325,-1782.414)      1024.51  1024.51  
20    1389.97378 -2527.88076 -2580.87751 988.59092 -2315.74593 -2963.28736     (-1389.974,-401.383) (-1137.907,-1190.904) (-925.772,-1573.314)     -1841.06651  64.16067 -483.21860 -901.24504 -591.50168 -1701.27457     (-1637.114,-837.084) (-64.161,-655.662) (-419.058,-1776.906)      986.355  986.355  
21    1365.53961 -2497.93859 -2585.55252 963.56122 -2298.05669 -2971.30277     (-1365.540,-401.978) (-1132.399,-1220.013) (-932.517,-1605.763)     -1865.50068  94.10285 -487.89361 -926.27474 -573.81244 -1709.28998     (-1615.187,-832.172) (-94.103,-667.915) (-393.791,-1771.398)      949.007  949.007  
22    1341.10543 -2467.99642 -2590.22753 938.53151 -2280.36745 -2979.31818     (-1341.105,-402.574) (-1126.891,-1249.122) (-939.262,-1638.213)     -1889.93486 124.04502 -492.56862 -951.30444 -556.12321 -1717.30539     (-1593.260,-827.259) (-124.045,-680.168) (-368.524,-1765.890)      912.563  912.563  
23    1316.67126 -2438.05425 -2594.90254 913.50181 -2262.67822 -2987.33359     (-1316.671,-403.169) (-1121.383,-1278.231) (-946.007,-1670.662)     -1914.36904 153.98719 -497.24363 -976.33415 -538.43397 -1725.32080     (-1571.334,-822.347) (-153.987,-692.421) (-343.256,-1760.382)      877.138  877.138  
24    1292.23708 -2408.11208 -2599.57755 888.47211 -2244.98898 -2995.34899     (-1292.237,-403.765) (-1115.875,-1307.340) (-952.752,-1703.112)     -1938.80321 183.92936 -501.91864 -1001.36385 -520.74473 -1733.33621     (-1549.407,-817.434) (-183.929,-704.674) (-317.989,-1754.874)      842.859  842.859  
25    1267.80291 -2378.16991 -2604.25256 863.44241 -2227.29974 -3003.36440     (-1267.803,-404.361) (-1110.367,-1336.450) (-959.497,-1735.561)     -1963.23739 213.87153 -506.59365 -1026.39355 -503.05549 -1741.35162     (-1527.480,-812.522) (-213.872,-716.927) (-292.722,-1749.366)      809.871  809.871  
26    1243.36873 -2348.22774 -2608.92757 838.41270 -2209.61050 -3011.37981     (-1243.369,-404.956) (-1104.859,-1365.559) (-966.242,-1768.011)     -1987.67156 243.81370 -511.26866 -1051.42325 -485.36625 -1749.36703     (-1505.553,-807.610) (-243.814,-729.180) (-267.455,-1743.858)      778.34  778.34  
27    1218.93456 -2318.28557 -2613.60258 813.38300 -2191.92126 -3019.39522     (-1218.935,-405.552) (-1099.351,-1394.668) (-972.987,-1800.461)     -2012.10574 273.75587 -515.94367 -1076.45295 -467.67702 -1757.38244     (-1483.627,-802.697) (-273.756,-741.433) (-242.188,-1738.350)      748.448  748.448  
28    1194.50038 -2288.34340 -2618.27759 788.35330 -2174.23202 -3027.41063     (-1194.500,-406.147) (-1093.843,-1423.777) (-979.732,-1832.910)     -2036.53991 303.69804 -520.61868 -1101.48266 -449.98778 -1765.39785     (-1461.700,-797.785) (-303.698,-753.686) (-216.921,-1732.842)      720.401  720.401  
29    1170.06621 -2258.40123 -2622.95260 763.32360 -2156.54279 -3035.42604     (-1170.066,-406.743) (-1088.335,-1452.886) (-986.477,-1865.360)     -2060.97409 333.64021 -525.29369 -1126.51236 -432.29854 -1773.41326     (-1439.773,-792.872) (-333.640,-765.939) (-191.653,-1727.334)      694.421  694.421  
30    1145.63203 -2228.45906 -2627.62761 738.29390 -2138.85355 -3043.44145     (-1145.632,-407.338) (-1082.827,-1481.996) (-993.222,-1897.809)     -2085.40826 363.58238 -529.96870 -1151.54206 -414.60930 -1781.42867     (-1417.846,-787.960) (-363.582,-778.192) (-166.386,-1721.826)      664.265  670.75  
31    1121.19786 -2198.51689 -2632.30262 713.26419 -2121.16431 -3051.45686     (-1121.198,-407.934) (-1077.319,-1511.105) (-999.966,-1930.259)     -2109.84244 393.52455 -534.64371 -1176.57176 -396.92006 -1789.44408     (-1395.920,-783.047) (-393.525,-790.445) (-141.119,-1716.318)      629.293  649.638  
32    1096.76368 -2168.57471 -2636.97763 688.23449 -2103.47507 -3059.47227     (-1096.764,-408.529) (-1071.811,-1540.214) (-1006.711,-1962.709)     -2134.27661 423.46672 -539.31872 -1201.60147 -379.23083 -1797.45949     (-1373.993,-778.135) (-423.467,-802.698) (-115.852,-1710.810)      595.997  617.398  
33    1072.32951 -2138.63254 -2641.65265 663.20479 -2085.78583 -3067.48768     (-1072.330,-409.125) (-1066.303,-1569.323) (-1013.456,-1995.158)     -2158.71079 453.40890 -543.99374 -1226.63117 -361.54159 -1805.47490     (-1352.066,-773.222) (-453.409,-814.950) (-90.585,-1705.302)      564.673  580.574  
34    1047.89533 -2108.69037 -2646.32766 638.17509 -2068.09660 -3075.50309     (-1047.895,-409.720) (-1060.795,-1598.432) (-1020.201,-2027.608)     -2183.14496 483.35107 -548.66875 -1251.66087 -343.85235 -1813.49030     (-1330.139,-768.310) (-483.351,-827.203) (-65.318,-1699.794)      535.667  546.767  
35    1023.46116 -2078.74820 -2651.00267 613.14538 -2050.40736 -3083.51850     (-1023.461,-410.316) (-1055.287,-1627.542) (-1026.946,-2060.057)     -2207.57914 513.29324 -553.34376 -1276.69057 -326.16311 -1821.50571     (-1308.212,-763.397) (-513.293,-839.456) (-40.051,-1694.286)      509.376  516.141  
36    999.02698 -2048.80603 -2655.67768 588.11568 -2032.71812 -3091.53391     (-999.027,-410.911) (-1049.779,-1656.651) (-1033.691,-2092.507)     -2232.01331 543.23541 -558.01877 -1301.72028 -308.47387 -1829.52112     (-1286.286,-758.485) (-543.235,-851.709) (-14.783,-1688.778)      486.239  488.803  
37    974.59281 -2018.86386 -2660.35269 563.08598 -2015.02888 -3099.54932     (-974.593,-411.507) (-1044.271,-1685.760) (-1040.436,-2124.957)     -2256.44749 573.17758 -562.69378 -1326.74998 -290.78464 -1837.53653     (-1253.875,-562.694) (-743.089,-853.478) (-10.484,-1693.754)      465.552  465.552  
38    950.15863 -1988.92169 -2665.02770 538.05628 -1997.33964 -3107.56473     (-950.159,-412.102) (-1038.763,-1714.869) (-1047.181,-2157.406)     -2280.88166 603.11975 -567.36879 -1351.77968 -273.09540 -1845.55194     (-1206.681,-567.369) (-712.909,-840.464) (-35.751,-1713.513)      450.521  450.521  
39    925.72446 -1958.97952 -2669.70271 513.02657 -1979.65041 -3115.58014     (-925.724,-412.698) (-1033.255,-1743.978) (-1053.926,-2189.856)     -2305.31584 633.06192 -572.04380 -1376.80938 -255.40616 -1853.56735     (-1159.487,-572.044) (-682.729,-827.450) (-61.018,-1733.272)      444.877  444.877  
40    901.29028 -1929.03735 -2674.37772 487.99687 -1961.96117 -3123.59555     (-901.290,-413.293) (-1027.747,-1773.087) (-1060.671,-2222.305)     -2329.75001 663.00409 -576.71881 -1401.83908 -237.71692 -1861.58276     (-1112.293,-576.719) (-652.550,-814.436) (-86.285,-1753.031)      448.975  448.975  
41    876.85611 -1899.09518 -2679.05273 462.96717 -1944.27193 -3131.61096     (-876.856,-413.889) (-1022.239,-1802.197) (-1067.416,-2254.755)     -2354.18419 692.94626 -581.39382 -1426.86879 -220.02768 -1869.59817     (-1065.099,-581.394) (-622.370,-801.422) (-111.552,-1772.790)      462.555  462.555  
42    852.42193 -1869.15301 -2683.72774 437.93747 -1926.58269 -3139.62637     (-852.422,-414.484) (-1016.731,-1831.306) (-1074.161,-2287.204)     -2378.61836 722.88843 -586.06883 -1451.89849 -202.33844 -1877.61358     (-1017.906,-586.069) (-592.190,-788.407) (-136.820,-1792.550)      484.822  484.822  
43    827.98775 -1839.21084 -2688.40275 412.90777 -1908.89345 -3147.64178     (-827.988,-415.080) (-1011.223,-1860.415) (-1080.906,-2319.654)     -2403.05254 752.83060 -590.74384 -1476.92819 -184.64921 -1885.62899     (-970.712,-590.744) (-562.011,-775.393) (-162.087,-1812.309)      514.65  514.65  
44    803.55358 -1809.26867 -2693.07776 387.87806 -1891.20422 -3155.65719     (-803.554,-415.676) (-1005.715,-1889.524) (-1087.651,-2352.104)     -2427.48671 782.77277 -595.41885 -1501.95789 -166.95997 -1893.64440     (-923.518,-595.419) (-531.831,-762.379) (-187.354,-1832.068)      550.811  550.811  
45    779.11940 -1779.32649 -2697.75277 362.84836 -1873.51498 -3163.67260     (-779.119,-416.271) (-1000.207,-1918.633) (-1094.396,-2384.553)     -2451.92089 812.71494 -600.09386 -1526.98760 -149.27073 -1901.65981     (-876.324,-600.094) (-501.652,-749.365) (-212.621,-1851.827)      592.146  592.146  
46    754.68523 -1749.38432 -2702.42778 337.81866 -1855.82574 -3171.68801     (-754.685,-416.867) (-994.699,-1947.743) (-1101.141,-2417.003)     -2476.35506 842.65712 -604.76887 -1552.01730 -131.58149 -1909.67522     (-829.130,-604.769) (-471.472,-736.350) (-237.888,-1871.586)      637.65  637.65  
47    730.25105 -1719.44215 -2707.10279 312.78896 -1838.13650 -3179.70342     (-730.251,-417.462) (-989.191,-1976.852) (-1107.885,-2449.452)     -2500.78924 872.59929 -609.44388 -1577.04700 -113.89225 -1917.69063     (-781.936,-609.444) (-441.292,-723.336) (-263.155,-1891.345)      647.085  647.085  
48    705.81688 -1689.49998 -2711.77780 287.75925 -1820.44726 -3187.71883     (-705.817,-418.058) (-983.683,-2005.961) (-1114.630,-2481.902)     -2525.22342 902.54146 -614.11889 -1602.07670 -96.20302 -1925.70604     (-734.742,-614.119) (-411.113,-710.322) (-288.423,-1911.105)      662.464  662.464  
49    681.38270 -1659.55781 -2716.45281 262.72955 -1802.75803 -3195.73424     (-681.383,-418.653) (-978.175,-2035.070) (-1121.375,-2514.352)     -2549.65759 932.48363 -618.79390 -1627.10641 -78.51378 -1933.72145     (-687.548,-618.794) (-380.933,-697.308) (-313.690,-1930.864)      683.897  683.897  
50    656.94853 -1629.61564 -2721.12782 237.69985 -1785.06879 -3203.74965     (-656.949,-419.249) (-972.667,-2064.179) (-1128.120,-2546.801)     -2574.09177 962.42580 -623.46891 -1652.13611 -60.82454 -1941.73686     (-640.354,-623.469) (-350.753,-684.293) (-338.957,-1950.623)      710.835  710.835  
51    632.51435 -1599.67347 -2725.80283 212.67015 -1767.37955 -3211.76506     (-632.514,-419.844) (-967.159,-2093.288) (-1134.865,-2579.251)     -2598.52594 992.36797 -628.14392 -1677.16581 -43.13530 -1949.75227     (-593.160,-628.144) (-320.574,-671.279) (-364.224,-1970.382)      742.681  742.681  
52    608.08018 -1569.73130 -2730.47785 187.64044 -1749.69031 -3219.78047     (-608.080,-420.440) (-961.651,-2122.398) (-1141.610,-2611.700)     -2622.96012 1022.31014 -632.81894 -1702.19551 -25.44606 -1957.76768     (-545.966,-632.819) (-290.394,-658.265) (-389.491,-1990.141)      778.832  778.832  
53    583.64600 -1539.78913 -2735.15286 162.61074 -1732.00107 -3227.79588     (-583.646,-421.035) (-956.143,-2151.507) (-1148.355,-2644.150)     -2647.39429 1052.25231 -637.49395 -1727.22521  -7.75683 -1965.78309     (-498.772,-637.494) (-260.215,-645.251) (-414.758,-2009.900)      818.719  818.719  
54    559.21183 -1509.84696 -2739.82787 137.58104 -1714.31184 -3235.81129     (-559.212,-421.631) (-950.635,-2180.616) (-1155.100,-2676.599)     -2671.82847 1082.19448 -642.16896 -1752.25492   9.93241 -1973.79850     (-451.578,-642.169) (-230.035,-632.237) (-440.026,-2029.660)      861.823  861.823  
55    534.77765 -1479.90479 -2744.50288 112.55134 -1696.62260 -3243.82670     (-534.778,-422.226) (-945.127,-2209.725) (-1161.845,-2709.049)     -2696.26264 1112.13665 -646.84397 -1777.28462  27.62165 -1981.81391     (-404.385,-646.844) (-199.855,-619.222) (-465.293,-2049.419)      907.685  907.685  
56    510.34348 -1449.96262 -2749.17789  87.52164 -1678.93336 -3251.84211     (-510.343,-422.822) (-939.619,-2238.834) (-1168.590,-2741.499)     -2720.69682 1142.07882 -651.51898 -1802.31432  45.31089 -1989.82932     (-357.191,-651.519) (-169.676,-606.208) (-490.560,-2069.178)      955.909  955.909  
57    485.90930 -1420.02044 -2753.85290  62.49193 -1661.24412 -3259.85752     (-485.909,-423.417) (-934.111,-2267.944) (-1175.335,-2773.948)     -2745.13099 1172.02099 -656.19399 -1827.34402  63.00013 -1997.84473     (-309.997,-656.194) (-139.496,-593.194) (-515.827,-2088.937)      1006.15  1006.15  
58    461.47513 -1390.07827 -2758.52791  37.46223 -1643.55488 -3267.87293     (-461.475,-424.013) (-928.603,-2297.053) (-1182.080,-2806.398)     -2769.56517 1201.96317 -660.86900 -1852.37373  80.68936 -2005.86014     (-262.803,-660.869) (-109.316,-580.180) (-541.094,-2108.696)      1058.14  1058.14  
59    437.04095 -1360.13610 -2763.20292  12.43253 -1625.86565 -3275.88834     (-437.041,-424.608) (-923.095,-2326.162) (-1188.825,-2838.847)     -2793.99934 1231.90534 -665.54401 -1877.40343  98.37860 -2013.87555     (-215.609,-665.544) (-79.137,-567.165) (-566.361,-2128.455)      1105.3  1105.3  
60    412.60678 -1330.19393 -2767.87793 -12.59717 -1608.17641 -3283.90375     (-412.607,-425.204) (-917.587,-2355.271) (-1195.570,-2871.297)     -2818.43352 1261.84751 -670.21902 -1902.43313 116.06784 -2021.89096     (-168.415,-670.219) (-48.957,-554.151) (-591.628,-2148.214)      1152.72  1152.72  
61    388.17260 -1300.25176 -2772.55294 -37.62688 -1590.48717 -3291.91916     (-388.173,-425.799) (-912.079,-2384.380) (-1202.315,-2903.747)     -2842.86769 1291.78968 -674.89403 -1927.46283 133.75708 -2029.90637     (-121.221,-674.894) (-18.778,-541.137) (-616.896,-2167.974)      1201.9  1201.9  
62    363.73843 -1270.30959 -2777.22795 -62.65658 -1572.79793 -3299.93457     (-363.738,-426.395) (-906.571,-2413.490) (-1209.060,-2936.196)     -2867.30187 1321.73185 -679.56904 -1952.49253 151.44632 -2037.92178     (-2176.331,-668.167) (-11.402,-539.525) (-630.761,-62.625)      1254.21  1258.35  
63    339.30425 -1240.36742 -2781.90296 -87.68628 -1555.10869 -3307.94998     (-339.304,-426.991) (-901.063,-2442.599) (-1215.804,-2968.646)     -2891.73604 1351.67402 -684.24405 -1977.52224 169.13555 -2045.93719     (-26.833,-627.914) (-2151.162,-541.942) (-640.597,-14.749)      1221.04  1221.04  
64    314.87008 -1210.42525 -2786.57797 -112.71598 -1537.41946 -3315.96539     (-314.870,-427.586) (-895.555,-2471.708) (-1222.549,-3001.095)     -2916.17022 1381.61619 -688.91906 -2002.55194 186.82479 -2053.95260     (-20.361,-545.396) (-2043.007,-692.697) (-461.373,-71.761)      1196.09  1202.5  
65    290.43590 -1180.48308 -2791.25298 -137.74569 -1519.73022 -3323.98080     (-290.436,-428.182) (-890.047,-2500.817) (-1229.294,-3033.545)     -2940.60439 1411.55836 -693.59407 -2027.58164 204.51403 -2061.96801     (-67.555,-489.712) (-1908.019,-717.964) (-353.971,-101.941)      1210.68  1231.31  
66    266.00173 -1150.54091 -2795.92799 -162.77539 -1502.04098 -3331.99621     (-266.002,-428.777) (-884.539,-2529.926) (-1236.039,-3065.994)     -2965.03857 1441.50053 -698.26908 -2052.61134 222.20327 -2069.98342     (-114.749,-434.028) (-1773.031,-743.231) (-246.569,-132.121)      1254.64  1289.25  
67    241.56755 -1120.59874 -2800.60300 -187.80509 -1484.35174 -3340.01162     (-241.568,-429.373) (-879.031,-2559.035) (-1242.784,-3098.444)     -2989.47274 1471.44270 -702.94409 -2077.64105 239.89251 -2077.99883     (-161.942,-378.344) (-1638.043,-768.499) (-139.167,-162.300)      1325.06  1375.78  
68    217.13338 -1090.65657 -2805.27801 -212.83479 -1466.66250 -3348.02703     (-217.133,-429.968) (-873.523,-2588.145) (-1249.529,-3130.894)     -3013.90692 1501.38487 -707.61910 -2102.67075 257.58174 -2086.01424     (-209.136,-322.659) (-1503.055,-793.766) (-31.765,-192.480)      1293.89  1305.69  
69    192.69920 -1060.71439 -2809.95302 -237.86449 -1448.97327 -3356.04244     (-192.699,-430.564) (-868.015,-2617.254) (-1256.274,-3163.343)     -3038.34109 1531.32704 -712.29411 -2127.70045 275.27098 -2094.02965     (-1292.430,-180.693) (-191.338,-743.395) (-298.297,-75.638)      1311.34  1311.34  
70    168.26502 -1030.77222 -2814.62804 -262.89420 -1431.28403 -3364.05785     (-168.265,-431.159) (-862.507,-2646.363) (-1263.019,-3195.793)     -3062.77527 1561.26922 -716.96913 -2152.73015 292.96022 -2102.04506     (-1050.040,-120.485) (-28.251,-661.261) (-435.879,-183.040)      1431.18  1431.18  
71    143.83085 -1000.83005 -2819.30305 -287.92390 -1413.59479 -3372.07326     (-143.831,-431.755) (-856.999,-2675.472) (-1269.764,-3228.242)     -3087.20944 1591.21139 -721.64414 -2177.75986 310.64946 -2110.06047     (-230.165,-74.559) (-364.067,-639.402) (-60.277,-598.256)      1767.99  1792.94     glitch
72    119.39667 -970.88788 -2823.97806 -312.95360 -1395.90555 -3380.08867     (-119.397,-432.350) (-851.491,-2704.581) (-1276.509,-3260.692)     -3111.64362 1621.15356 -726.31915 -2202.78956 328.33870 -2118.07588     (-84.753,-267.338) (-367.261,-466.544) (-30.583,-30.515)      2105.07  2128.97  
73     94.96250 -940.94571 -2828.65307 -337.98330 -1378.21631 -3388.10408                            -3136.07779 1651.09573 -730.99416 -2227.81926 346.02793 -2126.09129     invalid  
74     70.52832 -911.00354 -2833.32808 -363.01301 -1360.52707 -3396.11949                            -3160.51197 1681.03790 -735.66917 -2252.84896 363.71717 -2134.10670     invalid  
75     46.09415 -881.06137 -2838.00309 -388.04271 -1342.83784 -3404.13490                            -3184.94615 1710.98007 -740.34418 -2277.87866 381.40641 -2142.12211     invalid  
76     21.65997 -851.11920 -2842.67810 -413.07241 -1325.14860 -3412.15031                            -3209.38032 1740.92224 -745.01919 -2302.90837 399.09565 -2150.13752     invalid  
77     -2.77420 -821.17703 -2847.35311 -438.10211 -1307.45936 -3420.16572                            -3233.81450 1770.86441 -749.69420 -2327.93807 416.78489 -2158.15293     invalid  
78    -27.20838 -791.23486 -2852.02812 -463.13181 -1289.77012 -3428.18113                            -3258.24867 1800.80658 -754.36921 -2352.96777 434.47412 -2166.16834     invalid  
79    -51.64255 -761.29269 -2856.70313 -488.16152 -1272.08088 -3436.19654                            -3282.68285 1830.74875 -759.04422 -2377.99747 452.16336 -2174.18375     invalid  
80    -76.07673 -731.35052 -2861.37814 -513.19122 -1254.39165 -3444.21195                            -3307.11702 1860.69092 -763.71923 -2403.02718 469.85260 -2182.19916     invalid  
81    -100.51090 -701.40834 -2866.05315 -538.22092 -1236.70241 -3452.22736                            -3331.55120 1890.63309 -768.39424 -2428.05688 487.54184 -2190.21457     invalid  
82    -124.94508 -671.46617 -2870.72816 -563.25062 -1219.01317 -3460.24277                            -3355.98537 1920.57527 -773.06925 -2453.08658 505.23108 -2198.22998     invalid  
83    -149.37925 -641.52400 -2875.40317 -588.28033 -1201.32393 -3468.25818                            -3380.41955 1950.51744 -777.74426 -2478.11628 522.92032 -2206.24539     invalid  
84    -173.81343 -611.58183 -2880.07818 -613.31003 -1183.63469 -3476.27359                            -3404.85372 1980.45961 -782.41927 -2503.14599 540.60955 -2214.26080     invalid  
85    -198.24760 -581.63966 -2884.75319 -638.33973 -1165.94546 -3484.28900                            -3429.28790 2010.40178 -787.09428 -2528.17569 558.29879 -2222.27621     invalid  
86    -222.68178 -551.69749 -2889.42820 -663.36943 -1148.25622 -3492.30440                            -3453.72207 2040.34395 -791.76929 -2553.20539 575.98803 -2230.29162     invalid  
87    -247.11595 -521.75532 -2894.10321 -688.39914 -1130.56698 -3500.31981                            -3478.15625 2070.28612 -796.44430 -2578.23509 593.67727 -2238.30703     invalid  
88    -271.55013 -491.81315 -2898.77822 -713.42884 -1112.87774 -3508.33522                            -3502.59042 2100.22829 -801.11932 -2603.26479 611.36651 -2246.32244     invalid  
89    -295.98430 -461.87098 -2903.45324 -738.45854 -1095.18850 -3516.35063                            -3527.02460 2130.17046 -805.79433 -2628.29450 629.05574 -2254.33785     invalid  
90    -320.41848 -431.92881 -2908.12825 -763.48824 -1077.49927 -3524.36604                            -3551.45877 2160.11263 -810.46934 -2653.32420 646.74498 -2262.35326     invalid  
91    -344.85265 -401.98664 -2912.80326 -788.51794 -1059.81003 -3532.38145                            -3575.89295 2190.05480 -815.14435 -2678.35390 664.43422 -2270.36867     invalid  
92    -369.28683 -372.04447 -2917.47827 -813.54765 -1042.12079 -3540.39686                            -3600.32712 2219.99697 -819.81936 -2703.38360 682.12346 -2278.38408     invalid  
93    -393.72100 -342.10229 -2922.15328 -838.57735 -1024.43155 -3548.41227                            -3624.76130 2249.93914 -824.49437 -2728.41331 699.81270 -2286.39949     invalid  
94    -418.15518 -312.16012 -2926.82829 -863.60705 -1006.74231 -3556.42768                            -3649.19547 2279.88132 -829.16938 -2753.44301 717.50193 -2294.41490     invalid  
95    -442.58936 -282.21795 -2931.50330 -888.63675 -989.05308 -3564.44309                            -3673.62965 2309.82349 -833.84439 -2778.47271 735.19117 -2302.43031     invalid  
96    -467.02353 -252.27578 -2936.17831 -913.66646 -971.36384 -3572.45850                            -3698.06382 2339.76566 -838.51940 -2803.50241 752.88041 -2310.44571     invalid  
97    -491.45771 -222.33361 -2940.85332 -938.69616 -953.67460 -3580.47391                            -3722.49800 2369.70783 -843.19441 -2828.53212 770.56965 -2318.46112     invalid  
98    -515.89188 -192.39144 -2945.52833 -963.72586 -935.98536 -3588.48932                            -3746.93217 2399.65000 -847.86942 -2853.56182 788.25889 -2326.47653     invalid  
99    -540.32606 -162.44927 -2950.20334 -988.75556 -918.29612 -3596.50473                            -3771.36635 2429.59217 -852.54443 -2878.59152 805.94812 -2334.49194     invalid  
