PointDistanceFollower   Jun 17 2018   mode =  LINE3 
LINE3_RAND_20%_.75_0.txt      Output is S6 probe cell, C3 reduced cell,  S6Dist CS6Dist  distance between 
Compute times (msec)     S6Dist   46   CS6Dist  1
PointDistanceFollower  Jun 17 2018  mode = LINE3
LINE3_RAND_20%_.75_0.txt     Output is S6 probe cell, C3 reduced cell, S6Dist CS6Dist distance between
0    -832.07236 311.90542 -636.06680 -1979.86782 -404.26803 -1672.45978     (-1360.554,-1667.962) (-311.905,-716.173) (-324.161,-520.167)     -2945.84582 -3414.40994 1803.52576 -2521.25933 -760.16014 366.87280     (-760.160,-567.519) (-1761.099,-1043.366) (-98.954,-393.287)      493.328  493.328  
1    -823.65661 321.55412 -637.57439 -1975.19823 -419.31458 -1662.15336     (-1340.599,-1653.644) (-321.554,-740.869) (-316.020,-502.102)     -2937.43007 -3404.76124 1802.01818 -2516.58974 -775.20669 377.17922     (-775.207,-575.932) (-1741.383,-1026.811) (-108.600,-398.027)      501.352  501.352  
2    -815.24086 331.20281 -639.08197 -1970.52864 -434.36114 -1651.84695     (-1320.644,-1639.326) (-331.203,-765.564) (-307.879,-484.038)     -2929.01432 -3395.11255 1800.51060 -2511.92015 -790.25325 387.48563     (-790.253,-584.345) (-1721.667,-1010.257) (-118.246,-402.768)      511.358  511.358  
3    -806.82511 340.85150 -640.58955 -1965.85905 -449.40769 -1641.54054     (-1300.689,-1625.008) (-340.852,-790.259) (-299.738,-465.974)     -2920.59857 -3385.46386 1799.00302 -2507.25056 -805.29980 397.79204     (-805.300,-592.758) (-1701.951,-993.703) (-127.892,-407.508)      523.23  523.23  
4    -798.40936 350.50019 -642.09713 -1961.18946 -464.45425 -1631.23413     (-1280.734,-1610.689) (-350.500,-814.954) (-291.597,-447.909)     -2912.18282 -3375.81517 1797.49543 -2502.58097 -820.34636 408.09845     (-820.346,-601.171) (-1682.235,-977.149) (-137.538,-412.248)      536.847  536.847  
5    -789.99361 360.14889 -643.60471 -1956.51987 -479.50080 -1620.92772     (-1260.779,-1596.371) (-360.149,-839.650) (-283.456,-429.845)     -2903.76707 -3366.16647 1795.98785 -2497.91138 -835.39291 418.40486     (-835.393,-609.584) (-1662.518,-960.595) (-147.184,-416.988)      552.078  552.078  
6    -781.57787 369.79758 -645.11230 -1951.85028 -494.54736 -1610.62130     (-1240.824,-1582.053) (-369.798,-864.345) (-275.315,-411.780)     -2895.35132 -3356.51778 1794.48027 -2493.24179 -850.43947 428.71128     (-850.439,-617.997) (-1642.802,-944.041) (-156.830,-421.728)      568.793  568.793  
7    -773.16212 379.44627 -646.61988 -1947.18069 -509.59392 -1600.31489     (-1220.869,-1567.734) (-379.446,-889.040) (-267.174,-393.716)     -2886.93557 -3346.86909 1792.97269 -2488.57220 -865.48602 439.01769     (-865.486,-626.410) (-1623.086,-927.487) (-166.476,-426.468)      586.867  586.867  
8    -764.74637 389.09497 -648.12746 -1942.51110 -524.64047 -1590.00848     (-1200.914,-1553.416) (-389.095,-913.735) (-259.032,-375.651)     -2878.51982 -3337.22039 1791.46511 -2483.90261 -880.53258 449.32410     (-880.533,-634.823) (-1603.370,-910.933) (-176.122,-431.208)      606.177  606.177  
9    -756.33062 398.74366 -649.63504 -1937.84151 -539.68703 -1579.70207     (-1180.958,-1539.098) (-398.744,-938.431) (-250.891,-357.587)     -2870.10407 -3327.57170 1789.95752 -2479.23302 -895.57913 459.63051     (-895.579,-643.236) (-1583.654,-894.378) (-185.768,-435.949)      626.61  626.61  
10    -747.91487 408.39235 -651.14262 -1933.17192 -554.73358 -1569.39566     (-1161.003,-1524.780) (-408.392,-963.126) (-242.750,-339.523)     -2861.68832 -3317.92301 1788.44994 -2474.56343 -910.62569 469.93692     (-910.626,-651.649) (-1563.938,-877.824) (-195.414,-440.689)      648.058  648.058  
11    -739.49912 418.04104 -652.65021 -1928.50233 -569.78014 -1559.08924     (-1141.048,-1510.461) (-418.041,-987.821) (-234.609,-321.458)     -2853.27257 -3308.27432 1786.94236 -2469.89384 -925.67224 480.24334     (-925.672,-660.062) (-1544.222,-861.270) (-205.060,-445.429)      670.425  670.425  
12    -731.08337 427.68974 -654.15779 -1923.83274 -584.82669 -1548.78283     (-1121.093,-1496.143) (-427.690,-1012.516) (-226.468,-303.394)     -2844.85683 -3298.62562 1785.43478 -2465.22425 -940.71880 490.54975     (-940.719,-668.475) (-1524.505,-844.716) (-214.706,-450.169)      693.622  693.622  
13    -722.66762 437.33843 -655.66537 -1919.16315 -599.87325 -1538.47642     (-1101.138,-1481.825) (-437.338,-1037.212) (-218.327,-285.329)     -2836.44108 -3288.97693 1783.92719 -2460.55466 -955.76535 500.85616     (-955.765,-676.888) (-1504.789,-828.162) (-224.352,-454.909)      717.568  717.568  
14    -714.25187 446.98712 -657.17295 -1914.49356 -614.91980 -1528.17001     (-1081.183,-1467.506) (-446.987,-1061.907) (-210.186,-267.265)     -2828.02533 -3279.32824 1782.41961 -2455.88507 -970.81191 511.16257     (-970.812,-685.301) (-1485.073,-811.608) (-233.998,-459.649)      742.191  742.191  
15    -705.83612 456.63581 -658.68053 -1909.82397 -629.96636 -1517.86360     (-1061.228,-1453.188) (-456.636,-1086.602) (-202.045,-249.200)     -2819.60958 -3269.67955 1780.91203 -2451.21548 -985.85846 521.46898     (-985.858,-693.714) (-1465.357,-795.054) (-243.644,-464.389)      767.426  767.426  
16    -697.42037 466.28451 -660.18812 -1905.15438 -645.01291 -1507.55718     (-1041.273,-1438.870) (-466.285,-1111.297) (-193.904,-231.136)     -2811.19383 -3260.03085 1779.40445 -2446.54589 -1000.90502 531.77540     (-1000.905,-702.127) (-1445.641,-778.499) (-253.290,-469.130)      793.213  793.213  
17    -689.00462 475.93320 -661.69570 -1900.48479 -660.05947 -1497.25077     (-1021.318,-1424.552) (-475.933,-1135.993) (-185.762,-213.071)     -2802.77808 -3250.38216 1777.89687 -2441.87630 -1015.95157 542.08181     (-1015.952,-710.540) (-1425.925,-761.945) (-262.936,-473.870)      819.502  819.502  
18    -680.58887 485.58189 -663.20328 -1895.81520 -675.10602 -1486.94436     (-1001.362,-1410.233) (-485.582,-1160.688) (-177.621,-195.007)     -2794.36233 -3240.73347 1776.38928 -2437.20671 -1030.99813 552.38822     (-1030.998,-718.953) (-1406.209,-745.391) (-272.582,-478.610)      837.552  846.245  
19    -672.17313 495.23058 -664.71086 -1891.14561 -690.15258 -1476.63795     (-981.407,-1395.915) (-495.231,-1185.383) (-169.480,-176.943)     -2785.94658 -3231.08478 1774.88170 -2432.53712 -1046.04468 562.69463     (-1046.045,-727.366) (-1386.492,-728.837) (-282.228,-483.350)      848.512  873.401  
20    -663.75738 504.87928 -666.21845 -1886.47602 -705.19913 -1466.33154     (-961.452,-1381.597) (-504.879,-1210.078) (-161.339,-158.878)     -2777.53083 -3221.43608 1773.37412 -2427.86753 -1061.09124 573.00104     (-1061.091,-735.779) (-1366.776,-712.283) (-291.874,-488.090)      860.583  900.931  
21    -655.34163 514.52797 -667.72603 -1881.80643 -720.24569 -1456.02512     (-941.497,-1367.278) (-514.528,-1234.774) (-153.198,-140.814)     -2769.11508 -3211.78739 1771.86654 -2423.19794 -1076.13779 583.30746     (-1076.138,-744.192) (-1347.060,-695.729) (-301.520,-492.830)      873.719  928.804  
22    -646.92588 524.17666 -669.23361 -1877.13684 -735.29224 -1445.71871     (-921.542,-1352.960) (-524.177,-1259.469) (-145.057,-122.749)     -2760.69933 -3202.13870 1770.35896 -2418.52835 -1091.18435 593.61387     (-1091.184,-752.605) (-1327.344,-679.175) (-311.166,-497.570)      887.872  956.989  
23    -638.51013 533.82536 -670.74119 -1872.46725 -750.33880 -1435.41230     (-901.587,-1338.642) (-533.825,-1284.164) (-136.916,-104.685)     -2752.28358 -3192.49001 1768.85137 -2413.85876 -1106.23091 603.92028     (-1106.231,-761.018) (-1307.628,-662.620) (-320.812,-502.311)      902.995  985.459  
24    -630.09438 543.47405 -672.24877 -1867.79766 -765.38535 -1425.10589     (-881.632,-1324.324) (-543.474,-1308.859) (-128.775,-86.620)     -2743.86784 -3182.84131 1767.34379 -2409.18917 -1121.27746 614.22669     (-1121.277,-769.431) (-1287.912,-646.066) (-330.458,-507.051)      919.04  1014.19  
25    -621.67863 553.12274 -673.75636 -1863.12807 -780.43191 -1414.79948     (-861.677,-1310.005) (-553.123,-1333.555) (-120.634,-68.556)     -2735.45209 -3173.19262 1765.83621 -2404.51958 -1136.32402 624.53310     (-1136.324,-777.844) (-1268.196,-629.512) (-340.104,-511.791)      914.967  1013.96  
26    -613.26288 562.77143 -675.26394 -1858.45847 -795.47846 -1404.49306     (-841.722,-1295.687) (-562.771,-1358.250) (-112.493,-50.491)     -2727.03634 -3163.54393 1764.32863 -2399.84999 -1151.37057 634.83952     (-1151.371,-786.257) (-1248.479,-612.958) (-349.750,-516.531)      910.572  985.563  
27    -604.84713 572.42013 -676.77152 -1853.78888 -810.52502 -1394.18665     (-821.767,-1281.369) (-572.420,-1382.945) (-104.351,-32.427)     -2718.62059 -3153.89523 1762.82105 -2395.18040 -1166.41713 645.14593     (-1166.417,-794.670) (-1228.763,-596.404) (-359.396,-521.271)      907.342  957.446  
28    -596.43138 582.06882 -678.27910 -1849.11929 -825.57157 -1383.88024     (-801.811,-1267.050) (-582.069,-1407.640) (-96.210,-14.363)     -2710.20484 -3144.24654 1761.31346 -2390.51081 -1181.46368 655.45234     (-1181.464,-803.083) (-1209.047,-579.850) (-369.042,-526.011)      905.289  929.635  
29    -588.01563 591.71751 -679.78668 -1844.44970 -840.61813 -1373.57383     (-588.016,-1249.030) (-778.154,-1428.634) (-91.771,-3.702)     -2701.78909 -3134.59785 1759.80588 -2385.84121 -1196.51024 665.75875     (-1196.510,-811.496) (-1189.331,-563.296) (-378.688,-530.751)      902.16  902.16  
30    -579.59988 601.36620 -681.29427 -1839.78011 -855.66468 -1363.26742     (-579.600,-1216.648) (-740.135,-1435.265) (-101.694,-21.766)     -2693.37334 -3124.94916 1758.29830 -2381.17162 -1211.55679 676.06516     (-1211.557,-819.909) (-1169.615,-546.742) (-388.334,-535.492)      875.05  875.05  
31    -571.18414 611.01490 -682.80185 -1835.11052 -870.71124 -1352.96100     (-571.184,-1184.265) (-702.115,-1441.895) (-111.618,-39.831)     -2684.95759 -3115.30046 1756.79072 -2376.50203 -1226.60335 686.37158     (-1226.603,-828.322) (-1149.899,-530.187) (-397.980,-540.232)      848.342  848.342  
32    -562.76839 620.66359 -684.30943 -1830.44093 -885.75779 -1342.65459     (-562.768,-1151.882) (-664.096,-1448.526) (-121.541,-57.895)     -2676.54184 -3105.65177 1755.28314 -2371.83244 -1241.64990 696.67799     (-1241.650,-836.735) (-1130.183,-513.633) (-407.625,-544.972)      822.075  822.075  
33    -554.35264 630.31228 -685.81701 -1825.77134 -900.80435 -1332.34818     (-554.353,-1119.499) (-626.076,-1455.157) (-131.464,-75.960)     -2668.12609 -3096.00308 1753.77555 -2367.16285 -1256.69646 706.98440     (-1256.696,-845.148) (-1110.466,-497.079) (-417.271,-549.712)      796.292  796.292  
34    -545.93689 639.96097 -687.32459 -1821.10175 -915.85090 -1322.04177     (-545.937,-1087.117) (-588.057,-1461.788) (-141.388,-94.024)     -2659.71034 -3086.35439 1752.26797 -2362.49326 -1271.74301 717.29081     (-1271.743,-853.561) (-1090.750,-480.525) (-426.917,-554.452)      771.042  771.042  
35    -537.52114 649.60967 -688.83218 -1816.43216 -930.89746 -1311.73536     (-537.521,-1054.734) (-550.037,-1468.419) (-151.311,-112.089)     -2651.29459 -3076.70569 1750.76039 -2357.82367 -1286.78957 727.59722     (-1286.790,-861.974) (-1071.034,-463.971) (-436.563,-559.192)      746.379  746.379  
36    -529.10539 659.25836 -690.33976 -1811.76257 -945.94401 -1301.42894     (-529.105,-1022.351) (-512.018,-1475.049) (-161.234,-130.153)     -2642.87884 -3067.05700 1749.25281 -2353.15408 -1301.83612 737.90364     (-1301.836,-870.388) (-1051.318,-447.417) (-446.209,-563.932)      722.363  722.363  
37    -520.68964 668.90705 -691.84734 -1807.09298 -960.99057 -1291.12253     (-520.690,-989.969) (-473.998,-1481.680) (-171.158,-148.217)     -2634.46310 -3057.40831 1747.74522 -2348.48449 -1316.88268 748.21005     (-1316.883,-878.801) (-1031.602,-430.863) (-455.855,-568.673)      699.061  699.061  
38    -512.27389 678.55575 -693.35492 -1802.42339 -976.03712 -1280.81612     (-512.274,-957.586) (-435.979,-1488.311) (-181.081,-166.282)     -2626.04735 -3047.75962 1746.23764 -2343.81490 -1331.92923 758.51646     (-1331.929,-887.214) (-1011.886,-414.308) (-465.501,-573.413)      676.546  676.546  
39    -503.85814 688.20444 -694.86250 -1797.75380 -991.08368 -1270.50971     (-503.858,-925.203) (-397.959,-1494.942) (-191.004,-184.346)     -2617.63160 -3038.11092 1744.73006 -2339.14531 -1346.97579 768.82287     (-1346.976,-895.627) (-992.170,-397.754) (-475.147,-578.153)      654.899  654.899  
40    -495.44239 697.85313 -696.37009 -1793.08421 -1006.13023 -1260.20330     (-495.442,-892.820) (-359.939,-1501.573) (-200.928,-202.411)     -2609.21585 -3028.46223 1743.22248 -2334.47572 -1362.02234 779.12928     (-1362.022,-904.040) (-972.453,-381.200) (-484.793,-582.893)      634.211  634.211  
41    -487.02664 707.50182 -697.87767 -1788.41462 -1021.17679 -1249.89688     (-487.027,-860.438) (-321.920,-1508.203) (-210.851,-220.475)     -2600.80010 -3018.81354 1741.71490 -2329.80613 -1377.06890 789.43570     (-1377.069,-912.453) (-952.737,-364.646) (-494.439,-587.633)      614.577  614.577  
42    -478.61089 717.15052 -699.38525 -1783.74503 -1036.22334 -1239.59047     (-478.611,-828.055) (-283.900,-1514.834) (-220.774,-238.540)     -2592.38435 -3009.16484 1740.20731 -2325.13654 -1392.11545 799.74211     (-1392.115,-920.866) (-933.021,-348.092) (-504.085,-592.373)      596.101  596.101  
43    -470.19514 726.79921 -700.89283 -1779.07544 -1051.26990 -1229.28406     (-470.195,-795.672) (-245.881,-1521.465) (-230.698,-256.604)     -2583.96860 -2999.51615 1738.69973 -2320.46695 -1407.16201 810.04852     (-1407.162,-929.279) (-913.305,-331.538) (-513.731,-597.113)      578.895  578.895  
44    -461.77940 736.44790 -702.40042 -1774.40585 -1066.31645 -1218.97765     (-461.779,-763.289) (-207.861,-1528.096) (-240.621,-274.669)     -2575.55285 -2989.86746 1737.19215 -2315.79736 -1422.20856 820.35493     (-1422.209,-937.692) (-893.589,-314.984) (-523.377,-601.854)      563.075  563.075  
45    -453.36365 746.09659 -703.90800 -1769.73626 -1081.36301 -1208.67124     (-453.364,-730.907) (-169.842,-1534.727) (-250.544,-292.733)     -2567.13710 -2980.21877 1735.68457 -2311.12777 -1437.25512 830.66134     (-1437.255,-946.105) (-873.873,-298.429) (-533.023,-606.594)      548.76  548.76  
46    -444.94790 755.74529 -705.41558 -1765.06667 -1096.40956 -1198.36482     (-444.948,-698.524) (-131.822,-1541.357) (-260.468,-310.797)     -2558.72135 -2970.57007 1734.17699 -2306.45818 -1452.30167 840.96776     (-1452.302,-954.518) (-854.157,-281.875) (-542.669,-611.334)      536.072  536.072  
47    -436.53215 765.39398 -706.92316 -1760.39708 -1111.45612 -1188.05841     (-436.532,-666.141) (-93.803,-1547.988) (-270.391,-328.862)     -2550.30560 -2960.92138 1732.66940 -2301.78859 -1467.34823 851.27417     (-1467.348,-962.931) (-834.440,-265.321) (-552.315,-616.074)      525.129  525.129  
48    -428.11640 775.04267 -708.43074 -1755.72749 -1126.50267 -1177.75200     (-428.116,-633.759) (-55.783,-1554.619) (-280.314,-346.926)     -2541.88985 -2951.27269 1731.16182 -2297.11900 -1482.39478 861.58058     (-1482.395,-971.344) (-814.724,-248.767) (-561.961,-620.814)      516.04  516.04  
49    -419.70065 784.69136 -709.93833 -1751.05790 -1141.54923 -1167.44559     (-419.701,-601.376) (-17.764,-1561.250) (-290.238,-364.991)     -2533.47411 -2941.62400 1729.65424 -2292.44941 -1497.44134 871.88699     (-1497.441,-979.757) (-795.008,-232.213) (-571.607,-625.554)      508.906  508.906  
50    -411.28490 794.34006 -711.44591 -1746.38831 -1156.59578 -1157.13918     (-362.799,-548.737) (-20.256,-1588.137) (-279.905,-391.029)     -2525.05836 -2931.97530 1728.14666 -2287.77982 -1512.48789 882.19340     (-1512.488,-988.170) (-775.292,-215.659) (-581.253,-630.294)      503.811  503.811  
51    -402.86915 803.98875 -712.95349 -1741.71872 -1171.64234 -1146.83276     (-342.844,-478.335) (-58.276,-1632.787) (-251.809,-344.594)     -2516.64261 -2922.32661 1726.63908 -2283.11023 -1527.53445 892.49982     (-1527.534,-996.583) (-755.576,-199.105) (-590.899,-635.035)      500.815  500.815  
52    -394.45340 813.63744 -714.46107 -1737.04913 -1186.68889 -1136.52635     (-322.889,-407.933) (-96.295,-1677.437) (-223.713,-298.158)     -2508.22686 -2912.67792 1725.13149 -2278.44064 -1542.58100 902.80623     (-1542.581,-1004.996) (-735.860,-182.550) (-600.545,-639.775)      499.956  499.956  
53    -386.03765 823.28614 -715.96865 -1732.37954 -1201.73545 -1126.21994     (-302.934,-337.530) (-134.315,-1722.088) (-195.616,-251.723)     -2499.81111 -2903.02923 1723.62391 -2273.77105 -1557.62756 913.11264     (-1557.628,-1013.409) (-716.143,-165.996) (-610.191,-644.515)      501.247  501.247  
54    -377.62190 832.93483 -717.47624 -1727.70995 -1216.78201 -1115.91353     (-282.979,-267.128) (-172.334,-1766.738) (-167.520,-205.288)     -2491.39536 -2893.38053 1722.11633 -2269.10146 -1572.67411 923.41905     (-1572.674,-1021.822) (-696.427,-149.442) (-619.837,-649.255)      504.67  504.67  
55    -369.20615 842.58352 -718.98382 -1723.04036 -1231.82856 -1105.60712     (-263.024,-196.726) (-210.354,-1811.388) (-139.424,-158.852)     -2482.97961 -2883.73184 1720.60875 -2264.43187 -1587.72067 933.72546     (-1587.721,-1030.235) (-676.711,-132.888) (-629.483,-653.995)      510.182  510.182  
56    -360.79041 852.23221 -720.49140 -1718.37077 -1246.87512 -1095.30070     (-243.068,-126.323) (-248.373,-1856.039) (-111.328,-112.417)     -2474.56386 -2874.08315 1719.10117 -2259.76228 -1602.76722 944.03188     (-1602.767,-1038.648) (-656.995,-116.334) (-639.129,-658.735)      517.716  517.716  
57    -352.37466 861.88091 -721.99898 -1713.70118 -1261.92167 -1084.99429     (-223.113,-55.921) (-286.393,-1900.689) (-83.231,-65.982)     -2466.14811 -2864.43445 1717.59358 -2255.09269 -1617.81378 954.33829     (-1617.814,-1047.061) (-637.279,-99.780) (-648.775,-663.475)      527.187  527.187  
58    -343.95891 871.52960 -723.50656 -1709.03159 -1276.96823 -1074.68788     (-217.639,-14.481) (-40.654,-1930.858) (-309.931,-5.065)     -2457.73236 -2854.78576 1716.08600 -2250.42310 -1632.86033 964.64470     (-1632.860,-1055.474) (-617.563,-83.226) (-658.421,-668.216)      533.118  533.118  
59    -335.54316 881.17829 -725.01415 -1704.36200 -1292.01478 -1064.38147     (-27.324,-142.728) (-57.844,-1597.113) (-104.016,-13.302)     -2449.31661 -2845.13707 1714.57842 -2245.75351 -1647.90689 974.95111     (-1647.907,-1063.887) (-597.847,-66.672) (-668.067,-672.956)      538.022  538.022  
60    -327.12741 890.82698 -726.52173 -1699.69241 -1307.06134 -1054.07506                            -2440.90086 -2835.48838 1713.07084 -2241.08392 -1662.95344 985.25752     invalid  
61    -318.71166 900.47568 -728.02931 -1695.02282 -1322.10789 -1043.76864                            -2432.48512 -2825.83968 1711.56326 -2236.41433 -1678.00000 995.56394     invalid  
62    -310.29591 910.12437 -729.53689 -1690.35323 -1337.15445 -1033.46223                            -2424.06937 -2816.19099 1710.05567 -2231.74474 -1693.04655 1005.87035     invalid  
63    -301.88016 919.77306 -731.04447 -1685.68363 -1352.20100 -1023.15582                            -2415.65362 -2806.54230 1708.54809 -2227.07515 -1708.09311 1016.17676     invalid  
64    -293.46441 929.42175 -732.55206 -1681.01404 -1367.24756 -1012.84941                            -2407.23787 -2796.89361 1707.04051 -2222.40556 -1723.13966 1026.48317     invalid  
65    -285.04866 939.07045 -734.05964 -1676.34445 -1382.29411 -1002.54300                            -2398.82212 -2787.24491 1705.53293 -2217.73597 -1738.18622 1036.78958     invalid  
66    -276.63291 948.71914 -735.56722 -1671.67486 -1397.34067 -992.23658                            -2390.40637 -2777.59622 1704.02534 -2213.06637 -1753.23277 1047.09600     invalid  
67    -268.21716 958.36783 -737.07480 -1667.00527 -1412.38722 -981.93017                            -2381.99062 -2767.94753 1702.51776 -2208.39678 -1768.27933 1057.40241     invalid  
68    -259.80141 968.01652 -738.58238 -1662.33568 -1427.43378 -971.62376                            -2373.57487 -2758.29884 1701.01018 -2203.72719 -1783.32589 1067.70882     invalid  
69    -251.38567 977.66522 -740.08997 -1657.66609 -1442.48033 -961.31735                            -2365.15912 -2748.65014 1699.50260 -2199.05760 -1798.37244 1078.01523     invalid  
70    -242.96992 987.31391 -741.59755 -1652.99650 -1457.52689 -951.01094                            -2356.74337 -2739.00145 1697.99502 -2194.38801 -1813.41900 1088.32164     invalid  
71    -234.55417 996.96260 -743.10513 -1648.32691 -1472.57344 -940.70452                            -2348.32762 -2729.35276 1696.48743 -2189.71842 -1828.46555 1098.62806     invalid  
72    -226.13842 1006.61130 -744.61271 -1643.65732 -1487.62000 -930.39811                            -2339.91187 -2719.70406 1694.97985 -2185.04883 -1843.51211 1108.93447     invalid  
73    -217.72267 1016.25999 -746.12030 -1638.98773 -1502.66655 -920.09170                            -2331.49612 -2710.05537 1693.47227 -2180.37924 -1858.55866 1119.24088     invalid  
74    -209.30692 1025.90868 -747.62788 -1634.31814 -1517.71311 -909.78529                            -2323.08038 -2700.40668 1691.96469 -2175.70965 -1873.60522 1129.54729     invalid  
75    -200.89117 1035.55737 -749.13546 -1629.64855 -1532.75966 -899.47888                            -2314.66463 -2690.75799 1690.45711 -2171.04006 -1888.65177 1139.85370     invalid  
76    -192.47542 1045.20607 -750.64304 -1624.97896 -1547.80622 -889.17246                            -2306.24888 -2681.10929 1688.94952 -2166.37047 -1903.69833 1150.16012     invalid  
77    -184.05967 1054.85476 -752.15062 -1620.30937 -1562.85277 -878.86605                            -2297.83313 -2671.46060 1687.44194 -2161.70088 -1918.74488 1160.46653     invalid  
78    -175.64392 1064.50345 -753.65821 -1615.63978 -1577.89933 -868.55964                            -2289.41738 -2661.81191 1685.93436 -2157.03129 -1933.79144 1170.77294     invalid  
79    -167.22817 1074.15214 -755.16579 -1610.97019 -1592.94588 -858.25323                            -2281.00163 -2652.16322 1684.42678 -2152.36170 -1948.83799 1181.07935     invalid  
80    -158.81242 1083.80084 -756.67337 -1606.30060 -1607.99244 -847.94682                            -2272.58588 -2642.51452 1682.91920 -2147.69211 -1963.88455 1191.38577     invalid  
81    -150.39668 1093.44953 -758.18095 -1601.63101 -1623.03899 -837.64040                            -2264.17013 -2632.86583 1681.41161 -2143.02252 -1978.93110 1201.69218     invalid  
82    -141.98093 1103.09822 -759.68853 -1596.96142 -1638.08555 -827.33399                            -2255.75438 -2623.21714 1679.90403 -2138.35293 -1993.97766 1211.99859     invalid  
83    -133.56518 1112.74691 -761.19612 -1592.29183 -1653.13210 -817.02758                            -2247.33863 -2613.56845 1678.39645 -2133.68334 -2009.02421 1222.30500     invalid  
84    -125.14943 1122.39561 -762.70370 -1587.62224 -1668.17866 -806.72117                            -2238.92288 -2603.91975 1676.88887 -2129.01375 -2024.07077 1232.61141     invalid  
85    -116.73368 1132.04430 -764.21128 -1582.95265 -1683.22521 -796.41476                            -2230.50713 -2594.27106 1675.38129 -2124.34416 -2039.11732 1242.91783     invalid  
86    -108.31793 1141.69299 -765.71886 -1578.28306 -1698.27177 -786.10834                            -2222.09139 -2584.62237 1673.87370 -2119.67457 -2054.16388 1253.22424     invalid  
87    -99.90218 1151.34169 -767.22644 -1573.61347 -1713.31832 -775.80193                            -2213.67564 -2574.97367 1672.36612 -2115.00498 -2069.21043 1263.53065     invalid  
88    -91.48643 1160.99038 -768.73403 -1568.94388 -1728.36488 -765.49552                            -2205.25989 -2565.32498 1670.85854 -2110.33539 -2084.25699 1273.83706     invalid  
89    -83.07068 1170.63907 -770.24161 -1564.27429 -1743.41143 -755.18911                            -2196.84414 -2555.67629 1669.35096 -2105.66580 -2099.30354 1284.14347     invalid  
90    -74.65493 1180.28776 -771.74919 -1559.60470 -1758.45799 -744.88269                            -2188.42839 -2546.02760 1667.84337 -2100.99621 -2114.35010 1294.44989     invalid  
91    -66.23918 1189.93646 -773.25677 -1554.93511 -1773.50454 -734.57628                            -2180.01264 -2536.37890 1666.33579 -2096.32662 -2129.39665 1304.75630     invalid  
92    -57.82343 1199.58515 -774.76435 -1550.26552 -1788.55110 -724.26987                            -2171.59689 -2526.73021 1664.82821 -2091.65703 -2144.44321 1315.06271     invalid  
93    -49.40768 1209.23384 -776.27194 -1545.59593 -1803.59765 -713.96346                            -2163.18114 -2517.08152 1663.32063 -2086.98744 -2159.48976 1325.36912     invalid  
94    -40.99194 1218.88253 -777.77952 -1540.92634 -1818.64421 -703.65705                            -2154.76539 -2507.43283 1661.81305 -2082.31785 -2174.53632 1335.67553     invalid  
95    -32.57619 1228.53123 -779.28710 -1536.25675 -1833.69076 -693.35063                            -2146.34964 -2497.78413 1660.30546 -2077.64826 -2189.58287 1345.98195     invalid  
96    -24.16044 1238.17992 -780.79468 -1531.58716 -1848.73732 -683.04422                            -2137.93389 -2488.13544 1658.79788 -2072.97867 -2204.62943 1356.28836     invalid  
97    -15.74469 1247.82861 -782.30227 -1526.91757 -1863.78387 -672.73781                            -2129.51814 -2478.48675 1657.29030 -2068.30908 -2219.67598 1366.59477     invalid  
98     -7.32894 1257.47730 -783.80985 -1522.24798 -1878.83043 -662.43140                            -2121.10239 -2468.83806 1655.78272 -2063.63949 -2234.72254 1376.90118     invalid  
99      1.08681 1267.12600 -785.31743 -1517.57839 -1893.87698 -652.12499                            -2112.68665 -2459.18936 1654.27514 -2058.96990 -2249.76909 1387.20759     invalid  
