PointDistanceFollower   Jun 17 2018   mode =  LINE3 
LINE3_RAND_20%_.10_0.txt      Output is S6 probe cell, C3 reduced cell,  S6Dist CS6Dist  distance between 
Compute times (msec)     S6Dist   39   CS6Dist  1
PointDistanceFollower  Jun 17 2018  mode = LINE3
LINE3_RAND_20%_.10_0.txt     Output is S6 probe cell, C3 reduced cell, S6Dist CS6Dist distance between
0    -2346.13337 -2417.26485 1279.89542 -2859.64186 -3499.40002 1578.93417     (-838.331,-1280.708) (-767.199,-1920.466) (-299.039,-1578.934)     -2607.78695 1577.90591 -3327.80339 -2751.91084 202.65536 -1795.19211     (-217.286,-1174.005) (-1577.906,-1375.251) (-1749.897,-1029.881)      803.341  803.341  
1    -2324.43825 -2412.00612 1269.79705 -2846.19113 -3497.28733 1570.09051     (-841.916,-1276.101) (-754.348,-1927.197) (-300.293,-1570.091)     -2586.09183 1583.16463 -3337.90176 -2738.46010 204.76805 -1804.03577     (-220.871,-1155.295) (-1583.165,-1378.397) (-1754.737,-1002.927)      807.32  807.32  
2    -2302.74313 -2406.74740 1259.69867 -2832.74040 -3495.17464 1561.24685     (-845.501,-1271.494) (-741.496,-1933.928) (-301.548,-1561.247)     -2564.39671 1588.42335 -3348.00014 -2725.00937 206.88074 -1812.87943     (-224.456,-1136.586) (-1588.423,-1381.543) (-1759.577,-975.973)      812.696  812.696  
3    -2281.04801 -2401.48868 1249.60029 -2819.28967 -3493.06195 1552.40319     (-849.085,-1266.886) (-728.645,-1940.659) (-302.803,-1552.403)     -2542.70159 1593.68207 -3358.09852 -2711.55864 208.99343 -1821.72309     (-228.041,-1117.877) (-1593.682,-1384.689) (-1764.416,-949.020)      819.442  819.442  
4    -2259.35289 -2396.22995 1239.50192 -2805.83894 -3490.94926 1543.55953     (-852.670,-1262.279) (-715.793,-1947.390) (-304.058,-1543.560)     -2521.00647 1598.94080 -3368.19689 -2698.10791 211.10612 -1830.56675     (-231.626,-1099.167) (-1598.941,-1387.835) (-1769.256,-922.066)      827.524  827.524  
5    -2237.65777 -2390.97123 1229.40354 -2792.38821 -3488.83657 1534.71587     (-856.255,-1257.672) (-702.942,-1954.121) (-305.312,-1534.716)     -2499.31135 1604.19952 -3378.29527 -2684.65718 213.21881 -1839.41042     (-235.211,-1080.458) (-1604.200,-1390.981) (-1774.096,-895.112)      836.904  836.904  
6    -2215.96265 -2385.71251 1219.30517 -2778.93748 -3486.72388 1525.87220     (-859.840,-1253.065) (-690.090,-1960.852) (-306.567,-1525.872)     -2477.61623 1609.45824 -3388.39364 -2671.20645 215.33150 -1848.25408     (-238.796,-1061.748) (-1609.458,-1394.127) (-1778.935,-868.158)      847.538  847.538  
7    -2194.26752 -2380.45379 1209.20679 -2765.48675 -3484.61119 1517.02854     (-863.425,-1248.458) (-677.239,-1967.583) (-307.822,-1517.029)     -2455.92111 1614.71696 -3398.49202 -2657.75572 217.44419 -1857.09774     (-242.381,-1043.039) (-1614.717,-1397.273) (-1783.775,-841.204)      859.38  859.38  
8    -2172.57240 -2375.19506 1199.10842 -2752.03601 -3482.49850 1508.18488     (-867.010,-1243.851) (-664.388,-1974.314) (-309.076,-1508.185)     -2434.22599 1619.97569 -3408.59039 -2644.30499 219.55688 -1865.94140     (-245.966,-1024.329) (-1619.976,-1400.419) (-1788.615,-814.250)      872.38  872.38  
9    -2150.87728 -2369.93634 1189.01004 -2738.58528 -3480.38581 1499.34122     (-870.595,-1239.244) (-651.536,-1981.045) (-310.331,-1499.341)     -2412.53087 1625.23441 -3418.68877 -2630.85426 221.66957 -1874.78506     (-249.551,-1005.620) (-1625.234,-1403.565) (-1793.454,-787.296)      886.489  886.489  
10    -2129.18216 -2364.67762 1178.91167 -2725.13455 -3478.27312 1490.49756     (-874.180,-1234.637) (-638.685,-1987.776) (-311.586,-1490.498)     -2390.83575 1630.49313 -3428.78714 -2617.40353 223.78226 -1883.62872     (-253.136,-986.910) (-1630.493,-1406.711) (-1798.294,-760.343)      901.653  901.653  
11    -2107.48704 -2359.41890 1168.81329 -2711.68382 -3476.16043 1481.65390     (-877.765,-1230.030) (-625.833,-1994.507) (-312.841,-1481.654)     -2369.14062 1635.75186 -3438.88552 -2603.95280 225.89495 -1892.47238     (-256.721,-968.201) (-1635.752,-1409.857) (-1803.134,-733.389)      917.821  917.821  
12    -2085.79192 -2354.16017 1158.71492 -2698.23309 -3474.04774 1472.81024     (-881.350,-1225.423) (-612.982,-2001.238) (-314.095,-1472.810)     -2347.44550 1641.01058 -3448.98389 -2590.50207 228.00764 -1901.31604     (-260.305,-949.491) (-1641.011,-1413.003) (-1807.973,-706.435)      934.939  934.939  
13    -2064.09680 -2348.90145 1148.61654 -2684.78236 -3471.93505 1463.96658     (-884.935,-1220.816) (-600.130,-2007.968) (-315.350,-1463.967)     -2325.75038 1646.26930 -3459.08227 -2577.05134 230.12033 -1910.15971     (-263.890,-930.782) (-1646.269,-1416.149) (-1812.813,-679.481)      952.958  952.958  
14    -2042.40168 -2343.64273 1138.51817 -2671.33163 -3469.82236 1455.12291     (-888.520,-1216.209) (-587.279,-2014.699) (-316.605,-1455.123)     -2304.05526 1651.52802 -3469.18064 -2563.60061 232.23302 -1919.00337     (-267.475,-912.073) (-1651.528,-1419.295) (-1817.653,-652.527)      971.827  971.827  
15    -2020.70656 -2338.38400 1128.41979 -2657.88090 -3467.70967 1446.27925     (-892.105,-1211.602) (-574.427,-2021.430) (-317.859,-1446.279)     -2282.36014 1656.78675 -3479.27902 -2550.14988 234.34571 -1927.84703     (-271.060,-893.363) (-1656.787,-1422.441) (-1822.492,-625.573)      991.498  991.498  
16    -1999.01144 -2333.12528 1118.32142 -2644.43017 -3465.59698 1437.43559     (-895.690,-1206.995) (-561.576,-2028.161) (-319.114,-1437.436)     -2260.66502 1662.04547 -3489.37739 -2536.69914 236.45840 -1936.69069     (-274.645,-874.654) (-1662.045,-1425.587) (-1827.332,-598.620)      1011.92  1011.92  
17    -1977.31631 -2327.86656 1108.22304 -2630.97944 -3463.48429 1428.59193     (-899.275,-1202.388) (-548.724,-2034.892) (-320.369,-1428.592)     -2238.96990 1667.30419 -3499.47577 -2523.24841 238.57109 -1945.53435     (-278.230,-855.944) (-1667.304,-1428.733) (-1832.172,-571.666)      1033.06  1033.06  
18    -1955.62119 -2322.60784 1098.12466 -2617.52871 -3461.37160 1419.74827     (-902.860,-1197.780) (-535.873,-2041.623) (-321.624,-1419.748)     -2217.27478 1672.56291 -3509.57415 -2509.79768 240.68378 -1954.37801     (-281.815,-837.235) (-1672.563,-1431.879) (-1837.011,-544.712)      1054.86  1054.86  
19    -1933.92607 -2317.34911 1088.02629 -2604.07798 -3459.25891 1410.90461     (-906.445,-1193.173) (-523.021,-2048.354) (-322.878,-1410.905)     -2195.57966 1677.82164 -3519.67252 -2496.34695 242.79647 -1963.22167     (-285.400,-818.525) (-1677.822,-1435.025) (-1841.851,-517.758)      1061.76  1068.26  
20    -1912.23095 -2312.09039 1077.92791 -2590.62725 -3457.14622 1402.06095     (-910.029,-1188.566) (-510.170,-2055.085) (-324.133,-1402.061)     -2173.88454 1683.08036 -3529.77090 -2482.89622 244.90916 -1972.06533     (-288.985,-799.816) (-1683.080,-1438.171) (-1846.691,-490.804)      1039.01  1071.48  
21    -1890.53583 -2306.83167 1067.82954 -2577.17652 -3455.03353 1393.21729     (-913.614,-1183.959) (-497.319,-2061.816) (-325.388,-1393.217)     -2152.18941 1688.33908 -3539.86927 -2469.44549 247.02185 -1980.90900     (-292.570,-781.106) (-1688.339,-1441.317) (-1851.530,-463.850)      1016.88  1075.75  
22    -1868.84071 -2301.57295 1057.73116 -2563.72579 -3452.92084 1384.37363     (-917.199,-1179.352) (-484.467,-2068.547) (-326.642,-1384.374)     -2130.49429 1693.59781 -3549.96765 -2455.99476 249.13454 -1989.75266     (-296.155,-762.397) (-1693.598,-1444.463) (-1856.370,-436.896)      995.406  1081.08  
23    -1847.14559 -2296.31422 1047.63279 -2550.27505 -3450.80815 1375.52996     (-920.784,-1174.745) (-471.616,-2075.278) (-327.897,-1375.530)     -2108.79917 1698.85653 -3560.06602 -2442.54403 251.24723 -1998.59632     (-299.740,-743.688) (-1698.857,-1447.609) (-1861.209,-409.943)      974.645  1083.47  
24    -1825.45047 -2291.05550 1037.53441 -2536.82432 -3448.69546 1366.68630     (-924.369,-1170.138) (-458.764,-2082.009) (-329.152,-1366.686)     -2087.10405 1704.11525 -3570.16440 -2429.09330 253.35992 -2007.43998     (-303.325,-724.978) (-1704.115,-1450.755) (-1866.049,-382.989)      954.638  1069.01  
25    -1803.75535 -2285.79678 1027.43604 -2523.37359 -3446.58278 1357.84264     (-927.954,-1165.531) (-445.913,-2088.740) (-330.407,-1357.843)     -2065.40893 1709.37397 -3580.26277 -2415.64257 255.47261 -2016.28364     (-306.910,-706.269) (-1709.374,-1453.901) (-1870.889,-356.035)      935.433  1055.79  
26    -1782.06023 -2280.53806 1017.33766 -2509.92286 -3444.47009 1348.99898     (-931.539,-1160.924) (-433.061,-2095.471) (-331.661,-1348.999)     -2043.71381 1714.63270 -3590.36115 -2402.19184 257.58530 -2025.12730     (-310.495,-687.559) (-1714.633,-1457.047) (-1875.728,-329.081)      917.081  1043.89  
27    -1760.36511 -2275.27933 1007.23929 -2496.47213 -3442.35740 1340.15532     (-935.124,-1156.317) (-420.210,-2102.202) (-332.916,-1340.155)     -2022.01869 1719.89142 -3600.45952 -2388.74111 259.69799 -2033.97096     (-314.080,-668.850) (-1719.891,-1460.193) (-1880.568,-302.127)      899.634  1033.36  
28    -1738.66998 -2270.02061 997.14091 -2483.02140 -3440.24471 1331.31166     (-938.709,-1151.710) (-407.358,-2108.933) (-334.171,-1331.312)     -2000.32357 1725.15014 -3610.55790 -2375.29038 261.81068 -2042.81462     (-317.664,-650.140) (-1725.150,-1463.339) (-1885.408,-275.173)      883.145  1009.78  
29    -1716.97486 -2264.76189 987.04254 -2469.57067 -3438.13202 1322.46800     (-942.294,-1147.103) (-394.507,-2115.664) (-335.425,-1322.468)     -1978.62845 1730.40886 -3620.65627 -2361.83965 263.92337 -2051.65828     (-321.249,-631.431) (-1730.409,-1466.485) (-1890.247,-248.220)      867.669  984.956  
30    -1695.27974 -2259.50316 976.94416 -2456.11994 -3436.01933 1313.62434     (-945.879,-1142.496) (-381.655,-2122.395) (-336.680,-1313.624)     -1956.93333 1735.66759 -3630.75465 -2348.38892 266.03606 -2060.50195     (-324.834,-612.721) (-1735.668,-1469.632) (-1895.087,-221.266)      853.261  960.699  
31    -1673.58462 -2254.24444 966.84579 -2442.66921 -3433.90664 1304.78067     (-949.464,-1137.889) (-368.804,-2129.126) (-337.935,-1304.781)     -1935.23821 1740.92631 -3640.85302 -2334.93819 268.14875 -2069.34561     (-328.419,-594.012) (-1740.926,-1472.778) (-1899.927,-194.312)      839.976  937.002  
32    -1651.88950 -2248.98572 956.74741 -2429.21848 -3431.79395 1295.93701     (-953.049,-1133.281) (-355.952,-2135.857) (-339.190,-1295.937)     -1913.54308 1746.18503 -3650.95140 -2321.48745 270.26144 -2078.18927     (-332.004,-575.302) (-1746.185,-1475.924) (-1904.766,-167.358)      827.869  913.86  
33    -1630.19438 -2243.72700 946.64904 -2415.76775 -3429.68126 1287.09335     (-956.634,-1128.674) (-343.101,-2142.588) (-340.444,-1287.093)     -1891.84796 1751.44375 -3661.04978 -2308.03672 272.37413 -2087.03293     (-335.589,-556.593) (-1751.444,-1479.070) (-1909.606,-140.404)      816.991  891.262  
34    -1608.49926 -2238.46827 936.55066 -2402.31702 -3427.56857 1278.24969     (-960.219,-1124.067) (-330.250,-2149.319) (-341.699,-1278.250)     -1870.15284 1756.70248 -3671.14815 -2294.58599 274.48682 -2095.87659     (-339.174,-537.884) (-1756.702,-1482.216) (-1914.446,-113.450)      807.392  869.201  
35    -1586.80414 -2233.20955 926.45228 -2388.86629 -3425.45588 1269.40603     (-963.804,-1119.460) (-317.398,-2156.050) (-342.954,-1269.406)     -1848.45772 1761.96120 -3681.24653 -2281.13526 276.59951 -2104.72025     (-342.759,-519.174) (-1761.961,-1485.362) (-1919.285,-86.497)      799.119  847.665  
36    -1565.10902 -2227.95083 916.35391 -2375.41556 -3423.34319 1260.56237     (-967.388,-1114.853) (-304.547,-2162.781) (-344.208,-1260.562)     -1826.76260 1767.21992 -3691.34490 -2267.68453 278.71220 -2113.56391     (-346.344,-500.465) (-1767.220,-1488.508) (-1924.125,-59.543)      792.213  826.644  
37    -1543.41390 -2222.69211 906.25553 -2361.96483 -3421.23050 1251.71871     (-970.973,-1110.246) (-291.695,-2169.512) (-345.463,-1251.719)     -1805.06748 1772.47865 -3701.44328 -2254.23380 280.82489 -2122.40757     (-349.929,-481.755) (-1772.479,-1491.654) (-1928.965,-32.589)      786.709  806.125  
38    -1521.71878 -2217.43338 896.15716 -2348.51410 -3419.11781 1242.87505     (-974.558,-1105.639) (-278.844,-2176.243) (-346.718,-1242.875)     -1783.37236 1777.73737 -3711.54165 -2240.78307 282.93758 -2131.25124     (-353.514,-463.046) (-1777.737,-1494.800) (-1933.804,-5.635)      782.638  786.097  
39    -1500.02365 -2212.17466 886.05878 -2335.06336 -3417.00512 1234.03139     (-978.143,-1101.032) (-265.992,-2182.974) (-347.973,-1234.031)     -1761.67724 1782.99609 -3721.64003 -2227.33234 285.05027 -2140.09490     (-1761.677,-423.017) (-335.780,-1476.627) (-1959.963,-21.319)      810.511  810.511  
40    -1478.32853 -2206.91594 875.96041 -2321.61263 -3414.89243 1225.18772     (-981.728,-1096.425) (-253.141,-2189.705) (-349.227,-1225.188)     -1739.98212 1788.25481 -3731.73840 -2213.88161 287.16295 -2148.93856     (-1739.982,-377.354) (-312.411,-1452.819) (-1991.756,-48.273)      850.925  850.925  
41    -1456.63341 -2201.65722 865.86203 -2308.16190 -3412.77974 1216.34406     (-985.313,-1091.818) (-240.289,-2196.436) (-350.482,-1216.344)     -1718.28700 1793.51354 -3741.83678 -2200.43088 289.27564 -2157.78222     (-1718.287,-331.691) (-289.042,-1429.011) (-2023.550,-75.227)      895.562  895.562  
42    -1434.93829 -2196.39849 855.76366 -2294.71117 -3410.66705 1207.50040     (-988.898,-1087.211) (-227.438,-2203.167) (-351.737,-1207.500)     -1696.59187 1798.77226 -3751.93515 -2186.98015 291.38833 -2166.62588     (-1696.592,-286.028) (-265.673,-1405.204) (-2055.343,-102.180)      904.373  904.373  
43    -1413.24317 -2191.13977 845.66528 -2281.26044 -3408.55436 1198.65674     (-992.483,-1082.604) (-214.586,-2209.898) (-352.991,-1198.657)     -1674.89675 1804.03098 -3762.03353 -2173.52942 293.50102 -2175.46954     (-1674.897,-240.364) (-242.304,-1381.396) (-2087.137,-129.134)      901.634  901.634  
44    -1391.54805 -2185.88105 835.56691 -2267.80971 -3406.44167 1189.81308     (-996.068,-1077.997) (-201.735,-2216.629) (-354.246,-1189.813)     -1653.20163 1809.28970 -3772.13190 -2160.07869 295.61371 -2184.31320     (-1653.202,-194.701) (-218.935,-1357.588) (-2118.930,-156.088)      904.88  904.88  
45    -1369.85293 -2180.62232 825.46853 -2254.35898 -3404.32898 1180.96942     (-999.653,-1073.390) (-188.884,-2223.360) (-355.501,-1180.969)     -1631.50651 1814.54843 -3782.23028 -2146.62796 297.72640 -2193.15686     (-1631.507,-149.038) (-195.567,-1333.780) (-2150.724,-183.042)      914.049  914.049  
46    -1348.15781 -2175.36360 815.37016 -2240.90825 -3402.21629 1172.12576     (-1003.238,-1068.782) (-176.032,-2230.091) (-356.756,-1172.126)     -1609.81139 1819.80715 -3792.32865 -2133.17723 299.83909 -2202.00052     (-1609.811,-103.374) (-172.198,-1309.972) (-2182.517,-209.996)      928.964  928.964  
47    -1326.46269 -2170.10488 805.27178 -2227.45752 -3400.10360 1163.28210     (-1006.823,-1064.175) (-163.181,-2236.822) (-358.010,-1163.282)     -1588.11627 1825.06587 -3802.42703 -2119.72649 301.95178 -2210.84419     (-1588.116,-57.711) (-148.829,-1286.164) (-2214.311,-236.950)      949.355  949.355  
48    -1304.76757 -2164.84616 795.17341 -2214.00679 -3397.99091 1154.43843     (-1010.408,-1059.568) (-150.329,-2243.552) (-359.265,-1154.438)     -1566.42115 1830.32459 -3812.52541 -2106.27576 304.06447 -2219.68785     (-1566.421,-12.048) (-125.460,-1262.357) (-2246.104,-263.903)      974.879  974.879  
49    -1283.07244 -2159.58743 785.07503 -2200.55606 -3395.87822 1145.59477     (-1013.993,-1054.961) (-137.478,-2250.283) (-360.520,-1145.595)     -1544.72603 1835.58332 -3822.62378 -2092.82503 306.17716 -2228.53151     (-1578.342,-33.616) (-2244.282,-1204.933) (-68.475,-257.242)      1036.34  1059.16  
50    -1261.37732 -2154.32871 774.97665 -2187.10533 -3393.76553 1136.75111     (-1017.578,-1050.354) (-124.626,-2257.014) (-361.774,-1136.751)     -1523.03091 1840.84204 -3832.72216 -2079.37430 308.28985 -2237.37517     (-1601.753,-2229.856) (-78.722,-1134.905) (-0.557,-239.089)      1151.73  1168.81  
51    -1239.68220 -2149.06999 764.87828 -2173.65460 -3391.65284 1127.90745     (-1021.163,-1045.747) (-111.775,-2263.745) (-363.029,-1127.907)     -1501.33579 1846.10076 -3842.82053 -2065.92357 310.40254 -2246.21883     (-1556.689,-2146.954) (-55.353,-996.402) (-69.589,-289.412)      1101.01  1111.93  
52    -1217.98708 -2143.81127 754.77990 -2160.20387 -3389.54015 1119.06379     (-1024.747,-1041.140) (-98.923,-2270.476) (-364.284,-1119.064)     -1479.64067 1851.35949 -3852.91891 -2052.47284 312.51523 -2255.06249     (-1511.625,-2064.051) (-31.984,-857.899) (-138.621,-339.735)      1081.58  1088  
53    -1196.29196 -2138.55254 744.68153 -2146.75314 -3387.42746 1110.22013     (-1028.332,-1036.533) (-86.072,-2277.207) (-365.539,-1110.220)     -1457.94554 1856.61821 -3863.01728 -2039.02211 314.62792 -2263.90615     (-1466.561,-1981.149) (-8.615,-719.395) (-207.653,-390.057)      1095.12  1097.09  
54    -1174.59684 -2133.29382 734.58315 -2133.30241 -3385.31477 1101.37647     (-1031.917,-1031.926) (-73.220,-2283.938) (-366.793,-1101.376)     -1436.25042 1861.87693 -3873.11566 -2025.57138 316.74061 -2272.74981     (-425.627,-1883.494) (-14.754,-595.646) (-261.932,-1406.743)      1138.71  1138.71  
55    -1152.90172 -2128.03510 724.48478 -2119.85167 -3383.20208 1092.53281     (-1035.502,-1027.319) (-60.369,-2290.669) (-368.048,-1092.533)     -1414.55530 1867.13565 -3883.21403 -2012.12065 318.85330 -2281.59348     (-452.580,-1777.223) (-38.123,-480.511) (-307.595,-1338.310)      1207.53  1207.53  
56    -1131.20660 -2122.77637 714.38640 -2106.40094 -3381.08939 1083.68914     (-1039.087,-1022.712) (-47.517,-2297.400) (-369.303,-1083.689)     -1392.86018 1872.39438 -3893.31241 -1998.66992 320.96599 -2290.43714     (-479.534,-1670.952) (-61.491,-365.377) (-353.259,-1269.877)      1297.99  1297.99  
57    -1109.51148 -2117.51765 704.28803 -2092.95021 -3378.97670 1074.84548     (-1042.672,-1018.105) (-34.666,-2304.131) (-370.557,-1074.845)     -1371.16506 1877.65310 -3903.41078 -1985.21919 323.07868 -2299.28080     (-506.488,-1564.681) (-84.860,-250.242) (-398.922,-1201.444)      1405.92  1405.92  
58    -1087.81636 -2112.25893 694.18965 -2079.49948 -3376.86401 1066.00182     (-1046.257,-1013.498) (-21.815,-2310.862) (-371.812,-1066.002)     -1349.46994 1882.91182 -3913.50916 -1971.76846 325.19137 -2308.12446     (-533.442,-1458.410) (-108.229,-135.108) (-444.585,-1133.011)      1527.62  1527.62  
59    -1066.12124 -2107.00021 684.09128 -2066.04875 -3374.75132 1057.15816     (-1049.842,-1008.891) (-8.963,-2317.593) (-373.067,-1057.158)     -1327.77482 1888.17054 -3923.60753 -1958.31773 327.30406 -2316.96812     (-560.396,-1352.139) (-131.598,-19.974) (-490.249,-1064.579)      1660.06  1660.06  
60    -1044.42611 -2101.74148 673.99290 -2052.59802 -3372.63863 1048.31450     (-1044.426,-1000.395) (-3.888,-2328.213) (-370.433,-1049.539)     -1306.07970 1893.42927 -3933.70591 -1944.86700 329.41675 -2325.81178     (-440.751,-1150.708) (-95.161,-250.128) (-900.985,-492.189)      1716.84  1716.84  
61    -1022.73099 -2096.48276 663.89453 -2039.14729 -3370.52594 1039.47084     (-1022.731,-982.937) (-16.740,-2347.795) (-358.836,-1040.272)     -1284.38458 1898.68799 -3943.80428 -1931.41627 331.52944 -2334.65544     (-371.280,-929.302) (-210.295,-388.631) (-717.418,-404.008)      1800.11  1800.11  
62    -1001.03587 -2091.22404 653.79615 -2025.69656 -3368.41325 1030.62718     (-1001.036,-965.478) (-29.591,-2367.377) (-347.240,-1031.006)     -1262.68946 1903.94671 -3953.90266 -1917.96554 333.64213 -2343.49910     (-301.809,-707.897) (-325.430,-527.134) (-533.850,-315.828)      1946.48  1946.48  
63    -979.34075 -2085.96532 643.69778 -2012.24583 -3366.30056 1021.78352     (-979.341,-948.020) (-42.443,-2386.960) (-335.643,-1021.739)     -1240.99434 1909.20544 -3964.00104 -1904.51480 335.75482 -2352.34277     (-232.338,-486.492) (-440.564,-665.638) (-350.283,-227.647)      2055.79  2055.79  
64    -957.64563 -2080.70659 633.59940 -1998.79510 -3364.18787 1012.93986     (-957.646,-930.561) (-55.294,-2406.542) (-324.046,-1012.473)     -1219.29921 1914.46416 -3974.09941 -1891.06407 337.86751 -2361.18643     (-162.867,-265.086) (-555.698,-804.141) (-166.716,-139.467)      2134.59  2188.41  
65    -935.95051 -2075.44787 623.50102 -1985.34437 -3362.07518 1004.09619     (-935.951,-913.102) (-68.146,-2426.125) (-312.449,-1003.206)     -1197.60409 1919.72288 -3984.19779 -1877.61334 339.98020 -2370.03009     (-76.544,-653.981) (-26.829,-925.793) (-16.852,-68.138)      2141.9  2141.9  
66    -914.25539 -2070.18915 613.40265 -1971.89364 -3359.96249 995.25253                            -1175.90897 1924.98160 -3994.29616 -1864.16261 342.09289 -2378.87375     invalid  
67    -892.56027 -2064.93043 603.30427 -1958.44291 -3357.84980 986.40887                            -1154.21385 1930.24033 -4004.39454 -1850.71188 344.20558 -2387.71741     invalid  
68    -870.86515 -2059.67170 593.20590 -1944.99218 -3355.73712 977.56521                            -1132.51873 1935.49905 -4014.49291 -1837.26115 346.31827 -2396.56107     invalid  
69    -849.17003 -2054.41298 583.10752 -1931.54145 -3353.62443 968.72155                            -1110.82361 1940.75777 -4024.59129 -1823.81042 348.43096 -2405.40473     invalid  
70    -827.47490 -2049.15426 573.00915 -1918.09071 -3351.51174 959.87789                            -1089.12849 1946.01649 -4034.68966 -1810.35969 350.54365 -2414.24839     invalid  
71    -805.77978 -2043.89553 562.91077 -1904.63998 -3349.39905 951.03423                            -1067.43337 1951.27522 -4044.78804 -1796.90896 352.65634 -2423.09205     invalid  
72    -784.08466 -2038.63681 552.81240 -1891.18925 -3347.28636 942.19057                            -1045.73825 1956.53394 -4054.88641 -1783.45823 354.76903 -2431.93572     invalid  
73    -762.38954 -2033.37809 542.71402 -1877.73852 -3345.17367 933.34690                            -1024.04313 1961.79266 -4064.98479 -1770.00750 356.88172 -2440.77938     invalid  
74    -740.69442 -2028.11937 532.61565 -1864.28779 -3343.06098 924.50324                            -1002.34800 1967.05138 -4075.08316 -1756.55677 358.99441 -2449.62304     invalid  
75    -718.99930 -2022.86064 522.51727 -1850.83706 -3340.94829 915.65958                            -980.65288 1972.31011 -4085.18154 -1743.10604 361.10710 -2458.46670     invalid  
76    -697.30418 -2017.60192 512.41890 -1837.38633 -3338.83560 906.81592                            -958.95776 1977.56883 -4095.27991 -1729.65531 363.21979 -2467.31036     invalid  
77    -675.60906 -2012.34320 502.32052 -1823.93560 -3336.72291 897.97226                            -937.26264 1982.82755 -4105.37829 -1716.20458 365.33248 -2476.15402     invalid  
78    -653.91394 -2007.08448 492.22215 -1810.48487 -3334.61022 889.12860                            -915.56752 1988.08628 -4115.47667 -1702.75385 367.44517 -2484.99768     invalid  
79    -632.21882 -2001.82575 482.12377 -1797.03414 -3332.49753 880.28494                            -893.87240 1993.34500 -4125.57504 -1689.30311 369.55786 -2493.84134     invalid  
80    -610.52370 -1996.56703 472.02539 -1783.58341 -3330.38484 871.44128                            -872.17728 1998.60372 -4135.67342 -1675.85238 371.67055 -2502.68501     invalid  
81    -588.82857 -1991.30831 461.92702 -1770.13268 -3328.27215 862.59761                            -850.48216 2003.86244 -4145.77179 -1662.40165 373.78324 -2511.52867     invalid  
82    -567.13345 -1986.04959 451.82864 -1756.68195 -3326.15946 853.75395                            -828.78704 2009.12117 -4155.87017 -1648.95092 375.89593 -2520.37233     invalid  
83    -545.43833 -1980.79086 441.73027 -1743.23122 -3324.04677 844.91029                            -807.09192 2014.37989 -4165.96854 -1635.50019 378.00861 -2529.21599     invalid  
84    -523.74321 -1975.53214 431.63189 -1729.78049 -3321.93408 836.06663                            -785.39680 2019.63861 -4176.06692 -1622.04946 380.12130 -2538.05965     invalid  
85    -502.04809 -1970.27342 421.53352 -1716.32976 -3319.82139 827.22297                            -763.70167 2024.89733 -4186.16529 -1608.59873 382.23399 -2546.90331     invalid  
86    -480.35297 -1965.01469 411.43514 -1702.87902 -3317.70870 818.37931                            -742.00655 2030.15606 -4196.26367 -1595.14800 384.34668 -2555.74697     invalid  
87    -458.65785 -1959.75597 401.33677 -1689.42829 -3315.59601 809.53565                            -720.31143 2035.41478 -4206.36204 -1581.69727 386.45937 -2564.59063     invalid  
88    -436.96273 -1954.49725 391.23839 -1675.97756 -3313.48332 800.69199                            -698.61631 2040.67350 -4216.46042 -1568.24654 388.57206 -2573.43429     invalid  
89    -415.26761 -1949.23853 381.14002 -1662.52683 -3311.37063 791.84833                            -676.92119 2045.93222 -4226.55879 -1554.79581 390.68475 -2582.27796     invalid  
90    -393.57249 -1943.97980 371.04164 -1649.07610 -3309.25794 783.00466                            -655.22607 2051.19095 -4236.65717 -1541.34508 392.79744 -2591.12162     invalid  
91    -371.87736 -1938.72108 360.94327 -1635.62537 -3307.14525 774.16100                            -633.53095 2056.44967 -4246.75554 -1527.89435 394.91013 -2599.96528     invalid  
92    -350.18224 -1933.46236 350.84489 -1622.17464 -3305.03256 765.31734                            -611.83583 2061.70839 -4256.85392 -1514.44362 397.02282 -2608.80894     invalid  
93    -328.48712 -1928.20364 340.74652 -1608.72391 -3302.91987 756.47368                            -590.14071 2066.96712 -4266.95229 -1500.99289 399.13551 -2617.65260     invalid  
94    -306.79200 -1922.94491 330.64814 -1595.27318 -3300.80718 747.63002                            -568.44559 2072.22584 -4277.05067 -1487.54215 401.24820 -2626.49626     invalid  
95    -285.09688 -1917.68619 320.54976 -1581.82245 -3298.69449 738.78636                            -546.75046 2077.48456 -4287.14905 -1474.09142 403.36089 -2635.33992     invalid  
96    -263.40176 -1912.42747 310.45139 -1568.37172 -3296.58180 729.94270                            -525.05534 2082.74328 -4297.24742 -1460.64069 405.47358 -2644.18358     invalid  
97    -241.70664 -1907.16874 300.35301 -1554.92099 -3294.46911 721.09904                            -503.36022 2088.00201 -4307.34580 -1447.18996 407.58627 -2653.02725     invalid  
98    -220.01152 -1901.91002 290.25464 -1541.47026 -3292.35642 712.25537                            -481.66510 2093.26073 -4317.44417 -1433.73923 409.69896 -2661.87091     invalid  
99    -198.31640 -1896.65130 280.15626 -1528.01953 -3290.24373 703.41171                            -459.96998 2098.51945 -4327.54255 -1420.28850 411.81165 -2670.71457     invalid  
