PointDistanceFollower   Jun 17 2018   mode =  LINE3 
LINE3_RAND_20%_.35_0.txt      Output is S6 probe cell, C3 reduced cell,  S6Dist CS6Dist  distance between 
Compute times (msec)     S6Dist   44   CS6Dist  2
PointDistanceFollower  Jun 17 2018  mode = LINE3
LINE3_RAND_20%_.35_0.txt     Output is S6 probe cell, C3 reduced cell, S6Dist CS6Dist distance between
0    -3191.06133 -3482.71173 1847.02005 -2008.74191 -3561.16824 638.92159     (-1344.041,-1635.692) (-161.722,-1714.148) (-1847.020,-1208.098)     -1713.29710 -479.91902 -1264.43352 -1106.60097 -182.43550 -1195.66939     (-1713.297,-1106.601) (-479.919,-182.435) (-1264.434,-1195.669)      1308.35  1308.35  
1    -3176.91374 -3473.57762 1827.94031 -2013.02747 -3541.43390 625.38277     (-1348.973,-1645.637) (-185.087,-1713.494) (-1827.940,-1202.558)     -1699.14951 -470.78490 -1283.51326 -1110.88653 -162.70116 -1209.20821     (-1699.150,-1110.887) (-470.785,-162.701) (-1283.513,-1209.208)      1311.29  1311.29  
2    -3162.76614 -3464.44350 1808.86057 -2017.31304 -3521.69956 611.84394     (-1353.906,-1655.583) (-208.452,-1712.839) (-1808.861,-1197.017)     -1685.00191 -461.65079 -1302.59300 -1115.17210 -142.96682 -1222.74704     (-1685.002,-1115.172) (-461.651,-142.967) (-1302.593,-1222.747)      1315.16  1315.16  
3    -3148.61855 -3455.30939 1789.78082 -2021.59860 -3501.96523 598.30511     (-1358.838,-1665.529) (-231.818,-1712.184) (-1789.781,-1191.476)     -1670.85432 -452.51667 -1321.67274 -1119.45766 -123.23249 -1236.28586     (-1670.854,-1119.458) (-452.517,-123.232) (-1321.673,-1236.286)      1319.96  1319.96  
4    -3134.47096 -3446.17527 1770.70108 -2025.88416 -3482.23089 584.76629     (-1363.770,-1675.474) (-255.183,-1711.530) (-1770.701,-1185.935)     -1656.70673 -443.38256 -1340.75249 -1123.74322 -103.49815 -1249.82469     (-1656.707,-1123.743) (-443.383,-103.498) (-1340.752,-1249.825)      1325.68  1325.68  
5    -3120.32337 -3437.04115 1751.62134 -2030.16973 -3462.49655 571.22746     (-1368.702,-1685.420) (-278.548,-1710.875) (-1751.621,-1180.394)     -1642.55914 -434.24844 -1359.83223 -1128.02878 -83.76381 -1263.36351     (-1642.559,-1128.029) (-434.248,-83.764) (-1359.832,-1263.364)      1332.31  1332.31  
6    -3106.17578 -3427.90704 1732.54160 -2034.45529 -3442.76222 557.68864     (-1373.634,-1695.365) (-301.914,-1710.221) (-1732.542,-1174.853)     -1628.41155 -425.11432 -1378.91197 -1132.31435 -64.02948 -1276.90234     (-1628.412,-1132.314) (-425.114,-64.029) (-1378.912,-1276.902)      1339.82  1339.82  
7    -3092.02818 -3418.77292 1713.46185 -2038.74085 -3423.02788 544.14981     (-1378.566,-1705.311) (-325.279,-1709.566) (-1713.462,-1169.312)     -1614.26395 -415.98021 -1397.99172 -1136.59991 -44.29514 -1290.44117     (-1614.264,-1136.600) (-415.980,-44.295) (-1397.992,-1290.441)      1348.22  1348.22  
8    -3077.88059 -3409.63880 1694.38211 -2043.02641 -3403.29354 530.61098     (-1383.498,-1715.257) (-348.644,-1708.911) (-1694.382,-1163.771)     -1600.11636 -406.84609 -1417.07146 -1140.88547 -24.56080 -1303.97999     (-1600.116,-1140.885) (-406.846,-24.561) (-1417.071,-1303.980)      1357.47  1357.47  
9    -3063.73300 -3400.50469 1675.30237 -2047.31198 -3383.55921 517.07216     (-1388.431,-1725.202) (-372.010,-1708.257) (-1675.302,-1158.230)     -1585.96877 -397.71198 -1436.15120 -1145.17104  -4.82647 -1317.51882     (-1585.969,-1145.171) (-397.712,-4.826) (-1436.151,-1317.519)      1367.57  1367.57  
10    -3049.58541 -3391.37057 1656.22263 -2051.59754 -3363.82487 503.53333     (-1393.363,-1735.148) (-395.375,-1707.602) (-1656.223,-1152.689)     -1571.82118 -388.57786 -1455.23094 -1149.45660  14.90787 -1331.05764     (-1440.323,-1134.549) (-403.486,-14.908) (-1556.913,-1316.150)      1370.24  1383.3  
11    -3035.43781 -3382.23646 1637.14288 -2055.88310 -3344.09054 489.99451     (-1398.295,-1745.094) (-418.740,-1706.948) (-1637.143,-1147.148)     -1557.67358 -379.44374 -1474.31069 -1153.74216  34.64221 -1344.59647     (-1439.668,-1119.100) (-414.086,-34.642) (-1523.031,-1309.954)      1371.57  1376.23  
12    -3021.29022 -3373.10234 1618.06314 -2060.16867 -3324.35620 476.45568     (-1403.227,-1755.039) (-442.106,-1706.293) (-1618.063,-1141.607)     -1543.52599 -370.30963 -1493.39043 -1158.02772  54.37654 -1358.13530     (-1439.014,-1103.651) (-424.686,-54.377) (-1489.149,-1303.759)      1369.2  1369.2  
13    -3007.14263 -3363.96822 1598.98340 -2064.45423 -3304.62186 462.91685     (-1408.159,-1764.985) (-465.471,-1705.638) (-1598.983,-1136.067)     -1529.37840 -361.17551 -1512.47017 -1162.31329  74.11088 -1371.67412     (-1438.359,-1088.202) (-435.286,-74.111) (-1455.268,-1297.563)      1363.54  1363.54  
14    -2992.99504 -3354.83411 1579.90365 -2068.73979 -3284.88753 449.37803     (-1413.091,-1774.930) (-488.836,-1704.984) (-1579.904,-1130.526)     -1515.23081 -352.04140 -1531.54991 -1166.59885  93.84522 -1385.21295     (-1437.705,-1072.754) (-445.887,-93.845) (-1421.386,-1291.368)      1359.28  1359.28  
15    -2978.84745 -3345.69999 1560.82391 -2073.02535 -3265.15319 435.83920     (-1418.024,-1784.876) (-512.201,-1704.329) (-1560.824,-1124.985)     -1501.08322 -342.90728 -1550.62966 -1170.88441 113.57955 -1398.75177     (-1437.050,-1057.305) (-456.487,-113.580) (-1387.504,-1285.172)      1356.43  1356.43  
16    -2964.69985 -3336.56588 1541.74417 -2077.31092 -3245.41885 422.30038     (-1422.956,-1794.822) (-535.567,-1703.675) (-1541.744,-1119.444)     -1486.93562 -333.77316 -1569.70940 -1175.16998 133.31389 -1412.29060     (-1436.396,-1041.856) (-467.087,-133.314) (-1353.622,-1278.977)      1355  1355  
17    -2950.55226 -3327.43176 1522.66443 -2081.59648 -3225.68452 408.76155     (-1427.888,-1804.767) (-558.932,-1703.020) (-1522.664,-1113.903)     -1472.78803 -324.63905 -1588.78914 -1179.45554 153.04823 -1425.82943     (-1435.741,-1026.407) (-477.687,-153.048) (-1319.740,-1272.781)      1354.98  1354.98  
18    -2936.40467 -3318.29764 1503.58468 -2085.88204 -3205.95018 395.22272     (-1432.820,-1814.713) (-582.297,-1702.365) (-1503.585,-1108.362)     -1458.64044 -315.50493 -1607.86888 -1183.74110 172.78256 -1439.36825     (-1435.086,-1010.959) (-488.287,-172.783) (-1285.858,-1266.586)      1356.39  1356.39  
19    -2922.25708 -3309.16353 1484.50494 -2090.16761 -3186.21584 381.68390     (-1437.752,-1824.659) (-605.663,-1701.711) (-1484.505,-1102.821)     -1444.49285 -306.37081 -1626.94863 -1188.02666 192.51690 -1452.90708     (-1434.432,-995.510) (-498.888,-192.517) (-1251.976,-1260.390)      1359.21  1359.21  
20    -2908.10948 -3300.02941 1465.42520 -2094.45317 -3166.48151 368.14507     (-1442.684,-1834.604) (-629.028,-1701.056) (-1465.425,-1097.280)     -1430.34526 -297.23670 -1646.02837 -1192.31223 212.25124 -1466.44590     (-1433.777,-980.061) (-509.488,-212.251) (-1218.094,-1254.195)      1363.45  1363.45  
21    -2893.96189 -3290.89530 1446.34546 -2098.73873 -3146.74717 354.60625     (-1447.616,-1844.550) (-652.393,-1700.402) (-1446.345,-1091.739)     -1416.19766 -288.10258 -1665.10811 -1196.59779 231.98557 -1479.98473     (-1433.123,-964.612) (-520.088,-231.986) (-1184.212,-1247.999)      1369.08  1369.08  
22    -2879.81430 -3281.76118 1427.26571 -2103.02429 -3127.01283 341.06742     (-1452.549,-1854.495) (-675.759,-1699.747) (-1427.266,-1086.198)     -1402.05007 -278.96847 -1684.18785 -1200.88335 251.71991 -1493.52356     (-1432.468,-949.163) (-530.688,-251.720) (-1150.330,-1241.804)      1376.08  1376.08  
23    -2865.66671 -3272.62706 1408.18597 -2107.30986 -3107.27850 327.52859     (-1457.481,-1864.441) (-699.124,-1699.093) (-1408.186,-1080.657)     -1387.90248 -269.83435 -1703.26760 -1205.16892 271.45425 -1507.06238     (-1431.813,-933.715) (-541.289,-271.454) (-1116.448,-1235.608)      1384.45  1384.45  
24    -2851.51912 -3263.49295 1389.10623 -2111.59542 -3087.54416 313.98977     (-1462.413,-1874.387) (-722.489,-1698.438) (-1389.106,-1075.116)     -1373.75489 -260.70023 -1722.34734 -1209.45448 291.18858 -1520.60121     (-1431.159,-918.266) (-551.889,-291.189) (-1082.566,-1229.413)      1394.14  1394.14  
25    -2837.37152 -3254.35883 1370.02649 -2115.88098 -3067.80982 300.45094     (-1467.345,-1884.332) (-745.854,-1697.783) (-1370.026,-1069.576)     -1359.60729 -251.56612 -1741.42708 -1213.74004 310.92292 -1534.14003     (-1430.504,-902.817) (-562.489,-310.923) (-1048.684,-1223.217)      1405.15  1405.15  
26    -2823.22393 -3245.22471 1350.94674 -2120.16655 -3048.07549 286.91212     (-1472.277,-1894.278) (-769.220,-1697.129) (-1350.947,-1064.035)     -1345.45970 -242.43200 -1760.50682 -1218.02561 330.65726 -1547.67886     (-1429.850,-887.368) (-573.089,-330.657) (-1014.802,-1217.022)      1417.42  1417.42  
27    -2809.07634 -3236.09060 1331.86700 -2124.45211 -3028.34115 273.37329     (-1477.209,-1904.224) (-792.585,-1696.474) (-1331.867,-1058.494)     -1331.31211 -233.29789 -1779.58657 -1222.31117 350.39159 -1561.21769     (-1429.195,-871.920) (-583.689,-350.392) (-980.921,-1210.826)      1430.94  1430.94  
28    -2794.92875 -3226.95648 1312.78726 -2128.73767 -3008.60681 259.83446     (-1482.141,-1914.169) (-815.950,-1695.820) (-1312.787,-1052.953)     -1317.16452 -224.16377 -1798.66631 -1226.59673 370.12593 -1574.75651     (-1428.540,-856.471) (-594.290,-370.126) (-947.039,-1204.631)      1445.67  1445.67  
29    -2780.78115 -3217.82237 1293.70752 -2133.02324 -2988.87248 246.29564     (-1487.074,-1924.115) (-839.316,-1695.165) (-1293.708,-1047.412)     -1303.01693 -215.02965 -1817.74605 -1230.88229 389.86027 -1588.29534     (-1427.886,-841.022) (-604.890,-389.860) (-913.157,-1198.435)      1461.57  1461.57  
30    -2766.63356 -3208.68825 1274.62777 -2137.30880 -2969.13814 232.75681     (-1492.006,-1934.060) (-862.681,-1694.510) (-1274.628,-1041.871)     -1288.86933 -205.89554 -1836.82579 -1235.16786 409.59460 -1601.83416     (-1427.231,-825.573) (-615.490,-409.595) (-879.275,-1192.240)      1478.6  1478.6  
31    -2752.48597 -3199.55413 1255.54803 -2141.59436 -2949.40380 219.21799     (-1496.938,-1944.006) (-886.046,-1693.856) (-1255.548,-1036.330)     -1274.72174 -196.76142 -1855.90554 -1239.45342 429.32894 -1615.37299     (-1426.577,-810.124) (-626.090,-429.329) (-845.393,-1186.044)      1496.72  1496.72  
32    -2738.33838 -3190.42002 1236.46829 -2145.87992 -2929.66947 205.67916     (-1501.870,-1953.952) (-909.412,-1693.201) (-1236.468,-1030.789)     -1260.57415 -187.62731 -1874.98528 -1243.73898 449.06328 -1628.91182     (-1425.922,-794.676) (-636.691,-449.063) (-811.511,-1179.849)      1515.9  1515.9  
33    -2724.19079 -3181.28590 1217.38855 -2150.16549 -2909.93513 192.14034     (-1506.802,-1963.897) (-932.777,-1692.547) (-1217.389,-1025.248)     -1246.42656 -178.49319 -1894.06502 -1248.02455 468.79761 -1642.45064     (-1425.267,-779.227) (-647.291,-468.798) (-777.629,-1173.653)      1536.1  1536.1  
34    -2710.04319 -3172.15179 1198.30880 -2154.45105 -2890.20079 178.60151     (-1511.734,-1973.843) (-956.142,-1691.892) (-1198.309,-1019.707)     -1232.27896 -169.35907 -1913.14476 -1252.31011 488.53195 -1655.98947     (-1424.613,-763.778) (-657.891,-488.532) (-743.747,-1167.458)      1557.27  1557.27  
35    -2695.89560 -3163.01767 1179.22906 -2158.73661 -2870.46646 165.06268     (-1516.667,-1983.789) (-979.508,-1691.237) (-1179.229,-1014.166)     -1218.13137 -160.22496 -1932.22451 -1256.59567 508.26629 -1669.52829     (-1423.958,-748.329) (-668.491,-508.266) (-709.865,-1161.262)      1579.37  1579.37  
36    -2681.74801 -3153.88355 1160.14932 -2163.02218 -2850.73212 151.52386     (-1521.599,-1993.734) (-1002.873,-1690.583) (-1160.149,-1008.625)     -1203.98378 -151.09084 -1951.30425 -1260.88123 528.00062 -1683.06712     (-1423.304,-732.881) (-679.091,-528.001) (-675.983,-1155.066)      1602.38  1602.38  
37    -2667.60042 -3144.74944 1141.06958 -2167.30774 -2830.99778 137.98503     (-1526.531,-2003.680) (-1026.238,-1689.928) (-1141.070,-1003.085)     -1189.83619 -141.95672 -1970.38399 -1265.16680 547.73496 -1696.60595     (-1422.649,-717.432) (-689.692,-547.735) (-642.101,-1148.871)      1607.16  1607.16  
38    -2653.45282 -3135.61532 1121.98983 -2171.59330 -2811.26345 124.44621     (-1531.463,-2013.625) (-1049.603,-1689.274) (-1121.990,-997.544)     -1175.68860 -132.82261 -1989.46373 -1269.45236 567.46930 -1710.14477     (-1421.994,-701.983) (-700.292,-567.469) (-608.219,-1142.675)      1586.9  1586.9  
39    -2639.30523 -3126.48121 1102.91009 -2175.87886 -2791.52911 110.90738     (-1536.395,-2023.571) (-1072.969,-1688.619) (-1102.910,-992.003)     -1161.54100 -123.68849 -2008.54348 -1273.73792 587.20363 -1723.68360     (-1421.340,-686.534) (-710.892,-587.204) (-574.337,-1136.480)      1567.61  1567.61  
40    -2625.15764 -3117.34709 1083.83035 -2180.16443 -2771.79477  97.36855     (-1541.327,-2033.517) (-1096.334,-1687.964) (-1083.830,-986.462)     -1147.39341 -114.55438 -2027.62322 -1278.02349 606.93797 -1737.22242     (-1420.685,-671.086) (-721.492,-606.938) (-540.455,-1130.284)      1549.32  1549.32  
41    -2611.01005 -3108.21297 1064.75061 -2184.44999 -2752.06044  83.82973     (-1546.259,-2043.462) (-1119.699,-1687.310) (-1064.751,-980.921)     -1133.24582 -105.42026 -2046.70296 -1282.30905 626.67231 -1750.76125     (-1420.031,-655.637) (-732.093,-626.672) (-506.574,-1124.089)      1532.07  1532.07  
42    -2596.86246 -3099.07886 1045.67086 -2188.73555 -2732.32610  70.29090     (-1551.192,-2053.408) (-1143.065,-1686.655) (-1045.671,-975.380)     -1119.09823 -96.28614 -2065.78270 -1286.59461 646.40664 -1764.30008     (-1419.376,-640.188) (-742.693,-646.407) (-472.692,-1117.893)      1515.89  1515.89  
43    -2582.71486 -3089.94474 1026.59112 -2193.02112 -2712.59176  56.75208     (-1556.124,-2063.354) (-1166.430,-1686.001) (-1026.591,-969.839)     -1104.95063 -87.15203 -2084.86245 -1290.88017 666.14098 -1777.83890     (-1418.721,-624.739) (-753.293,-666.141) (-438.810,-1111.698)      1500.83  1500.83  
44    -2568.56727 -3080.81063 1007.51138 -2197.30668 -2692.85743  43.21325     (-1561.056,-2073.299) (-1189.795,-1685.346) (-1007.511,-964.298)     -1090.80304 -78.01791 -2103.94219 -1295.16574 685.87532 -1791.37773     (-1418.067,-609.290) (-763.893,-685.875) (-404.928,-1105.502)      1486.91  1486.91  
45    -2554.41968 -3071.67651 988.43164 -2201.59224 -2673.12309  29.67442     (-1565.988,-2083.245) (-1213.161,-1684.691) (-988.432,-958.757)     -1076.65545 -68.88380 -2123.02193 -1299.45130 705.60965 -1804.91655     (-1417.412,-593.842) (-774.493,-705.610) (-371.046,-1099.307)      1474.16  1474.16  
46    -2540.27209 -3062.54239 969.35189 -2205.87780 -2653.38875  16.13560     (-1570.920,-2093.190) (-1236.526,-1684.037) (-969.352,-953.216)     -1062.50786 -59.74968 -2142.10167 -1303.73686 725.34399 -1818.45538     (-1416.758,-578.393) (-785.094,-725.344) (-337.164,-1093.111)      1462.63  1462.63  
47    -2526.12450 -3053.40828 950.27215 -2210.16337 -2633.65442   2.59677     (-1575.852,-2103.136) (-1259.891,-1683.382) (-950.272,-947.675)     -1048.36027 -50.61556 -2161.18142 -1308.02243 745.07833 -1831.99421     (-1416.103,-562.944) (-795.694,-745.078) (-303.282,-1086.916)      1452.33  1452.33  
48    -2511.97690 -3044.27416 931.19241 -2214.44893 -2613.92008 -10.94205     (-1580.784,-2113.082) (-1283.257,-1682.728) (-931.192,-942.134)     -1034.21267 -41.48145 -2180.26116 -1312.30799 764.81266 -1845.53303     (-1415.448,-547.495) (-806.294,-764.813) (-269.400,-1080.720)      1443.29  1443.29  
49    -2497.82931 -3035.14004 912.11267 -2218.73449 -2594.18574 -24.48088     (-1585.717,-2123.027) (-1306.622,-1682.073) (-912.113,-936.594)     -1020.06508 -32.34733 -2199.34090 -1316.59355 784.54700 -1859.07186     (-1414.794,-532.047) (-816.894,-784.547) (-235.518,-1074.525)      1435.53  1435.53  
50    -2483.68172 -3026.00593 893.03292 -2223.02006 -2574.45141 -38.01971     (-1590.649,-2132.973) (-1329.987,-1681.418) (-893.033,-931.053)     -1005.91749 -23.21322 -2218.42064 -1320.87911 804.28134 -1872.61068     (-1414.139,-516.598) (-827.495,-804.281) (-201.636,-1068.329)      1429.09  1429.09  
51    -2469.53413 -3016.87181 873.95318 -2227.30562 -2554.71707 -51.55853     (-1595.581,-2142.919) (-1353.352,-1680.764) (-873.953,-925.512)     -991.76990 -14.07910 -2237.50039 -1325.16468 824.01567 -1886.14951     (-1413.485,-501.149) (-838.095,-824.016) (-167.754,-1062.134)      1423.97  1423.97  
52    -2455.38653 -3007.73770 854.87344 -2231.59118 -2534.98273 -65.09736     (-1600.513,-2152.864) (-1376.718,-1680.109) (-854.873,-919.971)     -977.62230  -4.94498 -2256.58013 -1329.45024 843.75001 -1899.68834     (-1412.830,-485.700) (-848.695,-843.750) (-133.872,-1055.938)      1420.19  1420.19  
53    -2441.23894 -2998.60358 835.79370 -2235.87674 -2515.24840 -78.63618     (-1605.445,-2162.810) (-1400.083,-1679.455) (-835.794,-914.430)     -963.47471   4.18913 -2275.65987 -1333.73580 863.48435 -1913.22716     (-1412.176,-470.251) (-859.295,-863.484) (-99.990,-1049.743)      1417.76  1417.76  
54    -2427.09135 -2989.46946 816.71395 -2240.16231 -2495.51406 -92.17501     (-1610.377,-2172.756) (-1423.448,-1678.800) (-816.714,-908.889)     -949.32712  13.32325 -2294.73961 -1338.02137 883.21868 -1926.76599     (-1411.521,-454.803) (-869.895,-883.219) (-66.108,-1043.547)      1416.68  1416.68  
55    -2412.94376 -2980.33535 797.63421 -2244.44787 -2475.77972 -105.71384     (-1615.310,-2182.701) (-1446.814,-1678.146) (-797.634,-903.348)     -935.17953  22.45736 -2313.81936 -1342.30693 902.95302 -1940.30481     (-1410.866,-439.354) (-880.496,-902.953) (-32.227,-1037.352)      1416.97  1416.97  
56    -2398.79617 -2971.20123 778.55447 -2248.73343 -2456.04539 -119.25266     (-1620.242,-2192.647) (-1470.179,-1677.491) (-778.554,-897.807)     -921.03194  31.59148 -2332.89910 -1346.59249 922.68736 -1953.84364     (-1408.556,-889.440) (-422.250,-921.032) (-1.655,-1032.812)      1420.61  1421.86  
57    -2384.64857 -2962.06712 759.47473 -2253.01900 -2436.31105 -132.79149     (-1625.174,-2202.592) (-1493.544,-1676.836) (-759.475,-892.266)     -906.88434  40.72560 -2351.97884 -1350.87806 942.42169 -1967.38247     (-1374.020,-866.159) (-372.919,-906.884) (-35.537,-1060.498)      1465.25  1491.46  
58    -2370.50098 -2952.93300 740.39498 -2257.30456 -2416.57671 -146.33031     (-1630.106,-2212.538) (-1516.910,-1676.182) (-740.395,-886.725)     -892.73675  49.85971 -2371.05858 -1355.16362 962.15603 -1980.92129     (-1339.483,-842.877) (-323.588,-892.737) (-69.419,-1088.185)      1512.73  1544.23  
59    -2356.35339 -2943.79888 721.31524 -2261.59012 -2396.84238 -159.86914     (-1635.038,-2222.484) (-1540.275,-1675.527) (-721.315,-881.184)     -878.58916  58.99383 -2390.13833 -1359.44918 981.89037 -1994.46012     (-1304.947,-819.595) (-274.258,-878.589) (-103.301,-1115.871)      1562.79  1588.64  
60    -2342.20580 -2934.66477 702.23550 -2265.87569 -2377.10804 -173.40797     (-1639.970,-2232.429) (-1563.640,-1674.873) (-702.235,-875.643)     -864.44157  68.12795 -2409.21807 -1363.73474 1001.62470 -2007.99894     (-1270.410,-796.314) (-224.927,-864.442) (-137.183,-1143.557)      1615.2  1635.68  
61    -2328.05820 -2925.53065 683.15576 -2270.16125 -2357.37370 -186.94679     (-1644.902,-2242.375) (-1587.005,-1674.218) (-683.156,-870.103)     -850.29398  77.26206 -2428.29781 -1368.02031 1021.35904 -2021.53777     (-1235.874,-773.032) (-175.596,-850.294) (-171.065,-1171.244)      1662.66  1662.66  
62    -2313.91061 -2916.39654 664.07601 -2274.44681 -2337.63937 -200.48562     (-1649.835,-2252.321) (-1610.371,-1673.563) (-664.076,-864.562)     -836.14638  86.39618 -2447.37755 -1372.30587 1041.09338 -2035.07660     (-1201.337,-749.750) (-126.266,-836.146) (-204.947,-1198.930)      1655.39  1655.39  
63    -2299.76302 -2907.26242 644.99627 -2278.73237 -2317.90503 -214.02444     (-1654.767,-2262.266) (-1633.736,-1672.909) (-644.996,-859.021)     -821.99879  95.53029 -2466.45730 -1376.59143 1060.82771 -2048.61542     (-1166.801,-726.468) (-76.935,-821.999) (-238.829,-1226.617)      1651.9  1651.9  
64    -2285.61543 -2898.12830 625.91653 -2283.01794 -2298.17069 -227.56327     (-1659.699,-2272.212) (-1657.101,-1672.254) (-625.917,-853.480)     -807.85120 104.66441 -2485.53704 -1380.87700 1080.56205 -2062.15425     (-1132.264,-703.187) (-27.604,-807.851) (-272.711,-1254.303)      1652.2  1652.2  
65    -2271.46784 -2888.99419 606.83679 -2287.30350 -2278.43636 -241.10210     (-1664.631,-2282.157) (-1680.467,-1671.600) (-606.837,-847.939)     -793.70361 113.79853 -2504.61678 -1385.16256 1100.29639 -2075.69307     (-1260.263,-658.178) (-21.727,-815.430) (-284.866,-1076.001)      1679.78  1698.67  
66    -2257.32024 -2879.86007 587.75704 -2291.58906 -2258.70202 -254.64092     (-1669.563,-2292.103) (-1703.832,-1670.945) (-587.757,-842.398)     -779.55601 122.93264 -2523.69652 -1389.44812 1120.03072 -2089.23190     (-1238.619,-585.566) (-71.057,-850.613) (-269.417,-992.134)      1743.73  1755.16  
67    -2243.17265 -2870.72595 568.67730 -2295.87463 -2238.96768 -268.17975     (-1674.495,-2302.049) (-1727.197,-1670.290) (-568.677,-836.857)     -765.40842 132.06676 -2542.77627 -1393.73368 1139.76506 -2102.77073     (-1216.974,-512.954) (-120.388,-885.796) (-253.969,-908.267)      1812.59  1812.59  
68    -2229.02506 -2861.59184 549.59756 -2300.16019 -2219.23335 -281.71857     (-1679.428,-2311.994) (-1750.563,-1669.636) (-549.598,-831.316)     -751.26083 141.20087 -2561.85601 -1398.01925 1159.49940 -2116.30955     (-1195.330,-440.341) (-169.719,-920.980) (-238.520,-824.399)      1877.15  1877.15  
69    -2214.87747 -2852.45772 530.51782 -2304.44575 -2199.49901 -295.25740     (-1684.360,-2321.940) (-1773.928,-1668.981) (-530.518,-825.775)     -737.11324 150.33499 -2580.93575 -1402.30481 1179.23373 -2129.84838     (-1173.686,-367.729) (-219.049,-956.163) (-223.071,-740.532)      1948.16  1948.16  
70    -2200.72987 -2843.32361 511.43807 -2308.73131 -2179.76467 -308.79623     (-1689.292,-2331.886) (-1797.293,-1668.327) (-511.438,-820.234)     -722.96565 159.46911 -2600.01549 -1406.59037 1198.96807 -2143.38720     (-1152.041,-295.116) (-268.380,-991.346) (-207.622,-656.665)      2002.28  2002.28  
71    -2186.58228 -2834.18949 492.35833 -2313.01688 -2160.03034 -322.33505     (-1694.224,-2341.831) (-1820.659,-1667.672) (-492.358,-814.693)     -708.81805 168.60322 -2619.09524 -1410.87594 1218.70241 -2156.92603     (-1130.397,-222.504) (-317.711,-1026.529) (-192.174,-572.798)      2052.56  2052.56  
72    -2172.43469 -2825.05537 473.27859 -2317.30244 -2140.29600 -335.87388     (-1699.156,-2351.777) (-1844.024,-1667.017) (-473.279,-809.152)     -694.67046 177.73734 -2638.17498 -1415.16150 1238.43674 -2170.46486     (-1108.753,-149.892) (-367.042,-1061.712) (-176.725,-488.930)      2090.08  2090.08  
73    -2158.28710 -2815.92126 454.19885 -2321.58800 -2120.56166 -349.41270     (-1704.088,-2361.722) (-1867.389,-1666.363) (-454.199,-803.612)     -680.52287 186.87145 -2657.25472 -1419.44706 1258.17108 -2184.00368     (-1087.109,-77.279) (-416.372,-1096.895) (-161.276,-405.063)      2117.51  2122.08  
74    -2144.13951 -2806.78714 435.11910 -2325.87357 -2100.82733 -362.95153     (-1709.020,-2371.668) (-1890.754,-1665.708) (-435.119,-798.071)     -666.37528 196.00557 -2676.33446 -1423.73262 1277.90542 -2197.54251     (-1065.464,-4.667) (-465.703,-1132.078) (-145.827,-321.196)      2141.83  2144.55  
75    -2129.99191 -2797.65303 416.03936 -2330.15913 -2081.09299 -376.49036     (-1713.953,-2381.614) (-1914.120,-1665.054) (-416.039,-792.530)     -652.22768 205.13969 -2695.41421 -1428.01819 1297.63975 -2211.08133     (-1111.766,-67.946) (-62.433,-1099.316) (-447.088,-169.383)      2276.62  2276.62  
76    -2115.84432 -2788.51891 396.95962 -2334.44469 -2061.35865 -390.02918     (-1718.885,-2391.559) (-1937.485,-1664.399) (-396.960,-786.989)     -638.08009 214.27380 -2714.49395 -1432.30375 1317.37409 -2224.62016     (-12.725,-127.655) (-12.903,-385.453) (-1074.790,-1124.380)      2399.44  2403.49  
77    -2101.69673 -2779.38479 377.87988 -2338.73025 -2041.62432 -403.56801     (-1723.817,-2401.505) (-1960.850,-1663.744) (-377.880,-781.448)     -623.93250 223.40792 -2733.57369 -1436.58931 1337.10843 -2238.15899     (-699.170,-213.170) (-143.576,-173.145) (-737.305,-113.690)      2619.42  2619.42  
78    -2087.54914 -2770.25068 358.80013 -2343.01582 -2021.88998 -417.10683     (-1728.749,-2411.451) (-1984.216,-1663.090) (-358.800,-775.907)     -609.78491 232.54204 -2752.65343 -1440.87488 1356.84276 -2251.69781     (-360.658,-259.524) (-326.314,-26.259) (-234.798,-175.492)      2894.07  2895.08  
79    -2073.40154 -2761.11656 339.72039 -2347.30138 -2002.15564 -430.64566                            -595.63732 241.67615 -2771.73318 -1445.16044 1376.57710 -2265.23664     invalid  
80    -2059.25395 -2751.98245 320.64065 -2351.58694 -1982.42131 -444.18449                            -581.48972 250.81027 -2790.81292 -1449.44600 1396.31144 -2278.77546     invalid  
81    -2045.10636 -2742.84833 301.56091 -2355.87251 -1962.68697 -457.72331                            -567.34213 259.94438 -2809.89266 -1453.73156 1416.04577 -2292.31429     invalid  
82    -2030.95877 -2733.71421 282.48116 -2360.15807 -1942.95263 -471.26214                            -553.19454 269.07850 -2828.97240 -1458.01713 1435.78011 -2305.85312     invalid  
83    -2016.81118 -2724.58010 263.40142 -2364.44363 -1923.21830 -484.80096                            -539.04695 278.21262 -2848.05215 -1462.30269 1455.51445 -2319.39194     invalid  
84    -2002.66358 -2715.44598 244.32168 -2368.72919 -1903.48396 -498.33979                            -524.89935 287.34673 -2867.13189 -1466.58825 1475.24878 -2332.93077     invalid  
85    -1988.51599 -2706.31187 225.24194 -2373.01476 -1883.74962 -511.87862                            -510.75176 296.48085 -2886.21163 -1470.87382 1494.98312 -2346.46959     invalid  
86    -1974.36840 -2697.17775 206.16219 -2377.30032 -1864.01529 -525.41744                            -496.60417 305.61496 -2905.29137 -1475.15938 1514.71745 -2360.00842     invalid  
87    -1960.22081 -2688.04363 187.08245 -2381.58588 -1844.28095 -538.95627                            -482.45658 314.74908 -2924.37112 -1479.44494 1534.45179 -2373.54725     invalid  
88    -1946.07322 -2678.90952 168.00271 -2385.87145 -1824.54661 -552.49509                            -468.30899 323.88320 -2943.45086 -1483.73050 1554.18613 -2387.08607     invalid  
89    -1931.92562 -2669.77540 148.92297 -2390.15701 -1804.81228 -566.03392                            -454.16139 333.01731 -2962.53060 -1488.01607 1573.92046 -2400.62490     invalid  
90    -1917.77803 -2660.64128 129.84322 -2394.44257 -1785.07794 -579.57275                            -440.01380 342.15143 -2981.61034 -1492.30163 1593.65480 -2414.16372     invalid  
91    -1903.63044 -2651.50717 110.76348 -2398.72813 -1765.34360 -593.11157                            -425.86621 351.28554 -3000.69009 -1496.58719 1613.38914 -2427.70255     invalid  
92    -1889.48285 -2642.37305  91.68374 -2403.01370 -1745.60927 -606.65040                            -411.71862 360.41966 -3019.76983 -1500.87276 1633.12347 -2441.24138     invalid  
93    -1875.33525 -2633.23894  72.60400 -2407.29926 -1725.87493 -620.18922                            -397.57102 369.55378 -3038.84957 -1505.15832 1652.85781 -2454.78020     invalid  
94    -1861.18766 -2624.10482  53.52425 -2411.58482 -1706.14059 -633.72805                            -383.42343 378.68789 -3057.92931 -1509.44388 1672.59215 -2468.31903     invalid  
95    -1847.04007 -2614.97070  34.44451 -2415.87039 -1686.40626 -647.26688                            -369.27584 387.82201 -3077.00906 -1513.72945 1692.32648 -2481.85785     invalid  
96    -1832.89248 -2605.83659  15.36477 -2420.15595 -1666.67192 -660.80570                            -355.12825 396.95612 -3096.08880 -1518.01501 1712.06082 -2495.39668     invalid  
97    -1818.74489 -2596.70247  -3.71497 -2424.44151 -1646.93758 -674.34453                            -340.98066 406.09024 -3115.16854 -1522.30057 1731.79516 -2508.93551     invalid  
98    -1804.59729 -2587.56836 -22.79472 -2428.72708 -1627.20325 -687.88335                            -326.83306 415.22436 -3134.24828 -1526.58613 1751.52949 -2522.47433     invalid  
99    -1790.44970 -2578.43424 -41.87446 -2433.01264 -1607.46891 -701.42218                            -312.68547 424.35847 -3153.32803 -1530.87170 1771.26383 -2536.01316     invalid  
