PointDistanceFollower  May 27 2018  mode = Single Point
POINT_2018-05-27.17_24_08.1_24.txt     Output is S6 probe cell, C3 reduced cell, S6Dist NCDist D7Dist CS6Dist distance between
0      7.04536 -53.81483   3.14412 -15.17065 -61.53050 -12.59994     (-52.324,-7.392) (-39.661,-5.555) (-1.491,-4.635)      0  0  0  0  
1      6.44567 -53.67186   3.09730 -15.09207 -60.96509 -12.51949     (-53.300,-8.526) (-41.507,-6.074) (-0.372,-3.469)      2.92039  3.88263  5.1632  2.92039  
2      5.84598 -53.52889   3.05048 -15.01350 -60.39968 -12.43903     (-42.607,-53.529) (-8.913,-5.846) (-3.050,-0.747)      4.47738  5.80299  8.64733  4.90175  
3      5.24629 -53.38592   3.00366 -14.93492 -59.83426 -12.35858     (-43.334,-53.386) (-8.928,-5.246) (-3.004,-1.866)      5.5683  7.24528  11.396  6.30949  
4      4.64660 -53.24295   2.95685 -14.85635 -59.26885 -12.27812     (-44.062,-53.243) (-8.943,-4.647) (-2.957,-2.985)      6.80388  8.9701  13.9856  7.42126  
5      4.04691 -53.09998   2.91003 -14.77777 -58.70344 -12.19767     (-44.790,-53.100) (-8.958,-4.047) (-2.910,-4.104)      8.11834  10.8435  16.3265  8.66358  
6      3.44722 -52.95700   2.86321 -14.69920 -58.13802 -12.11721     (-45.517,-52.957) (-8.973,-3.447) (-2.863,-5.223)      9.01351  12.8003  18.5703  9.88626  
7      2.84753 -52.81403   2.81640 -14.62062 -57.57261 -12.03676     (-46.245,-52.814) (-8.988,-2.848) (-2.816,-6.342)      9.87372  14.2389  20.5552  10.8112  
8      2.24783 -52.67106   2.76958 -14.54204 -57.00719 -11.95630     (-46.972,-52.671) (-9.003,-2.248) (-2.770,-7.461)      10.5657  15.0677  22.4195  11.6253  
9      1.64814 -52.52809   2.72276 -14.46347 -56.44178 -11.87585     (-47.700,-52.528) (-9.018,-1.648) (-2.723,-8.580)      11.1662  15.7352  23.6696  12.3327  
10      1.04845 -52.38512   2.67594 -14.38489 -55.87637 -11.79539     (-48.428,-52.385) (-9.033,-1.048) (-2.676,-9.698)      11.919  16.3051  25.008  12.7888  
11      0.44876 -52.24215   2.62913 -14.30632 -55.31095 -11.71494     (-49.155,-52.242) (-9.048,-0.449) (-2.629,-10.817)      12.7972  17.0848  26.4622  13.1856  
12     -0.15093 -52.09918   2.58231 -14.22774 -54.74554 -11.63448     (-2.431,-51.948) (-9.214,-0.151) (-49.732,-11.785)      13.7025  17.9829  27.9122  13.7025  
13     -0.75062 -51.95621   2.53549 -14.14916 -54.18013 -11.55403     (-1.785,-51.206) (-9.829,-0.751) (-49.860,-12.305)      14.3258  18.8778  29.0055  14.3258  
14     -1.35031 -51.81324   2.48868 -14.07059 -53.61471 -11.47357     (-1.138,-50.463) (-10.444,-1.350) (-49.988,-12.824)      14.315  19.9032  29.4768  14.315  
15     -1.95000 -51.67027   2.44186 -13.99201 -53.04930 -11.39312     (-0.492,-49.720) (-11.058,-1.950) (-50.116,-13.343)      14.4428  21.0399  30.0883  14.4428  
16     -2.54969 -51.52730   2.39504 -13.91344 -52.48389 -11.31266     (-0.155,-49.132) (-11.518,-50.089) (-2.395,-13.708)      14.6763  21.1224  30.675  14.7715  
17     -3.14938 -51.38433   2.34822 -13.83486 -51.91847 -11.23221     (-0.801,-49.036) (-11.487,-49.570) (-2.348,-13.580)      14.6834  20.3916  30.4687  14.6834  
18     -3.74908 -51.24136   2.30141 -13.75628 -51.35306 -11.15175     (-1.448,-48.940) (-11.455,-49.052) (-2.301,-13.453)      14.4432  19.7331  30.0572  14.4432  
19     -4.34877 -51.09839   2.25459 -13.67771 -50.78765 -11.07130     (-2.094,-48.844) (-11.423,-48.533) (-2.255,-13.326)      14.2493  19.1544  29.6903  14.2493  
20     -4.94846 -50.95542   2.20777 -13.59913 -50.22223 -10.99084     (-2.741,-48.748) (-11.391,-48.014) (-2.208,-13.199)      14.1036  18.663  29.3696  14.1036  
21     -5.54815 -50.81245   2.16096 -13.52056 -49.65682 -10.91039     (-3.387,-48.651) (-11.360,-47.496) (-2.161,-13.071)      14.0075  18.2658  29.0966  14.0075  
22     -6.14784 -50.66948   2.11414 -13.44198 -49.09141 -10.82993     (-4.034,-48.555) (-11.328,-46.977) (-2.114,-12.944)      13.4823  17.9693  28.4131  13.4823  
23     -6.74753 -50.52651   2.06732 -13.36340 -48.52599 -10.74948     (-4.680,-48.459) (-11.296,-46.459) (-2.067,-12.817)      12.99  17.7783  27.7657  12.99  
24     -7.34722 -50.38354   2.02050 -13.28483 -47.96058 -10.66902     (-5.327,-48.363) (-11.264,-45.940) (-2.021,-12.690)      12.5356  17.6963  27.1577  12.5356  
25     -7.94691 -50.24057   1.97369 -13.20625 -47.39517 -10.58857     (-5.973,-48.267) (-11.233,-45.421) (-1.974,-12.562)      12.1233  17.7248  26.592  12.1233  
26     -8.54660 -50.09760   1.92687 -13.12768 -46.82975 -10.50811     (-6.620,-48.171) (-11.201,-44.903) (-1.927,-12.435)      11.7574  17.8633  26.0713  11.7574  
27     -9.14629 -49.95463   1.88005 -13.04910 -46.26434 -10.42766     (-7.266,-48.075) (-11.169,-44.384) (-1.880,-12.308)      11.4425  18.1092  25.5984  11.4425  
28     -9.74599 -49.81166   1.83324 -12.97053 -45.69893 -10.34720     (-7.913,-47.978) (-11.137,-43.866) (-1.833,-12.180)      11.1829  18.4584  25.1758  11.1829  
29    -10.34568 -49.66869   1.78642 -12.89195 -45.13351 -10.26675     (-8.559,-47.882) (-11.106,-43.347) (-1.786,-12.053)      10.9824  18.905  24.8062  10.9824  
30    -10.94537 -49.52572   1.73960 -12.81337 -44.56810 -10.18629     (-9.206,-47.786) (-11.074,-42.828) (-1.740,-11.926)      10.8444  19.4423  24.492  10.8444  
31    -11.54506 -49.38275   1.69278 -12.73480 -44.00269 -10.10584     (-9.852,-47.690) (-11.042,-42.310) (-1.693,-11.799)      10.7712  20.063  24.2354  10.7712  
32    -12.14475 -49.23978   1.64597 -12.65622 -43.43727 -10.02538     (-10.499,-47.594) (-11.010,-41.791) (-1.646,-11.671)      10.7642  20.7597  24.0382  10.7642  
33    -12.74444 -49.09681   1.59915 -12.57765 -42.87186  -9.94493     (-11.145,-47.498) (-10.978,-41.273) (-1.599,-11.544)      10.8236  21.5251  23.9018  10.8236  
34    -13.34413 -48.95384   1.55233 -12.49907 -42.30645  -9.86447     (-11.792,-47.402) (-10.947,-40.754) (-1.552,-11.417)      10.9481  22.3519  23.8273  10.9481  
35    -13.94382 -48.81086   1.50552 -12.42049 -41.74103  -9.78402     (-12.438,-47.305) (-10.915,-40.236) (-1.506,-11.290)      11.1357  23.2337  23.8153  11.1357  
36    -14.54351 -48.66789   1.45870 -12.34192 -41.17562  -9.70356     (-13.085,-47.209) (-10.883,-39.717) (-1.459,-11.162)      11.3833  24.1645  23.8659  11.3833  
37    -15.14320 -48.52492   1.41188 -12.26334 -40.61021  -9.62311     (-13.731,-47.113) (-10.851,-39.198) (-1.412,-11.035)      11.6869  25.1388  23.9787  11.6869  
38    -15.74290 -48.38195   1.36506 -12.18477 -40.04479  -9.54265     (-14.378,-47.017) (-10.820,-38.680) (-1.365,-10.908)      12.0425  26.1518  24.1528  12.0425  
39    -16.34259 -48.23898   1.31825 -12.10619 -39.47938  -9.46220     (-15.024,-46.921) (-10.788,-38.161) (-1.318,-10.780)      12.4454  27.1991  24.3869  12.4454  
40    -16.94228 -48.09601   1.27143 -12.02761 -38.91397  -9.38174     (-15.671,-46.825) (-10.756,-37.643) (-1.271,-10.653)      12.8914  28.2769  24.6793  12.8914  
41    -17.54197 -47.95304   1.22461 -11.94904 -38.34855  -9.30129     (-16.317,-46.728) (-10.724,-37.124) (-1.225,-10.526)      13.376  29.3819  25.0279  13.376  
42    -18.14166 -47.81007   1.17780 -11.87046 -37.78314  -9.22083     (-16.964,-46.632) (-10.693,-36.605) (-1.178,-10.399)      13.8952  30.5111  25.4305  13.8952  
43    -18.74135 -47.66710   1.13098 -11.79189 -37.21773  -9.14038     (-17.610,-46.536) (-10.661,-36.087) (-1.131,-10.271)      14.4454  31.6619  25.8845  14.4454  
44    -19.34104 -47.52413   1.08416 -11.71331 -36.65231  -9.05992     (-18.257,-46.440) (-10.629,-35.568) (-1.084,-10.144)      15.0231  32.8321  26.3872  15.0231  
45    -19.94073 -47.38116   1.03734 -11.63473 -36.08690  -8.97947     (-18.903,-46.344) (-10.597,-35.050) (-1.037,-10.017)      15.6252  34.0196  26.936  15.6252  
46    -20.54042 -47.23819   0.99053 -11.55616 -35.52149  -8.89901     (-19.550,-46.248) (-10.566,-34.531) (-0.991,-9.890)      16.2491  35.2227  27.5281  16.2491  
47    -21.14011 -47.09522   0.94371 -11.47758 -34.95607  -8.81856     (-20.196,-46.152) (-10.534,-34.012) (-0.944,-9.762)      16.8923  36.4399  28.1607  16.8923  
48    -21.73980 -46.95225   0.89689 -11.39901 -34.39066  -8.73810     (-20.843,-46.055) (-10.502,-33.494) (-0.897,-9.635)      17.5527  36.6067  28.8312  17.5527  
49    -22.33950 -46.80928   0.85008 -11.32043 -33.82525  -8.65765     (-21.489,-45.959) (-10.470,-32.975) (-0.850,-9.508)      18.2284  36.6474  29.5371  18.2284  
50    -22.93919 -46.66631   0.80326 -11.24186 -33.25983  -8.57719     (-22.136,-45.863) (-10.439,-32.457) (-0.803,-9.380)      18.9179  36.7126  30.2757  18.9179  
51    -23.53888 -46.52334   0.75644 -11.16328 -32.69442  -8.49674     (-22.782,-45.767) (-10.407,-31.938) (-0.756,-9.253)      19.6195  36.8025  31.0448  19.6195  
52    -24.13857 -46.38037   0.70962 -11.08470 -32.12901  -8.41628     (-23.429,-45.671) (-10.375,-31.419) (-0.710,-9.126)      20.3322  36.9166  31.8423  20.3322  
53    -24.73826 -46.23740   0.66281 -11.00613 -31.56359  -8.33583     (-24.075,-45.575) (-10.343,-30.901) (-0.663,-8.999)      21.0547  37.055  32.6659  21.0547  
54    -25.33795 -46.09443   0.61599 -10.92755 -30.99818  -8.25537     (-24.722,-45.478) (-10.312,-30.382) (-0.616,-8.871)      21.7861  37.2171  33.5138  21.7861  
55    -25.93764 -45.95146   0.56917 -10.84898 -30.43277  -8.17492     (-25.368,-45.382) (-10.280,-29.864) (-0.569,-8.744)      22.5256  37.4029  34.3842  22.5256  
56    -26.53733 -45.80849   0.52236 -10.77040 -29.86735  -8.09446     (-26.015,-45.286) (-10.248,-29.345) (-0.522,-8.617)      23.2723  37.6118  35.2754  23.2723  
57    -27.13702 -45.66552   0.47554 -10.69182 -29.30194  -8.01401     (-26.661,-45.190) (-10.216,-28.826) (-0.476,-8.490)      24.0255  37.8435  36.1859  24.0255  
58    -27.73671 -45.52255   0.42872 -10.61325 -28.73653  -7.93355     (-27.308,-45.094) (-10.185,-28.308) (-0.429,-8.362)      24.7848  38.0977  37.1143  24.7848  
59    -28.33641 -45.37958   0.38190 -10.53467 -28.17111  -7.85310     (-27.955,-44.998) (-10.153,-27.789) (-0.382,-8.235)      25.3847  38.3738  37.8497  25.5495  
60    -28.93610 -45.23661   0.33509 -10.45610 -27.60570  -7.77264     (-28.601,-44.902) (-10.121,-27.271) (-0.335,-8.108)      24.6745  38.0652  36.9769  24.9871  
61    -29.53579 -45.09364   0.28827 -10.37752 -27.04029  -7.69219     (-29.248,-44.805) (-10.089,-26.752) (-0.288,-7.980)      23.9731  37.2673  36.1497  24.2417  
62    -30.13548 -44.95067   0.24145 -10.29894 -26.47487  -7.61173     (-29.894,-44.709) (-10.057,-26.233) (-0.241,-7.853)      23.2814  36.4775  35.0875  23.5061  
63    -30.73517 -44.80770   0.19464 -10.22037 -25.90946  -7.53128     (-30.541,-44.613) (-10.026,-25.715) (-0.195,-7.726)      22.6001  35.6961  34.0386  22.781  
64    -31.33486 -44.66472   0.14782 -10.14179 -25.34405  -7.45082     (-31.187,-44.517) (-9.994,-25.196) (-0.148,-7.599)      21.9303  34.9238  33.0043  22.0675  
65    -31.93455 -44.52175   0.10100 -10.06322 -24.77863  -7.37037     (-31.834,-44.421) (-9.962,-24.678) (-0.101,-7.471)      21.273  34.1613  31.9863  21.3667  
66    -32.53424 -44.37878   0.05418  -9.98464 -24.21322  -7.28991     (-32.480,-44.325) (-9.930,-24.159) (-0.054,-7.344)      20.6295  33.4091  30.9864  20.6796  
67    -33.13393 -44.23581   0.00737  -9.90606 -23.64781  -7.20946     (-33.127,-44.228) (-9.899,-23.640) (-0.007,-7.217)      20.001  32.6679  30.0063  20.0078  
68    -33.73362 -44.09284  -0.03945  -9.82749 -23.08239  -7.12900     (-33.734,-9.827) (-44.093,-23.082) (-0.039,-7.129)      19.3822  31.9386  29.0711  19.3822  
69    -34.33332 -43.94987  -0.08627  -9.74891 -22.51698  -7.04855     (-34.333,-9.749) (-43.950,-22.517) (-0.086,-7.049)      18.7797  31.222  28.1636  18.7797  
70    -34.93301 -43.80690  -0.13308  -9.67034 -21.95157  -6.96809     (-34.933,-9.670) (-43.807,-21.952) (-0.133,-6.968)      18.1965  30.519  27.2819  18.1965  
71    -35.53270 -43.66393  -0.17990  -9.59176 -21.38615  -6.88764     (-35.533,-9.592) (-43.664,-21.386) (-0.180,-6.888)      17.6345  29.8305  26.4286  17.6345  
72    -36.13239 -43.52096  -0.22672  -9.51318 -20.82074  -6.80718     (-36.132,-9.513) (-43.521,-20.821) (-0.227,-6.807)      17.096  29.1575  25.6065  17.096  
73    -36.73208 -43.37799  -0.27354  -9.43461 -20.25533  -6.72673     (-36.732,-9.435) (-43.378,-20.255) (-0.274,-6.727)      16.583  28.543  24.8187  16.583  
74    -37.33177 -43.23502  -0.32035  -9.35603 -19.68991  -6.64627     (-37.332,-9.356) (-43.235,-19.690) (-0.320,-6.646)      16.0981  28.2385  24.0686  16.0981  
75    -37.93146 -43.09205  -0.36717  -9.27746 -19.12450  -6.56582     (-37.931,-9.277) (-43.092,-19.124) (-0.367,-6.566)      15.6439  27.9381  23.3598  15.6439  
76    -38.53115 -42.94908  -0.41399  -9.19888 -18.55909  -6.48536     (-38.531,-9.199) (-42.949,-18.559) (-0.414,-6.485)      15.2231  27.6423  22.6961  15.2231  
77    -39.13084 -42.80611  -0.46080  -9.12031 -17.99367  -6.40491     (-39.131,-9.120) (-42.806,-17.994) (-0.461,-6.405)      14.8386  27.0256  22.0818  14.8386  
78    -39.73053 -42.66314  -0.50762  -9.04173 -17.42826  -6.32445     (-39.731,-9.042) (-42.663,-17.428) (-0.508,-6.324)      14.4932  26.1442  21.5209  14.4932  
79    -40.33022 -42.52017  -0.55444  -8.96315 -16.86285  -6.24400     (-40.330,-8.963) (-42.520,-16.863) (-0.554,-6.244)      14.1899  25.2685  21.0177  14.1899  
80    -40.92992 -42.37720  -0.60126  -8.88458 -16.29743  -6.16354     (-40.930,-8.885) (-42.377,-16.297) (-0.601,-6.164)      13.9313  24.3991  20.5766  13.9313  
81    -41.52961 -42.23423  -0.64807  -8.80600 -15.73202  -6.08309     (-41.530,-8.806) (-42.234,-15.732) (-0.648,-6.083)      13.72  23.5369  20.2014  13.72  
82    -42.12930 -42.09126  -0.69489  -8.72743 -15.16661  -6.00263     (-42.129,-8.727) (-42.091,-15.167) (-0.695,-6.003)      13.5582  22.6826  19.8961  13.5582  
83    -42.72899 -41.94829  -0.74171  -8.64885 -14.60119  -5.92218     (-42.729,-8.649) (-41.948,-14.601) (-0.742,-5.922)      13.4477  21.8372  19.6638  13.4477  
84    -43.32868 -41.80532  -0.78853  -8.57027 -14.03578  -5.84172     (-43.329,-8.570) (-41.805,-14.036) (-0.789,-5.842)      12.6801  20.535  18.5346  12.6801  
85    -43.92837 -41.66235  -0.83534  -8.49170 -13.47037  -5.76127     (-43.928,-8.492) (-41.662,-13.470) (-0.835,-5.761)      11.8348  19.166  17.2989  11.8348  
86    -44.52806 -41.51938  -0.88216  -8.41312 -12.90495  -5.68081     (-44.528,-8.413) (-41.519,-12.905) (-0.882,-5.681)      10.9894  17.797  16.0633  10.9894  
87    -45.12775 -41.37641  -0.92898  -8.33455 -12.33954  -5.60036     (-45.128,-8.335) (-41.376,-12.340) (-0.929,-5.600)      10.1441  16.428  14.8277  10.1441  
88    -45.72744 -41.23344  -0.97579  -8.25597 -11.77413  -5.51990     (-45.727,-8.256) (-41.233,-11.774) (-0.976,-5.520)      9.29875  15.059  13.592  9.29875  
89    -46.32713 -41.09047  -1.02261  -8.17739 -11.20871  -5.43945     (-46.327,-8.177) (-41.090,-11.209) (-1.023,-5.439)      8.45341  13.69  12.3564  8.45341  
90    -46.92683 -40.94750  -1.06943  -8.09882 -10.64330  -5.35899     (-46.927,-8.099) (-40.947,-10.643) (-1.069,-5.359)      7.60807  12.321  11.1207  7.60807  
91    -47.52652 -40.80453  -1.11625  -8.02024 -10.07789  -5.27854     (-47.527,-8.020) (-40.805,-10.078) (-1.116,-5.279)      6.76273  10.952  9.8851  6.76273  
92    -48.12621 -40.66156  -1.16306  -7.94167  -9.51247  -5.19808     (-48.126,-7.942) (-40.662,-9.512) (-1.163,-5.198)      5.91739  9.583  8.64947  5.91739  
93    -48.72590 -40.51858  -1.20988  -7.86309  -8.94706  -5.11763     (-48.726,-7.863) (-40.519,-8.947) (-1.210,-5.118)      5.07204  8.214  7.41383  5.07204  
94    -49.32559 -40.37561  -1.25670  -7.78451  -8.38165  -5.03717     (-49.326,-7.785) (-40.376,-8.382) (-1.257,-5.037)      4.2267  6.845  6.17819  4.2267  
95    -49.92528 -40.23264  -1.30351  -7.70594  -7.81623  -4.95672     (-49.925,-7.706) (-40.233,-7.816) (-1.304,-4.957)      3.38136  5.476  4.94255  3.38136  
96    -50.52497 -40.08967  -1.35033  -7.62736  -7.25082  -4.87626     (-50.525,-7.627) (-40.090,-7.251) (-1.350,-4.876)      2.53602  4.107  3.70691  2.53602  
97    -51.12466 -39.94670  -1.39715  -7.54879  -6.68541  -4.79581     (-51.125,-7.549) (-39.947,-6.685) (-1.397,-4.796)      1.69068  2.738  2.47128  1.69068  
98    -51.72435 -39.80373  -1.44397  -7.47021  -6.11999  -4.71535     (-51.724,-7.470) (-39.804,-6.120) (-1.444,-4.715)      0.845341  1.369  1.23564  0.845341  
99    -52.32404 -39.66076  -1.49078  -7.39164  -5.55458  -4.63490     (-52.324,-7.392) (-39.661,-5.555) (-1.491,-4.635)      0  0  0  0  
