PointDistanceFollower   Jun 17 2018   mode =  LINE3 
LINE3_RAND_20%_.13_0.txt      Output is S6 probe cell, C3 reduced cell,  S6Dist CS6Dist  distance between 
Compute times (msec)     S6Dist   60   CS6Dist  1
PointDistanceFollower  Jun 17 2018  mode = LINE3
LINE3_RAND_20%_.13_0.txt     Output is S6 probe cell, C3 reduced cell, S6Dist CS6Dist distance between
0    -1968.83471 -3065.45178 1209.19290 -2591.70718 -2306.84009 1107.90938     (-759.642,-1856.259) (-1382.514,-1097.647) (-1209.193,-101.284)     -2086.82120 1372.08339 -2523.73140 -3377.26269 1152.70606 -2754.69060     (-1382.607,-2005.179) (-1372.083,-219.377) (-1151.648,-714.738)      672.177  731.462  
1    -1935.08067 -3080.56750 1201.61094 -2556.79860 -2315.03677 1090.36755     (-733.470,-1878.957) (-1355.188,-1113.426) (-1201.611,-111.243)     -2053.06716 1356.96766 -2531.31337 -3342.35411 1144.50939 -2772.23243     (-1415.265,-1985.386) (-1356.968,-212.458) (-1174.346,-696.099)      686.468  747.768  
2    -1901.32662 -3095.68323 1194.02897 -2521.89002 -2323.23344 1072.82572     (-707.298,-1901.654) (-1327.861,-1129.204) (-1194.029,-121.203)     -2019.31311 1341.85194 -2538.89533 -3307.44553 1136.31271 -2789.77426     (-1447.922,-1965.594) (-1341.852,-205.539) (-1197.043,-677.461)      704.164  767.582  
3    -1867.57258 -3110.79895 1186.44701 -2486.98144 -2331.43011 1055.28389     (-681.126,-1924.352) (-1300.534,-1144.983) (-1186.447,-131.163)     -1985.55907 1326.73621 -2546.47729 -3272.53695 1128.11604 -2807.31608     (-1480.580,-1945.801) (-1326.736,-198.620) (-1219.741,-658.823)      725.018  790.601  
4    -1833.81853 -3125.91467 1178.86505 -2452.07286 -2339.62679 1037.74207     (-654.953,-1947.050) (-1273.208,-1160.762) (-1178.865,-141.123)     -1951.80502 1311.62049 -2554.05926 -3237.62837 1119.91936 -2824.85791     (-1513.237,-1926.008) (-1311.620,-191.701) (-1242.439,-640.185)      737.98  805.218  
5    -1800.06449 -3141.03040 1171.28308 -2417.16428 -2347.82346 1020.20024     (-628.781,-1969.747) (-1245.881,-1176.540) (-1171.283,-151.083)     -1918.05098 1296.50476 -2561.64122 -3202.71979 1111.72269 -2842.39974     (-1545.895,-1906.215) (-1296.505,-184.782) (-1265.136,-621.546)      712.157  779.132  
6    -1766.31045 -3156.14612 1163.70112 -2382.25570 -2356.02014 1002.65841     (-602.609,-1992.445) (-1218.555,-1192.319) (-1163.701,-161.043)     -1884.29693 1281.38904 -2569.22318 -3167.81121 1103.52601 -2859.94156     (-1578.553,-1886.422) (-1281.389,-177.863) (-1287.834,-602.908)      689.141  755.98  
7    -1732.55640 -3171.26185 1156.11916 -2347.34712 -2364.21681 985.11659     (-576.437,-2015.143) (-1191.228,-1208.098) (-1156.119,-171.003)     -1850.54289 1266.27332 -2576.80515 -3132.90264 1095.32934 -2877.48339     (-1611.210,-1866.629) (-1266.273,-170.944) (-1310.532,-584.270)      669.222  736.084  
8    -1698.80236 -3186.37757 1148.53719 -2312.43855 -2372.41349 967.57476     (-550.265,-2037.840) (-1163.901,-1223.876) (-1148.537,-180.962)     -1816.78884 1251.15759 -2584.38711 -3097.99406 1087.13266 -2895.02522     (-1643.868,-1846.836) (-1251.158,-164.025) (-1333.230,-565.631)      652.682  719.757  
9    -1665.04831 -3201.49330 1140.95523 -2277.52997 -2380.61016 950.03293     (-524.093,-2060.538) (-1136.575,-1239.655) (-1140.955,-190.922)     -1783.03480 1236.04187 -2591.96907 -3063.08548 1078.93599 -2912.56705     (-1676.525,-1827.044) (-1236.042,-157.106) (-1355.927,-546.993)      639.785  707.288  
10    -1631.29427 -3216.60902 1133.37326 -2242.62139 -2388.80684 932.49110     (-497.921,-2083.236) (-1109.248,-1255.434) (-1133.373,-200.882)     -1749.28075 1220.92614 -2599.55104 -3028.17690 1070.73932 -2930.10887     (-1709.183,-1807.251) (-1220.926,-150.187) (-1378.625,-528.355)      630.753  698.919  
11    -1597.54022 -3231.72474 1125.79130 -2207.71281 -2397.00351 914.94928     (-471.749,-2105.933) (-1081.922,-1271.212) (-1125.791,-210.842)     -1715.52671 1205.81042 -2607.13300 -2993.26832 1062.54264 -2947.65070     (-1741.840,-1787.458) (-1205.810,-143.268) (-1401.323,-509.716)      625.755  694.823  
12    -1563.78618 -3246.84047 1118.20934 -2172.80423 -2405.20018 897.40745     (-445.577,-2128.631) (-1054.595,-1286.991) (-1118.209,-220.802)     -1681.77267 1190.69469 -2614.71497 -2958.35974 1054.34597 -2965.19253     (-1774.498,-1767.665) (-1190.695,-136.349) (-1424.020,-491.078)      624.887  695.089  
13    -1530.03213 -3261.95619 1110.62737 -2137.89565 -2413.39686 879.86562     (-419.405,-2151.329) (-1027.268,-1302.769) (-1110.627,-230.762)     -1648.01862 1175.57897 -2622.29693 -2923.45116 1046.14929 -2982.73435     (-1807.155,-1747.872) (-1175.579,-129.430) (-1446.718,-472.440)      628.165  699.711  
14    -1496.27809 -3277.07192 1103.04541 -2102.98707 -2421.59353 862.32379     (-393.233,-2174.027) (-999.942,-1318.548) (-1103.045,-240.722)     -1614.26458 1160.46325 -2629.87889 -2888.54258 1037.95262 -3000.27618     (-1839.813,-1728.079) (-1160.463,-122.511) (-1469.416,-453.801)      635.527  708.588  
15    -1462.52404 -3292.18764 1095.46345 -2068.07849 -2429.79021 844.78197     (-367.061,-2196.724) (-972.615,-1334.327) (-1095.463,-250.681)     -1580.51053 1145.34752 -2637.46086 -2853.63400 1029.75594 -3017.81801     (-1872.470,-1708.286) (-1145.348,-115.592) (-1492.113,-435.163)      646.832  721.54  
16    -1428.77000 -3307.30337 1087.88148 -2033.16991 -2437.98688 827.24014     (-340.889,-2219.422) (-945.288,-1350.105) (-1087.881,-260.641)     -1546.75649 1130.23180 -2645.04282 -2818.72543 1021.55927 -3035.35984     (-1905.128,-1688.494) (-1130.232,-108.673) (-1514.811,-416.525)      661.878  738.317  
17    -1395.01595 -3322.41909 1080.29952 -1998.26133 -2446.18356 809.69831     (-314.716,-2242.120) (-917.962,-1365.884) (-1080.300,-270.601)     -1513.00244 1115.11607 -2652.62478 -2783.81685 1013.36259 -3052.90166     (-1937.786,-1668.701) (-1115.116,-101.753) (-1537.509,-397.886)      680.418  758.626  
18    -1361.26191 -3337.53481 1072.71756 -1963.35276 -2454.38023 792.15649     (-288.544,-2264.817) (-890.635,-1381.663) (-1072.718,-280.561)     -1479.24840 1100.00035 -2660.20675 -2748.90827 1005.16592 -3070.44349     (-1970.443,-1648.908) (-1100.000,-94.834) (-1560.206,-379.248)      702.175  776.63  
19    -1327.50787 -3352.65054 1065.13559 -1928.44418 -2462.57691 774.61466     (-262.372,-2287.515) (-863.309,-1397.441) (-1065.136,-290.521)     -1445.49435 1084.88462 -2667.78871 -2713.99969 996.96924 -3087.98532     (-2003.101,-1629.115) (-1084.885,-87.915) (-1582.904,-360.610)      726.859  796.99  
20    -1293.75382 -3367.76626 1057.55363 -1893.53560 -2470.77358 757.07283     (-236.200,-2310.213) (-835.982,-1413.220) (-1057.554,-300.481)     -1411.74031 1069.76890 -2675.37067 -2679.09111 988.77257 -3105.52714     (-2035.758,-1609.322) (-1069.769,-80.996) (-1605.602,-341.971)      754.184  819.796  
21    -1259.99978 -3382.88199 1049.97167 -1858.62702 -2478.97026 739.53100     (-210.028,-2332.910) (-808.655,-1428.999) (-1049.972,-310.441)     -1377.98626 1054.65318 -2682.95264 -2644.18253 980.57590 -3123.06897     (-2068.416,-1589.529) (-1054.653,-74.077) (-1628.299,-323.333)      783.873  844.768  
22    -1226.24573 -3397.99771 1042.38970 -1823.71844 -2487.16693 721.98918     (-183.856,-2355.608) (-781.329,-1444.777) (-1042.390,-320.401)     -1344.23222 1039.53745 -2690.53460 -2609.27395 972.37922 -3140.61080     (-2101.073,-1569.737) (-1039.537,-67.158) (-1650.997,-304.695)      815.668  871.646  
23    -1192.49169 -3413.11344 1034.80774 -1788.80986 -2495.36360 704.44735     (-157.684,-2378.306) (-754.002,-1460.556) (-1034.808,-330.360)     -1310.47817 1024.42173 -2698.11656 -2574.36537 964.18255 -3158.15263     (-2133.731,-1549.944) (-1024.422,-60.239) (-1673.695,-286.056)      849.333  900.201  
24    -1158.73764 -3428.22916 1027.22578 -1753.90128 -2503.56028 686.90552     (-131.512,-2401.003) (-726.676,-1476.335) (-1027.226,-340.320)     -1276.72413 1009.30600 -2705.69853 -2539.45679 955.98587 -3175.69445     (-2166.388,-1530.151) (-1009.306,-53.320) (-1696.393,-267.418)      884.655  930.23  
25    -1124.98360 -3443.34488 1019.64381 -1718.99270 -2511.75695 669.36370     (-105.340,-2423.701) (-699.349,-1492.113) (-1019.644,-350.280)     -1242.97009 994.19028 -2713.28049 -2504.54821 947.78920 -3193.23628     (-2199.046,-1510.358) (-994.190,-46.401) (-1719.090,-248.780)      921.442  961.553  
26    -1091.22955 -3458.46061 1012.06185 -1684.08412 -2519.95363 651.82187     (-79.168,-2446.399) (-672.022,-1507.892) (-1012.062,-360.240)     -1209.21604 979.07455 -2720.86245 -2469.63964 939.59252 -3210.77811     (-2231.704,-1490.565) (-979.075,-39.482) (-1741.788,-230.141)      959.526  993.675  
27    -1057.47551 -3473.57633 1004.47988 -1649.17555 -2528.15030 634.28004     (-52.996,-2469.096) (-644.696,-1523.670) (-1004.480,-370.200)     -1175.46200 963.95883 -2728.44442 -2434.73106 931.39585 -3228.31994     (-2264.361,-1470.772) (-963.959,-32.563) (-1764.486,-211.503)      998.76  1025.94  
28    -1023.72146 -3488.69206 996.89792 -1614.26697 -2536.34698 616.73821     (-26.824,-2491.794) (-617.369,-1539.449) (-996.898,-380.160)     -1141.70795 948.84311 -2736.02638 -2399.82248 923.19917 -3245.86176     (-2297.019,-1450.979) (-948.843,-25.644) (-1787.183,-192.865)      1039.01  1059.69  
29    -989.96742 -3503.80778 989.31596 -1579.35839 -2544.54365 599.19639     (-0.651,-2514.492) (-590.042,-1555.228) (-989.316,-390.120)     -1107.95391 933.72738 -2743.60835 -2364.91390 915.00250 -3263.40359     (-2329.676,-1431.187) (-933.727,-18.725) (-1809.881,-174.227)      1080.17  1094.77  
30    -956.21337 -3518.92351 981.73399 -1544.44981 -2552.74033 581.65456     (-25.521,-2562.710) (-537.195,-956.213) (-1545.486,-374.559)     -1074.19986 918.61166 -2751.19031 -2330.00532 906.80582 -3280.94542     (-2362.334,-1411.394) (-918.612,-11.806) (-1832.579,-155.588)      1122.13  1131.04  
31    -922.45933 -3534.03923 974.15203 -1509.54123 -2560.93700 564.11273     (-51.693,-2611.580) (-483.696,-922.459) (-1535.092,-358.347)     -1040.44582 903.49593 -2758.77227 -2295.09674 898.60915 -3298.48724     (-2394.991,-1391.601) (-903.496,-4.887) (-1855.276,-136.950)      1164.81  1168.38  
32    -888.70529 -3549.15495 966.57007 -1474.63265 -2569.13367 546.57091     (-77.865,-2660.450) (-430.198,-888.705) (-1524.699,-342.134)     -1006.69177 888.38021 -2766.35424 -2260.18816 890.41248 -3316.02907     (-1875.942,-1369.776) (-2.032,-890.412) (-116.279,-2425.617)      1206.42  1206.42  
33    -854.95124 -3564.27068 958.98810 -1439.72407 -2577.33035 529.02908     (-104.037,-2709.319) (-376.699,-854.951) (-1514.305,-325.922)     -972.93773 873.26448 -2773.93620 -2225.27958 882.21580 -3333.57090     (-1891.720,-1343.064) (-8.951,-882.216) (-90.722,-2451.355)      1244.65  1244.65  
34    -821.19720 -3579.38640 951.40614 -1404.81549 -2585.52702 511.48725     (-130.209,-2758.189) (-323.200,-821.197) (-1503.912,-309.710)     -939.18368 858.14876 -2781.51816 -2190.37100 874.01913 -3351.11273     (-1907.499,-1316.352) (-15.870,-874.019) (-65.165,-2477.094)      1270.85  1283.59  
35    -787.44315 -3594.50213 943.82418 -1369.90691 -2593.72370 493.94542     (-156.381,-2807.059) (-269.702,-787.443) (-1493.518,-293.498)     -905.42964 843.03304 -2789.10013 -2155.46243 865.82245 -3368.65455     (-1923.278,-1289.640) (-22.789,-865.822) (-39.607,-2502.832)      1278.79  1294.02  
36    -753.68911 -3609.61785 936.24221 -1334.99834 -2601.92037 476.40360     (-182.553,-2855.929) (-216.203,-753.689) (-1483.125,-277.286)     -871.67559 827.91731 -2796.68209 -2120.55385 857.62578 -3386.19638     (-1939.056,-1262.928) (-29.708,-857.626) (-14.050,-2528.571)      1288.54  1294.16  
37    -719.93506 -3624.73358 928.66025 -1300.08976 -2610.11705 458.86177     (-208.725,-2904.799) (-162.704,-719.935) (-1472.732,-261.073)     -837.92155 812.80159 -2804.26405 -2085.64527 849.42910 -3403.73821     (-1943.327,-25.120) (-1224.709,-837.922) (-11.508,-2565.817)      1303.95  1303.95  
38    -686.18102 -3639.84930 921.07829 -1265.18118 -2618.31372 441.31994     (-234.897,-2953.668) (-109.206,-686.181) (-1462.338,-244.861)     -804.16751 797.68586 -2811.84602 -2050.73669 841.23243 -3421.28003     (-1933.549,-6.482) (-1172.439,-804.168) (-37.065,-2617.113)      1328.52  1328.52  
39    -652.42697 -3654.96502 913.49632 -1230.27260 -2626.51040 423.77812     (-261.069,-3002.538) (-55.707,-652.427) (-1451.945,-228.649)     -770.41346 782.57014 -2819.42798 -2015.82811 833.03575 -3438.82186     (-1935.927,-12.157) (-50.466,-758.257) (-1108.013,-2656.252)      1369.11  1372.95  
40    -618.67293 -3670.08075 905.91436 -1195.36402 -2634.70707 406.23629     (-287.241,-3051.408) (-2.208,-618.673) (-1441.551,-212.437)     -736.65942 767.45441 -2827.00994 -1980.91953 824.83908 -3456.36369     (-1944.786,-30.795) (-57.385,-705.864) (-1037.106,-2688.909)      1420.5  1430.29  
41    -584.91888 -3685.19647 898.33240 -1160.45544 -2642.90375 388.69446     (-144.934,-3048.987) (-51.290,-636.209) (-1379.867,-262.123)     -702.90537 752.33869 -2834.59191 -1946.01095 816.64241 -3473.90552     (-1953.646,-49.433) (-64.304,-653.472) (-966.198,-2721.567)      1476.41  1492.29  
42    -551.16484 -3700.31220 890.75043 -1125.54686 -2651.10042 371.15263     (-75.223,-3044.358) (-104.789,-655.954) (-1315.975,-234.796)     -669.15133 737.22297 -2842.17387 -1911.10237 808.44573 -3491.44734     (-1962.505,-68.072) (-71.223,-601.080) (-895.291,-2754.224)      1536.36  1558.46  
43    -517.41079 -3715.42792 883.16847 -1090.63828 -2659.29709 353.61081     (-5.512,-3039.729) (-158.288,-675.699) (-1252.083,-207.470)     -635.39728 722.10724 -2849.75583 -1876.19379 800.24906 -3508.98917     (-1971.365,-86.710) (-78.142,-548.687) (-824.383,-2786.882)      1599.88  1628.36  
44    -483.65675 -3730.54365 875.58650 -1055.72970 -2667.49377 336.06898     (-64.199,-3099.299) (-147.588,-1123.992) (-631.245,-115.944)     -601.64324 706.99152 -2857.33780 -1841.28522 792.05238 -3526.53100     (-1980.225,-105.348) (-85.061,-496.295) (-753.475,-2819.539)      1666.57  1701.56  
45    -449.90271 -3745.65937 868.00454 -1020.82113 -2675.69044 318.52715     (-133.910,-3164.381) (-131.376,-990.389) (-581.278,-18.907)     -567.88919 691.87579 -2864.91976 -1806.37664 783.85571 -3544.07282     (-1989.084,-123.987) (-91.980,-443.903) (-682.568,-2852.197)      1736.07  1777.67  
46    -416.14866 -3760.77509 860.42258 -985.91255 -2683.88712 300.98532     (-37.033,-3151.332) (-125.490,-778.655) (-609.443,-78.131)     -534.13515 676.76007 -2872.50173 -1771.46806 775.65903 -3561.61465     (-1997.944,-142.625) (-98.899,-391.510) (-611.660,-2884.855)      1808.05  1856.32  
47    -382.39462 -3775.89082 852.84061 -951.00397 -2692.08379 283.44350     (-76.217,-3195.594) (-21.946,-580.297) (-471.798,-98.951)     -500.38110 661.64434 -2880.08369 -1736.55948 767.46236 -3579.15648     (-2006.803,-161.263) (-105.818,-339.118) (-540.753,-2917.512)      1882.23  1927.36  
48    -348.64057 -3791.00654 845.25865 -916.09539 -2700.28047 265.90167     (-570.244,-3167.535) (-109.353,-26.614) (-9.277,-8.332)     -466.62706 646.52862 -2887.66565 -1701.65090 759.26568 -3596.69831     (-2015.663,-179.902) (-112.737,-286.725) (-469.845,-2950.170)      1939.17  1939.17  
49    -314.88653 -3806.12227 837.67669 -881.18681 -2708.47714 248.35984                            -432.87301 631.41290 -2895.24762 -1666.74232 751.06901 -3614.24013     invalid  
50    -281.13248 -3821.23799 830.09472 -846.27823 -2716.67382 230.81802                            -399.11897 616.29717 -2902.82958 -1631.83374 742.87233 -3631.78196     invalid  
51    -247.37844 -3836.35371 822.51276 -811.36965 -2724.87049 213.27619                            -365.36493 601.18145 -2910.41154 -1596.92516 734.67566 -3649.32379     invalid  
52    -213.62439 -3851.46944 814.93080 -776.46107 -2733.06717 195.73436                            -331.61088 586.06572 -2917.99351 -1562.01658 726.47899 -3666.86562     invalid  
53    -179.87035 -3866.58516 807.34883 -741.55249 -2741.26384 178.19253                            -297.85684 570.95000 -2925.57547 -1527.10801 718.28231 -3684.40744     invalid  
54    -146.11630 -3881.70089 799.76687 -706.64392 -2749.46051 160.65071                            -264.10279 555.83427 -2933.15743 -1492.19943 710.08564 -3701.94927     invalid  
55    -112.36226 -3896.81661 792.18491 -671.73534 -2757.65719 143.10888                            -230.34875 540.71855 -2940.73940 -1457.29085 701.88896 -3719.49110     invalid  
56    -78.60821 -3911.93234 784.60294 -636.82676 -2765.85386 125.56705                            -196.59470 525.60283 -2948.32136 -1422.38227 693.69229 -3737.03292     invalid  
57    -44.85417 -3927.04806 777.02098 -601.91818 -2774.05054 108.02523                            -162.84066 510.48710 -2955.90332 -1387.47369 685.49561 -3754.57475     invalid  
58    -11.10013 -3942.16378 769.43902 -567.00960 -2782.24721  90.48340                            -129.08661 495.37138 -2963.48529 -1352.56511 677.29894 -3772.11658     invalid  
59     22.65392 -3957.27951 761.85705 -532.10102 -2790.44389  72.94157                            -95.33257 480.25565 -2971.06725 -1317.65653 669.10226 -3789.65841     invalid  
60     56.40796 -3972.39523 754.27509 -497.19244 -2798.64056  55.39974                            -61.57852 465.13993 -2978.64921 -1282.74795 660.90559 -3807.20023     invalid  
61     90.16201 -3987.51096 746.69312 -462.28386 -2806.83724  37.85792                            -27.82448 450.02420 -2986.23118 -1247.83937 652.70891 -3824.74206     invalid  
62    123.91605 -4002.62668 739.11116 -427.37528 -2815.03391  20.31609                              5.92957 434.90848 -2993.81314 -1212.93080 644.51224 -3842.28389     invalid  
63    157.67010 -4017.74241 731.52920 -392.46671 -2823.23058   2.77426                             39.68361 419.79276 -3001.39511 -1178.02222 636.31557 -3859.82571     invalid  
64    191.42414 -4032.85813 723.94723 -357.55813 -2831.42726 -14.76756                             73.43765 404.67703 -3008.97707 -1143.11364 628.11889 -3877.36754     invalid  
65    225.17819 -4047.97385 716.36527 -322.64955 -2839.62393 -32.30939                            107.19170 389.56131 -3016.55903 -1108.20506 619.92222 -3894.90937     invalid  
66    258.93223 -4063.08958 708.78331 -287.74097 -2847.82061 -49.85122                            140.94574 374.44558 -3024.14100 -1073.29648 611.72554 -3912.45120     invalid  
67    292.68628 -4078.20530 701.20134 -252.83239 -2856.01728 -67.39305                            174.69979 359.32986 -3031.72296 -1038.38790 603.52887 -3929.99302     invalid  
68    326.44032 -4093.32103 693.61938 -217.92381 -2864.21396 -84.93487                            208.45383 344.21414 -3039.30492 -1003.47932 595.33219 -3947.53485     invalid  
69    360.19437 -4108.43675 686.03742 -183.01523 -2872.41063 -102.47670                            242.20788 329.09841 -3046.88689 -968.57074 587.13552 -3965.07668     invalid  
70    393.94841 -4123.55248 678.45545 -148.10665 -2880.60731 -120.01853                            275.96192 313.98269 -3054.46885 -933.66216 578.93884 -3982.61850     invalid  
71    427.70245 -4138.66820 670.87349 -113.19807 -2888.80398 -137.56036                            309.71597 298.86696 -3062.05081 -898.75359 570.74217 -4000.16033     invalid  
72    461.45650 -4153.78392 663.29153 -78.28950 -2897.00066 -155.10218                            343.47001 283.75124 -3069.63278 -863.84501 562.54550 -4017.70216     invalid  
73    495.21054 -4168.89965 655.70956 -43.38092 -2905.19733 -172.64401                            377.22406 268.63551 -3077.21474 -828.93643 554.34882 -4035.24399     invalid  
74    528.96459 -4184.01537 648.12760  -8.47234 -2913.39400 -190.18584                            410.97810 253.51979 -3084.79670 -794.02785 546.15215 -4052.78581     invalid  
75    562.71863 -4199.13110 640.54564  26.43624 -2921.59068 -207.72766                            444.73215 238.40407 -3092.37867 -759.11927 537.95547 -4070.32764     invalid  
76    596.47268 -4214.24682 632.96367  61.34482 -2929.78735 -225.26949                            478.48619 223.28834 -3099.96063 -724.21069 529.75880 -4087.86947     invalid  
77    630.22672 -4229.36255 625.38171  96.25340 -2937.98403 -242.81132                            512.24023 208.17262 -3107.54259 -689.30211 521.56212 -4105.41129     invalid  
78    663.98077 -4244.47827 617.79974 131.16198 -2946.18070 -260.35315                            545.99428 193.05689 -3115.12456 -654.39353 513.36545 -4122.95312     invalid  
79    697.73481 -4259.59399 610.21778 166.07056 -2954.37738 -277.89497                            579.74832 177.94117 -3122.70652 -619.48495 505.16877 -4140.49495     invalid  
80    731.48886 -4274.70972 602.63582 200.97914 -2962.57405 -295.43680                            613.50237 162.82544 -3130.28849 -584.57638 496.97210 -4158.03678     invalid  
81    765.24290 -4289.82544 595.05385 235.88772 -2970.77073 -312.97863                            647.25641 147.70972 -3137.87045 -549.66780 488.77542 -4175.57860     invalid  
82    798.99695 -4304.94117 587.47189 270.79629 -2978.96740 -330.52045                            681.01046 132.59400 -3145.45241 -514.75922 480.57875 -4193.12043     invalid  
83    832.75099 -4320.05689 579.88993 305.70487 -2987.16408 -348.06228                            714.76450 117.47827 -3153.03438 -479.85064 472.38208 -4210.66226     invalid  
84    866.50503 -4335.17262 572.30796 340.61345 -2995.36075 -365.60411                            748.51855 102.36255 -3160.61634 -444.94206 464.18540 -4228.20409     invalid  
85    900.25908 -4350.28834 564.72600 375.52203 -3003.55742 -383.14594                            782.27259  87.24682 -3168.19830 -410.03348 455.98873 -4245.74591     invalid  
86    934.01312 -4365.40406 557.14404 410.43061 -3011.75410 -400.68776                            816.02664  72.13110 -3175.78027 -375.12490 447.79205 -4263.28774     invalid  
87    967.76717 -4380.51979 549.56207 445.33919 -3019.95077 -418.22959                            849.78068  57.01537 -3183.36223 -340.21632 439.59538 -4280.82957     invalid  
88    1001.52121 -4395.63551 541.98011 480.24777 -3028.14745 -435.77142                            883.53473  41.89965 -3190.94419 -305.30774 431.39870 -4298.37139     invalid  
89    1035.27526 -4410.75124 534.39815 515.15635 -3036.34412 -453.31324                            917.28877  26.78393 -3198.52616 -270.39916 423.20203 -4315.91322     invalid  
90    1069.02930 -4425.86696 526.81618 550.06493 -3044.54080 -470.85507                            951.04281  11.66820 -3206.10812 -235.49059 415.00535 -4333.45505     invalid  
91    1102.78335 -4440.98269 519.23422 584.97350 -3052.73747 -488.39690                            984.79686  -3.44752 -3213.69008 -200.58201 406.80868 -4350.99688     invalid  
92    1136.53739 -4456.09841 511.65226 619.88208 -3060.93415 -505.93873                            1018.55090 -18.56325 -3221.27205 -165.67343 398.61201 -4368.53870     invalid  
93    1170.29144 -4471.21413 504.07029 654.79066 -3069.13082 -523.48055                            1052.30495 -33.67897 -3228.85401 -130.76485 390.41533 -4386.08053     invalid  
94    1204.04548 -4486.32986 496.48833 689.69924 -3077.32749 -541.02238                            1086.05899 -48.79470 -3236.43597 -95.85627 382.21866 -4403.62236     invalid  
95    1237.79953 -4501.44558 488.90636 724.60782 -3085.52417 -558.56421                            1119.81304 -63.91042 -3244.01794 -60.94769 374.02198 -4421.16418     invalid  
96    1271.55357 -4516.56131 481.32440 759.51640 -3093.72084 -576.10603                            1153.56708 -79.02614 -3251.59990 -26.03911 365.82531 -4438.70601     invalid  
97    1305.30761 -4531.67703 473.74244 794.42498 -3101.91752 -593.64786                            1187.32113 -94.14187 -3259.18187   8.86947 357.62863 -4456.24784     invalid  
98    1339.06166 -4546.79276 466.16047 829.33356 -3110.11419 -611.18969                            1221.07517 -109.25759 -3266.76383  43.77805 349.43196 -4473.78967     invalid  
99    1372.81570 -4561.90848 458.57851 864.24214 -3118.31087 -628.73152                            1254.82922 -124.37332 -3274.34579  78.68662 341.23528 -4491.33149     invalid  
