PointDistanceFollower   Jun 17 2018   mode =  LINE3 
LINE3_RAND_20%_.21_0.txt      Output is S6 probe cell, C3 reduced cell,  S6Dist CS6Dist  distance between 
Compute times (msec)     S6Dist   91   CS6Dist  3
PointDistanceFollower  Jun 17 2018  mode = LINE3
LINE3_RAND_20%_.21_0.txt     Output is S6 probe cell, C3 reduced cell, S6Dist CS6Dist distance between
0    1745.97640 -2934.04343 -2010.06145 -43.03527 -3558.15291 -2750.02317     (-1745.976,-1789.012) (-1188.067,-264.085) (-1812.177,-1004.047)     -2030.43127 -1857.41109 793.20809 -1178.26841 -2295.14843 773.96036     (-1237.223,-1064.203) (-385.060,-1501.940) (-793.208,-19.248)      1210.18  1210.18  
1    1754.31250 -2954.17171 -2029.12680 -17.50982 -3541.43896 -2779.84170     (-1754.313,-1771.822) (-1199.859,-274.814) (-1787.126,-1025.529)     -2022.09517 -1877.53937 774.14274 -1152.74296 -2278.43448 744.14183     (-1247.952,-1103.397) (-378.600,-1504.292) (-774.143,-30.001)      1190.7  1190.7  
2    1762.64861 -2974.29999 -2048.19216   8.01563 -3524.72501 -2809.66022     (-1762.649,-1754.633) (-1211.651,-285.544) (-1762.076,-1047.012)     -2013.75906 -1897.66765 755.07738 -1127.21752 -2261.72053 714.32331     (-1258.682,-1142.590) (-372.140,-1506.643) (-755.077,-40.754)      1172.75  1172.75  
3    1770.98471 -2994.42827 -2067.25751  33.54108 -3508.01107 -2839.47874     (-1770.985,-1737.444) (-1223.444,-296.273) (-1737.026,-1068.494)     -2005.42296 -1917.79593 736.01203 -1101.69207 -2245.00658 684.50479     (-1269.411,-1181.784) (-365.680,-1508.995) (-736.012,-51.507)      1156.41  1156.41  
4    1779.32081 -3014.55655 -2086.32287  59.06652 -3491.29712 -2869.29726     (-1779.321,-1720.254) (-1235.236,-307.002) (-1711.976,-1089.976)     -1997.08686 -1937.92421 716.94667 -1076.16662 -2228.29263 654.68627     (-1280.140,-1220.978) (-359.220,-1511.346) (-716.947,-62.260)      1141.74  1141.74  
5    1787.65692 -3034.68483 -2105.38822  84.59197 -3474.58317 -2899.11578     (-1787.657,-1703.065) (-1247.028,-317.731) (-1686.926,-1111.459)     -1988.75075 -1958.05249 697.88132 -1050.64117 -2211.57868 624.86775     (-1290.869,-1260.171) (-352.760,-1513.697) (-697.881,-73.014)      1128.81  1128.81  
6    1795.99302 -3054.81311 -2124.45358 110.11742 -3457.86922 -2928.93430     (-1795.993,-1685.876) (-1258.820,-328.461) (-1661.876,-1132.941)     -1980.41465 -1978.18077 678.81596 -1025.11573 -2194.86473 595.04923     (-1301.599,-1299.365) (-346.300,-1516.049) (-678.816,-83.767)      1117.68  1117.68  
7    1804.32912 -3074.94139 -2143.51893 135.64287 -3441.15527 -2958.75283     (-1804.329,-1668.686) (-1270.612,-339.190) (-1636.826,-1154.424)     -1972.07855 -1998.30905 659.75061 -999.59028 -2178.15078 565.23070     (-1312.328,-1338.558) (-339.840,-1518.400) (-659.751,-94.520)      1108.41  1108.41  
8    1812.66523 -3095.06967 -2162.58429 161.16831 -3424.44132 -2988.57135     (-1812.665,-1651.497) (-1282.404,-349.919) (-1611.776,-1175.906)     -1963.74244 -2018.43733 640.68525 -974.06483 -2161.43683 535.41218     (-1323.057,-1377.752) (-333.380,-1520.752) (-640.685,-105.273)      1101.03  1101.03  
9    1821.00133 -3115.19795 -2181.64964 186.69376 -3407.72737 -3018.38987     (-1821.001,-1634.308) (-1294.197,-360.648) (-1586.726,-1197.389)     -1955.40634 -2038.56561 621.61990 -948.53938 -2144.72288 505.59366     (-1333.786,-1416.946) (-326.919,-1523.103) (-621.620,-116.026)      1095.6  1095.6  
10    1829.33743 -3135.32623 -2200.71500 212.21921 -3391.01342 -3048.20839     (-1829.337,-1617.118) (-1305.989,-371.378) (-1561.676,-1218.871)     -1947.07024 -2058.69389 602.55454 -923.01393 -2128.00893 475.77514     (-1344.516,-1456.139) (-320.459,-1525.454) (-602.555,-126.779)      1092.14  1092.14  
11    1837.67354 -3155.45451 -2219.78035 237.74466 -3374.29947 -3078.02691     (-1837.674,-1599.929) (-1317.781,-382.107) (-1536.626,-1240.353)     -1938.73413 -2078.82217 583.48919 -897.48849 -2111.29498 445.95662     (-1355.245,-1495.333) (-313.999,-1527.806) (-583.489,-137.533)      1090.66  1090.66  
12    1846.00964 -3175.58279 -2238.84571 263.27010 -3357.58552 -3107.84543     (-1846.010,-1582.740) (-1329.573,-392.836) (-1511.576,-1261.836)     -1930.39803 -2098.95045 564.42383 -871.96304 -2094.58103 416.13809     (-1365.974,-1534.527) (-307.539,-1530.157) (-564.424,-148.286)      1091.18  1091.18  
13    1854.34574 -3195.71107 -2257.91106 288.79555 -3340.87157 -3137.66396     (-1854.346,-1565.550) (-1341.365,-403.565) (-1486.526,-1283.318)     -1922.06193 -2119.07873 545.35848 -846.43759 -2077.86708 386.31957     (-1376.703,-1573.720) (-301.079,-1532.509) (-545.358,-159.039)      1093.69  1093.69  
14    1862.68185 -3215.83935 -2276.97642 314.32100 -3324.15762 -3167.48248     (-1862.682,-1548.361) (-1353.158,-414.295) (-1461.476,-1304.801)     -1913.72582 -2139.20701 526.29312 -820.91214 -2061.15313 356.50105     (-1387.433,-1612.914) (-294.619,-1534.860) (-526.293,-169.792)      1098.18  1098.18  
15    1871.01795 -3235.96763 -2296.04177 339.84645 -3307.44367 -3197.30100     (-1871.018,-1531.172) (-1364.950,-425.024) (-1436.426,-1326.283)     -1905.38972 -2159.33529 507.22777 -795.38670 -2044.43918 326.68253     (-1398.162,-1652.108) (-288.159,-1537.211) (-507.228,-180.545)      1104.63  1104.63  
16    1879.35405 -3256.09591 -2315.10713 365.37190 -3290.72972 -3227.11952     (-1879.354,-1513.982) (-1376.742,-435.753) (-1411.376,-1347.765)     -1897.05362 -2179.46357 488.16241 -769.86125 -2027.72523 296.86401     (-1408.891,-1691.301) (-281.699,-1539.563) (-488.162,-191.298)      1112.99  1112.99  
17    1887.69016 -3276.22419 -2334.17248 390.89734 -3274.01577 -3256.93804     (-1887.690,-1496.793) (-1388.534,-446.482) (-1386.326,-1369.248)     -1888.71751 -2199.59185 469.09706 -744.33580 -2011.01128 267.04549     (-1419.620,-1730.495) (-275.239,-1541.914) (-469.097,-202.052)      1123.24  1123.24  
18    1896.02626 -3296.35247 -2353.23784 416.42279 -3257.30182 -3286.75657     (-1896.026,-1479.603) (-1400.326,-457.212) (-1361.276,-1390.730)     -1880.38141 -2219.72013 450.03170 -718.81035 -1994.29733 237.22696     (-1430.350,-1769.688) (-268.779,-1544.266) (-450.032,-212.805)      1135.31  1135.31  
19    1904.36236 -3316.48075 -2372.30319 441.94824 -3240.58787 -3316.57509     (-1904.362,-1462.414) (-1412.118,-467.941) (-1336.226,-1412.213)     -1872.04531 -2239.84841 430.96635 -693.28491 -1977.58338 207.40844     (-1441.079,-1808.882) (-262.319,-1546.617) (-430.966,-223.558)      1149.15  1149.15  
20    1912.69847 -3336.60903 -2391.36855 467.47369 -3223.87392 -3346.39361     (-1912.698,-1445.225) (-1423.911,-478.670) (-1311.175,-1433.695)     -1863.70920 -2259.97669 411.90099 -667.75946 -1960.86943 177.58992     (-1451.808,-1848.076) (-255.858,-1548.968) (-411.901,-234.311)      1164.7  1164.7  
21    1921.03457 -3356.73731 -2410.43390 492.99913 -3207.15997 -3376.21213     (-1921.035,-1428.035) (-1435.703,-489.399) (-1286.125,-1455.178)     -1855.37310 -2280.10497 392.83564 -642.23401 -1944.15548 147.77140     (-1462.537,-1887.269) (-249.398,-1551.320) (-392.836,-245.064)      1181.88  1181.88  
22    1929.37067 -3376.86559 -2429.49926 518.52458 -3190.44602 -3406.03065     (-1929.371,-1410.846) (-1447.495,-500.129) (-1261.075,-1476.660)     -1847.03700 -2300.23325 373.77028 -616.70856 -1927.44153 117.95288     (-1473.267,-1926.463) (-242.938,-1553.671) (-373.770,-255.817)      1200.64  1200.64  
23    1937.70678 -3396.99387 -2448.56461 544.05003 -3173.73207 -3435.84917     (-1937.707,-1393.657) (-1459.287,-510.858) (-1236.025,-1498.142)     -1838.70089 -2320.36153 354.70493 -591.18312 -1910.72758  88.13436     (-1483.996,-1965.657) (-236.478,-1556.023) (-354.705,-266.571)      1220.89  1220.89  
24    1946.04288 -3417.12215 -2467.62997 569.57548 -3157.01812 -3465.66770     (-1946.043,-1376.467) (-1471.079,-521.587) (-1210.975,-1519.625)     -1830.36479 -2340.48981 335.63957 -565.65767 -1894.01363  58.31583     (-1494.725,-2004.850) (-230.018,-1558.374) (-335.640,-277.324)      1242.56  1242.56  
25    1954.37898 -3437.25043 -2486.69532 595.10092 -3140.30417 -3495.48622     (-1954.379,-1359.278) (-1482.871,-532.316) (-1185.925,-1541.107)     -1822.02869 -2360.61809 316.57422 -540.13222 -1877.29968  28.49731     (-1505.454,-2044.044) (-223.558,-1560.725) (-316.574,-288.077)      1265.59  1265.59  
26    1962.71509 -3457.37871 -2505.76068 620.62637 -3123.59022 -3525.30474     (-1962.715,-1342.089) (-1494.664,-543.046) (-1160.875,-1562.590)     -1813.69258 -2380.74637 297.50886 -514.60677 -1860.58573  -1.32121     (-1516.184,-2083.238) (-217.098,-1563.077) (-297.509,-298.830)      1269.87  1269.87  
27    1971.05119 -3477.50699 -2524.82603 646.15182 -3106.87627 -3555.12326     (-1971.051,-1324.899) (-1506.456,-553.775) (-1135.825,-1584.072)     -1805.35648 -2400.87465 278.44351 -489.08132 -1843.87178 -31.13973     (-1526.913,-2122.431) (-210.638,-1565.428) (-278.444,-309.583)      1273.37  1273.37  
28    1979.38729 -3497.63527 -2543.89139 671.67727 -3090.16232 -3584.94178     (-1979.387,-1307.710) (-1518.248,-564.504) (-1110.775,-1605.554)     -1797.02038 -2421.00293 259.37815 -463.55588 -1827.15783 -60.95825     (-1537.642,-2161.625) (-204.178,-1567.780) (-259.378,-320.336)      1278.57  1278.57  
29    1987.72340 -3517.76355 -2562.95674 697.20272 -3073.44837 -3614.76030     (-1987.723,-1290.521) (-1530.040,-575.233) (-1085.725,-1627.037)     -1788.68427 -2441.13121 240.31280 -438.03043 -1810.44388 -90.77677     (-1548.371,-2200.818) (-197.718,-1570.131) (-240.313,-331.090)      1285.44  1285.44  
30    1996.05950 -3537.89183 -2582.02210 722.72816 -3056.73442 -3644.57883     (-1996.059,-1273.331) (-1541.832,-585.963) (-1060.675,-1648.519)     -1780.34817 -2461.25949 221.24744 -412.50498 -1793.72993 -120.59530     (-1559.101,-2240.012) (-191.258,-1572.482) (-221.247,-341.843)      1293.96  1293.96  
31    2004.39560 -3558.02011 -2601.08745 748.25361 -3040.02047 -3674.39735     (-2004.396,-1256.142) (-1553.625,-596.692) (-1035.625,-1670.002)     -1772.01207 -2481.38777 202.18209 -386.97953 -1777.01598 -150.41382     (-1569.830,-2279.206) (-184.797,-1574.834) (-202.182,-352.596)      1304.09  1304.09  
32    2012.73171 -3578.14839 -2620.15281 773.77906 -3023.30652 -3704.21587     (-2012.732,-1238.953) (-1565.417,-607.421) (-1010.575,-1691.484)     -1763.67596 -2501.51605 183.11673 -361.45409 -1760.30203 -180.23234     (-1580.559,-2318.399) (-178.337,-1577.185) (-183.117,-363.349)      1315.81  1315.81  
33    2021.06781 -3598.27667 -2639.21816 799.30451 -3006.59257 -3734.03439     (-2021.068,-1221.763) (-1577.209,-618.150) (-985.525,-1712.967)     -1755.33986 -2521.64433 164.05138 -335.92864 -1743.58808 -210.05086     (-1591.288,-2357.593) (-171.877,-1579.537) (-164.051,-374.102)      1329.05  1329.05  
34    2029.40391 -3618.40495 -2658.28352 824.82995 -2989.87862 -3763.85291     (-2029.404,-1204.574) (-1589.001,-628.880) (-960.475,-1734.449)     -1747.00376 -2541.77261 144.98602 -310.40319 -1726.87413 -239.86938     (-1602.018,-2396.787) (-165.417,-1581.888) (-144.986,-384.855)      1343.79  1343.79  
35    2037.74002 -3638.53323 -2677.34887 850.35540 -2973.16467 -3793.67143     (-2037.740,-1187.385) (-1600.793,-639.609) (-935.425,-1755.931)     -1738.66765 -2561.90089 125.92067 -284.87774 -1710.16018 -269.68791     (-1612.747,-2435.980) (-158.957,-1584.240) (-125.921,-395.609)      1359.97  1359.97  
36    2046.07612 -3658.66151 -2696.41423 875.88085 -2956.45072 -3823.48996     (-2046.076,-1170.195) (-1612.585,-650.338) (-910.375,-1777.414)     -1730.33155 -2582.02917 106.85531 -259.35230 -1693.44623 -299.50643     (-1623.476,-2475.174) (-152.497,-1586.591) (-106.855,-406.362)      1377.55  1377.55  
37    2054.41222 -3678.78979 -2715.47958 901.40630 -2939.73677 -3853.30848     (-2054.412,-1153.006) (-1624.378,-661.067) (-885.325,-1798.896)     -1721.99545 -2602.15745  87.78996 -233.82685 -1676.73228 -329.32495     (-1634.205,-2514.367) (-146.037,-1588.942) (-87.790,-417.115)      1396.46  1396.46  
38    2062.74833 -3698.91807 -2734.54494 926.93174 -2923.02282 -3883.12700     (-2062.748,-1135.817) (-1636.170,-671.797) (-860.274,-1820.379)     -1713.65934 -2622.28573  68.72460 -208.30140 -1660.01833 -359.14347     (-1644.935,-2553.561) (-139.577,-1591.294) (-68.725,-427.868)      1416.65  1416.65  
39    2071.08443 -3719.04635 -2753.61029 952.45719 -2906.30887 -3912.94552     (-2071.084,-1118.627) (-1647.962,-682.526) (-835.224,-1841.861)     -1705.32324 -2642.41401  49.65925 -182.77595 -1643.30438 -388.96199     (-1655.664,-2592.755) (-133.117,-1593.645) (-49.659,-438.621)      1438.08  1438.08  
40    2079.42053 -3739.17463 -2772.67565 977.98264 -2889.59492 -3942.76404     (-2079.421,-1101.438) (-1659.754,-693.255) (-810.174,-1863.344)     -1696.98714 -2662.54229  30.59389 -157.25050 -1626.59043 -418.78051     (-1666.393,-2631.948) (-126.657,-1595.997) (-30.594,-449.374)      1460.69  1460.69  
41    2087.75664 -3759.30292 -2791.74100 1003.50809 -2872.88097 -3972.58257     (-2087.757,-1084.249) (-1671.546,-703.984) (-785.124,-1884.826)     -1688.65103 -2682.67057  11.52854 -131.72506 -1609.87648 -448.59904     (-1677.122,-2671.142) (-120.197,-1598.348) (-11.529,-460.128)      1484.42  1484.42  
42    2096.09274 -3779.43120 -2810.80636 1029.03353 -2856.16702 -4002.40109     (-2096.093,-1067.059) (-1683.338,-714.714) (-760.074,-1906.308)     -1680.31493 -2702.79885  -7.53682 -106.19961 -1593.16253 -478.41756     (-1680.315,-106.200) (-2702.799,-1593.163) (-7.537,-478.418)      1500.43  1500.43  
43    2104.42884 -3799.55948 -2829.87171 1054.55898 -2839.45307 -4032.21961     (-2104.429,-1049.870) (-1695.131,-725.443) (-735.024,-1927.791)     -1671.97883 -2722.92713 -26.60217 -80.67416 -1576.44858 -508.23608     (-1671.979,-80.674) (-2722.927,-1576.449) (-26.602,-508.236)      1513.86  1513.86  
44    2112.76495 -3819.68776 -2848.93707 1080.08443 -2822.73912 -4062.03813     (-2112.765,-1032.681) (-1706.923,-736.172) (-709.974,-1949.273)     -1663.64272 -2743.05541 -45.66753 -55.14871 -1559.73463 -538.05460     (-1663.643,-55.149) (-2743.055,-1559.735) (-45.668,-538.055)      1528.91  1528.91  
45    2121.10105 -3839.81604 -2868.00242 1105.60988 -2806.02517 -4091.85665     (-2121.101,-1015.491) (-1718.715,-746.901) (-684.924,-1970.756)     -1655.30662 -2763.18369 -64.73288 -29.62327 -1543.02068 -567.87312     (-1655.307,-29.623) (-2763.184,-1543.021) (-64.733,-567.873)      1545.54  1545.54  
46    2129.43715 -3859.94432 -2887.06778 1131.13533 -2789.31122 -4121.67517     (-2129.437,-998.302) (-1730.507,-757.631) (-659.874,-1992.238)     -1646.97052 -2783.31197 -83.79824  -4.09782 -1526.30673 -597.69164     (-1646.971,-4.098) (-2783.312,-1526.307) (-83.798,-597.692)      1563.69  1563.69  
47    2137.77326 -3880.07260 -2906.13313 1156.66077 -2772.59727 -4151.49370     (-2137.773,-981.112) (-1742.299,-768.360) (-634.824,-2013.720)     -1638.63441 -2803.44025 -102.86359  21.42763 -1509.59278 -627.51017     (-1660.062,-21.428) (-81.436,-1488.165) (-2782.013,-606.083)      1580.92  1588.54  
48    2146.10936 -3900.20088 -2925.19849 1182.18622 -2755.88332 -4181.31222     (-2146.109,-963.923) (-1754.092,-779.089) (-609.774,-2035.203)     -1630.29831 -2823.56853 -121.92895  46.95308 -1492.87883 -657.32869     (-1677.251,-46.953) (-74.976,-1445.926) (-2776.615,-610.376)      1599.28  1615.77  
49    2154.44546 -3920.32916 -2944.26384 1207.71167 -2739.16937 -4211.13074     (-2154.445,-946.734) (-1765.884,-789.818) (-584.724,-2056.685)     -1621.96221 -2843.69681 -140.99430  72.47852 -1476.16488 -687.14721     (-1694.441,-72.479) (-68.516,-1403.686) (-2771.218,-614.669)      1619.16  1644.39  
50    2162.78157 -3940.45744 -2963.32920 1233.23712 -2722.45542 -4240.94926     (-2162.782,-929.544) (-1777.676,-800.548) (-559.674,-2078.168)     -1613.62610 -2863.82509 -160.05966  98.00397 -1459.45094 -716.96573     (-1711.630,-98.004) (-62.056,-1361.447) (-2765.821,-618.962)      1626.82  1648.9  
51    2171.11767 -3960.58572 -2982.39455 1258.76256 -2705.74147 -4270.76778     (-2171.118,-912.355) (-1789.468,-811.277) (-534.624,-2099.650)     -1605.29000 -2883.95337 -179.12501 123.52942 -1442.73699 -746.78425     (-1728.819,-123.529) (-55.596,-1319.208) (-2760.424,-623.255)      1627.44  1647.4  
52    2179.45377 -3980.71400 -3001.45991 1284.28801 -2689.02752 -4300.58630     (-2179.454,-895.166) (-1801.260,-822.006) (-509.574,-2121.133)     -1596.95390 -2904.08165 -198.19037 149.05487 -1426.02304 -776.60277     (-1746.009,-149.055) (-49.135,-1276.968) (-2755.027,-627.548)      1629.8  1647.62  
53    2187.78988 -4000.84228 -3020.52526 1309.81346 -2672.31357 -4330.40483     (-2187.790,-877.976) (-1813.052,-832.735) (-484.524,-2142.615)     -1588.61779 -2924.20993 -217.25572 174.58031 -1409.30909 -806.42130     (-1763.198,-174.580) (-42.675,-1234.729) (-2749.630,-631.841)      1633.88  1649.55  
54    2196.12598 -4020.97056 -3039.59062 1335.33891 -2655.59962 -4360.22335     (-2196.126,-860.787) (-1824.845,-843.465) (-459.474,-2164.097)     -1580.28169 -2944.33821 -236.32108 200.10576 -1392.59514 -836.23982     (-1780.387,-200.106) (-36.215,-1192.489) (-2744.232,-636.134)      1639.67  1653.15  
55    2204.46208 -4041.09884 -3058.65597 1360.86435 -2638.88567 -4390.04187     (-2204.462,-843.598) (-1836.637,-854.194) (-434.424,-2185.580)     -1571.94559 -2964.46649 -255.38643 225.63121 -1375.88119 -866.05834     (-1797.577,-225.631) (-29.755,-1150.250) (-2738.835,-640.427)      1647.15  1658.4  
56    2212.79819 -4061.22712 -3077.72133 1386.38980 -2622.17172 -4419.86039     (-2212.798,-826.408) (-1848.429,-864.923) (-409.374,-2207.062)     -1563.60948 -2984.59477 -274.45179 251.15666 -1359.16724 -895.87686     (-1814.766,-251.157) (-23.295,-1108.011) (-2733.438,-644.720)      1654.07  1654.07  
57    2221.13429 -4081.35540 -3096.78669 1411.91525 -2605.45777 -4449.67891     (-2221.134,-809.219) (-1860.221,-875.652) (-384.323,-2228.545)     -1555.27338 -3004.72305 -293.51714 276.68211 -1342.45329 -925.69538     (-1831.955,-276.682) (-16.835,-1065.771) (-2728.041,-649.013)      1640.32  1640.32  
58    2229.47039 -4101.48368 -3115.85204 1437.44070 -2588.74382 -4479.49743     (-2229.470,-792.030) (-1872.013,-886.382) (-359.273,-2250.027)     -1546.93728 -3024.85133 -312.58250 302.20755 -1325.73934 -955.51391     (-1849.145,-302.208) (-10.375,-1023.532) (-2722.644,-653.306)      1628.18  1628.18  
59    2237.80650 -4121.61196 -3134.91740 1462.96614 -2572.02988 -4509.31596     (-2237.806,-774.840) (-1883.805,-897.111) (-334.223,-2271.509)     -1538.60117 -3044.97961 -331.64785 327.73300 -1309.02539 -985.33243     (-1866.334,-327.733) (-3.915,-981.292) (-2717.247,-657.599)      1617.7  1617.7  
60    2246.14260 -4141.74024 -3153.98275 1488.49159 -2555.31593 -4539.13448     (-2246.143,-757.651) (-1895.598,-907.840) (-309.173,-2292.992)     -1530.26507 -3065.10789 -350.71321 353.25845 -1292.31144 -1015.15095     (-659.347,-350.713) (-2.545,-941.598) (-2709.304,-1880.978)      1609.7  1611.04  
61    2254.47870 -4161.86852 -3173.04811 1514.01704 -2538.60198 -4568.95300     (-2254.479,-740.462) (-1907.390,-918.569) (-284.123,-2314.474)     -1521.92897 -3085.23617 -369.77856 378.78390 -1275.59749 -1044.96947     (-657.180,-369.779) (-9.005,-905.819) (-2697.447,-1891.708)      1604.24  1609.08  
62    2262.81481 -4181.99680 -3192.11346 1539.54249 -2521.88803 -4598.77152     (-2262.815,-723.272) (-1919.182,-929.299) (-259.073,-2335.957)     -1513.59286 -3105.36445 -388.84392 404.30934 -1258.88354 -1074.78799     (-655.013,-388.844) (-15.465,-870.040) (-2685.590,-1902.437)      1599.99  1608.42  
63    2271.15091 -4202.12508 -3211.17882 1565.06794 -2505.17408 -4628.59004     (-2271.151,-706.083) (-1930.974,-940.028) (-234.023,-2357.439)     -1505.25676 -3125.49273 -407.90927 429.83479 -1242.16959 -1104.60651     (-652.846,-407.909) (-21.926,-834.260) (-2673.732,-1913.166)      1596.94  1609.07  
64    2279.48701 -4222.25336 -3230.24417 1590.59338 -2488.46013 -4658.40856     (-2279.487,-688.894) (-1942.766,-950.757) (-208.973,-2378.922)     -1496.92066 -3145.62101 -426.97463 455.36024 -1225.45564 -1134.42504     (-650.679,-426.975) (-28.386,-798.481) (-2661.875,-1923.895)      1595.11  1611.04  
65    2287.82312 -4242.38164 -3249.30953 1616.11883 -2471.74618 -4688.22709     (-2287.823,-671.704) (-1954.559,-961.486) (-183.923,-2400.404)     -1488.58455 -3165.74929 -446.03998 480.88569 -1208.74169 -1164.24356     (-648.512,-446.040) (-34.846,-762.702) (-2650.018,-1934.625)      1594.5  1614.31  
66    2296.15922 -4262.50992 -3268.37488 1641.64428 -2455.03223 -4718.04561     (-2296.159,-654.515) (-1966.351,-972.216) (-158.873,-2421.886)     -1480.24845 -3185.87757 -465.10534 506.41113 -1192.02774 -1194.06208     (-646.345,-465.105) (-41.306,-726.922) (-2638.161,-1945.354)      1595.1  1618.89  
67    2304.49532 -4282.63820 -3287.44024 1667.16973 -2438.31828 -4747.86413     (-2304.495,-637.326) (-1978.143,-982.945) (-133.823,-2443.369)     -1471.91235 -3206.00585 -484.17069 531.93658 -1175.31379 -1223.88060     (-644.178,-484.171) (-47.766,-691.143) (-2626.303,-1956.083)      1596.93  1624.76  
68    2312.83143 -4302.76648 -3306.50559 1692.69517 -2421.60433 -4777.68265     (-2312.831,-620.136) (-1989.935,-993.674) (-108.773,-2464.851)     -1463.57624 -3226.13413 -503.23605 557.46203 -1158.59984 -1253.69912     (-642.011,-503.236) (-54.226,-655.364) (-2614.446,-1966.812)      1599.97  1631.91  
69    2321.16753 -4322.89476 -3325.57095 1718.22062 -2404.89038 -4807.50117     (-2321.168,-602.947) (-2001.727,-1004.403) (-83.723,-2486.334)     -1455.24014 -3246.26241 -522.30140 582.98748 -1141.88589 -1283.51764     (-639.844,-522.301) (-60.686,-619.584) (-2602.589,-1977.542)      1604.22  1639.06  
70    2329.50363 -4343.02304 -3344.63630 1743.74607 -2388.17643 -4837.31970     (-2329.504,-585.758) (-2013.519,-1015.133) (-58.673,-2507.816)     -1446.90404 -3266.39069 -541.36676 608.51293 -1125.17194 -1313.33617     (-637.677,-541.367) (-67.146,-583.805) (-2590.732,-1988.271)      1609.66  1642.83  
71    2337.83974 -4363.15132 -3363.70166 1769.27152 -2371.46248 -4867.13822     (-2337.840,-568.568) (-2025.312,-1025.862) (-33.623,-2529.298)     -1438.56793 -3286.51897 -560.43211 634.03837 -1108.45799 -1343.15469     (-635.510,-560.432) (-73.606,-548.026) (-2578.874,-1999.000)      1616.29  1647.78  
72    2346.17584 -4383.27960 -3382.76701 1794.79696 -2354.74853 -4896.95674     (-2346.176,-551.379) (-2037.104,-1036.591) (-8.573,-2550.781)     -1430.23183 -3306.64725 -579.49747 659.56382 -1091.74404 -1372.97321     (-633.343,-579.497) (-80.066,-512.247) (-2567.017,-2009.729)      1624.1  1653.89  
73    2354.51194 -4403.40788 -3401.83237 1820.32241 -2338.03458 -4926.77526     (-2338.035,-2032.419) (-517.712,-1030.843) (-16.477,-2588.741)     -1421.89573 -3326.77553 -598.56282 685.08927 -1075.03009 -1402.79173     (-631.176,-598.563) (-86.526,-476.467) (-2555.160,-2020.459)      1633.05  1661.15  
74    2362.84805 -4423.53616 -3420.89772 1845.84786 -2321.32063 -4956.59378     (-2321.321,-2019.161) (-475.473,-1016.522) (-41.527,-2635.273)     -1413.55962 -3346.90381 -617.62818 710.61472 -1058.31614 -1432.61025     (-629.009,-617.628) (-92.987,-440.688) (-2543.303,-2031.188)      1641.06  1669.54  
75    2371.18415 -4443.66444 -3439.96308 1871.37331 -2304.60668 -4986.41230     (-2304.607,-2005.903) (-433.233,-1002.201) (-66.577,-2681.806)     -1405.22352 -3367.03209 -636.69353 736.14016 -1041.60219 -1462.42877     (-626.842,-636.694) (-99.447,-404.909) (-2531.445,-2041.917)      1643.04  1679.05  
76    2379.52025 -4463.79272 -3459.02843 1896.89876 -2287.89273 -5016.23083     (-2287.893,-1992.645) (-390.994,-987.881) (-91.628,-2728.338)     -1396.88742 -3387.16037 -655.75889 761.66561 -1024.88824 -1492.24730     (-624.675,-655.759) (-105.907,-369.129) (-2519.588,-2052.646)      1646.2  1686.68  
77    2387.85636 -4483.92100 -3478.09379 1922.42420 -2271.17878 -5046.04935     (-2271.179,-1979.387) (-348.755,-973.560) (-116.678,-2774.871)     -1388.55131 -3407.28866 -674.82424 787.19106 -1008.17429 -1522.06582     (-622.508,-674.824) (-112.367,-333.350) (-2507.731,-2063.376)      1650.54  1687.67  
78    2396.19246 -4504.04928 -3497.15914 1947.94965 -2254.46483 -5075.86787     (-2254.465,-1966.129) (-306.515,-959.239) (-141.728,-2821.403)     -1380.21521 -3427.41694 -693.88960 812.71651 -991.46034 -1551.88434     (-620.341,-693.890) (-118.827,-297.571) (-2495.874,-2074.105)      1656.03  1689.82  
79    2404.52856 -4524.17756 -3516.22450 1973.47510 -2237.75088 -5105.68639     (-2237.751,-1952.871) (-264.276,-944.918) (-166.778,-2867.936)     -1371.87911 -3447.54522 -712.95495 838.24195 -974.74639 -1581.70286     (-618.174,-712.955) (-125.287,-261.791) (-2484.016,-2084.834)      1662.68  1693.12  
80    2412.86467 -4544.30584 -3535.28985 1999.00055 -2221.03693 -5135.50491     (-2221.037,-1939.613) (-222.036,-930.597) (-191.828,-2914.468)     -1363.54300 -3467.67350 -732.02031 863.76740 -958.03244 -1611.52138     (-616.007,-732.020) (-131.747,-226.012) (-2472.159,-2095.563)      1670.47  1697.55  
81    2421.20077 -4564.43412 -3554.35521 2024.52599 -2204.32298 -5165.32343     (-2204.323,-1926.356) (-179.797,-916.277) (-216.878,-2961.000)     -1355.20690 -3487.80178 -751.08566 889.29285 -941.31849 -1641.33991     (-613.840,-751.086) (-138.207,-190.233) (-2460.302,-2106.293)      1679.38  1703.12  
82    2429.53687 -4584.56240 -3573.42056 2050.05144 -2187.60903 -5195.14196     (-2187.609,-1913.098) (-137.558,-901.956) (-241.928,-3007.533)     -1346.87080 -3507.93006 -770.15102 914.81830 -924.60454 -1671.15843     (-611.673,-770.151) (-144.667,-154.454) (-2448.444,-2117.022)      1689.39  1706.75  
83    2437.87298 -4604.69068 -3592.48592 2075.57689 -2170.89508 -5224.96048     (-2170.895,-1899.840) (-95.318,-887.635) (-266.978,-3054.065)     -1338.53469 -3528.05834 -789.21637 940.34374 -907.89059 -1700.97695     (-609.506,-789.216) (-151.127,-118.674) (-2436.587,-2127.751)      1676.83  1692.22  
84    2446.20908 -4624.81896 -3611.55127 2101.10234 -2154.18113 -5254.77900     (-2154.181,-1886.582) (-53.079,-873.314) (-292.028,-3100.598)     -1330.19859 -3548.18662 -808.28173 965.86919 -891.17664 -1730.79547     (-607.339,-808.282) (-157.587,-82.895) (-2424.730,-2138.480)      1652.13  1678.72  
85    2454.54518 -4644.94724 -3630.61663 2126.62778 -2137.46718 -5284.59752     (-2137.467,-1873.324) (-10.839,-858.993) (-317.078,-3147.130)     -1321.86249 -3568.31490 -827.34708 991.39464 -874.46269 -1760.61399     (-605.172,-827.347) (-164.048,-47.116) (-2412.873,-2149.210)      1628.26  1666.28  
86    2462.88129 -4665.07552 -3649.68198 2152.15323 -2120.75323 -5314.41604     (-3162.263,-1828.666) (-31.400,-876.073) (-310.728,-2089.353)     -1313.52638 -3588.44318 -846.41244 1016.92009 -857.74874 -1790.43251     (-603.005,-846.412) (-170.508,-11.336) (-2401.015,-2159.939)      1605.25  1614.68  
87    2471.21739 -4685.20380 -3668.74734 2177.67868 -2104.03928 -5344.23456     (-3166.556,-1773.169) (-73.639,-903.991) (-293.539,-2030.400)     -1305.19028 -3608.57146 -865.47779 1042.44554 -841.03479 -1820.25104     (-2364.715,-841.035) (-24.443,-201.411) (-2146.225,-576.395)      1573.45  1573.45  
88    2479.55349 -4705.33208 -3687.81269 2203.20413 -2087.32533 -5374.05309     (-3170.849,-1717.672) (-115.879,-931.910) (-276.349,-1971.447)     -1296.85418 -3628.69974 -884.54315 1067.97098 -824.32084 -1850.06956     (-2317.079,-824.321) (-60.222,-243.650) (-2121.175,-538.448)      1540.79  1540.79  
89    2487.88960 -4725.46036 -3706.87805 2228.72957 -2070.61138 -5403.87161     (-3175.142,-1662.174) (-158.118,-959.828) (-259.160,-1912.493)     -1288.51807 -3648.82802 -903.60850 1093.49643 -807.60689 -1879.88808     (-2269.442,-807.607) (-96.002,-285.890) (-2096.125,-500.502)      1512.52  1512.52  
90    2496.22570 -4745.58864 -3725.94340 2254.25502 -2053.89743 -5433.69013     (-3179.435,-1606.677) (-200.358,-987.747) (-241.971,-1853.540)     -1280.18197 -3668.95630 -922.67386 1119.02188 -790.89294 -1909.70660     (-2221.805,-790.893) (-131.781,-328.129) (-2071.075,-462.556)      1488.87  1488.87  
91    2504.56180 -4765.71692 -3745.00876 2279.78047 -2037.18348 -5463.50865     (-3183.728,-1551.180) (-242.597,-1015.666) (-224.781,-1794.586)     -1271.84587 -3689.08458 -941.73921 1144.54733 -774.17899 -1939.52512     (-2174.169,-774.179) (-167.560,-370.368) (-2046.025,-424.609)      1470.07  1470.07  
92    2512.89791 -4785.84520 -3764.07411 2305.30592 -2020.46953 -5493.32717     (-3188.021,-1495.683) (-284.836,-1043.584) (-207.592,-1735.633)     -1263.50976 -3709.21286 -960.80457 1170.07277 -757.46504 -1969.34364     (-2126.532,-757.465) (-203.340,-412.608) (-2020.975,-386.663)      1456.32  1456.32  
93    2521.23401 -4805.97348 -3783.13947 2330.83137 -2003.75558 -5523.14570     (-3192.314,-1440.185) (-327.076,-1071.503) (-190.403,-1676.680)     -1255.17366 -3729.34114 -979.86992 1195.59822 -740.75109 -1999.16217     (-2078.896,-740.751) (-239.119,-454.847) (-1995.925,-348.717)      1447.75  1447.75  
94    2529.57011 -4826.10176 -3802.20482 2356.35681 -1987.04163 -5552.96422     (-3196.607,-1384.688) (-369.315,-1099.421) (-173.213,-1617.726)     -1246.83756 -3749.46942 -998.93528 1221.12367 -724.03714 -2028.98069     (-2031.259,-724.037) (-274.898,-497.087) (-1970.875,-310.770)      1444.45  1444.45  
95    2537.90622 -4846.23004 -3821.27018 2381.88226 -1970.32768 -5582.78274     (-3200.900,-1329.191) (-411.555,-1127.340) (-156.024,-1558.773)     -1238.50145 -3769.59770 -1018.00063 1246.64912 -707.32319 -2058.79921     (-1983.623,-707.323) (-310.677,-539.326) (-1945.825,-272.824)      1446.46  1446.46  
96    2546.24232 -4866.35832 -3840.33553 2407.40771 -1953.61373 -5612.60126     (-3205.194,-1273.693) (-453.794,-1155.259) (-138.835,-1499.820)     -1230.16535 -3789.72598 -1037.06599 1272.17456 -690.60924 -2088.61773     (-1935.986,-690.609) (-346.457,-581.565) (-1920.775,-234.878)      1453.77  1453.77  
97    2554.57842 -4886.48660 -3859.40089 2432.93316 -1936.89978 -5642.41978     (-3209.487,-1218.196) (-496.033,-1183.177) (-121.645,-1440.866)     -1221.82925 -3809.85426 -1056.13134 1297.70001 -673.89529 -2118.43625     (-1888.350,-673.895) (-382.236,-623.805) (-1895.725,-196.932)      1466.29  1466.29  
98    2562.91453 -4906.61488 -3878.46624 2458.45860 -1920.18583 -5672.23830     (-3213.780,-1162.699) (-538.273,-1211.096) (-104.456,-1381.913)     -1213.49314 -3829.98254 -1075.19670 1323.22546 -657.18134 -2148.25477     (-1840.713,-657.181) (-418.015,-666.044) (-1870.674,-158.985)      1483.88  1483.88  
99    2571.25063 -4926.74316 -3897.53160 2483.98405 -1903.47188 -5702.05683     (-3218.073,-1107.202) (-580.512,-1239.014) (-87.267,-1322.960)     -1205.15704 -3850.11082 -1094.26205 1348.75091 -640.46739 -2178.07330     (-1793.076,-640.467) (-453.795,-708.284) (-1845.624,-121.039)      1506.38  1506.38  
