PointDistanceFollower   Jun 17 2018   mode =  LINE3 
LINE3_RAND_20%_.90_0.txt      Output is S6 probe cell, C3 reduced cell,  S6Dist CS6Dist  distance between 
Compute times (msec)     S6Dist   46   CS6Dist  1
PointDistanceFollower  Jun 17 2018  mode = LINE3
LINE3_RAND_20%_.90_0.txt     Output is S6 probe cell, C3 reduced cell, S6Dist CS6Dist distance between
0    -2305.87025 -869.94677 491.23353 -1315.22120 -800.40861 -1587.02484     (-1814.637,-378.713) (-823.988,-309.175) (-491.234,-2078.258)     -3273.05196 129.71804 -2305.69190 -2989.92490 1641.28897 -3246.90058     (-664.403,-1348.636) (-1511.571,-1641.289) (-1631.763,-1605.612)      1799.74  1799.74  
1    -2273.84145 -869.94891 491.15193 -1299.06653 -820.29466 -1571.78859     (-1782.690,-378.797) (-807.915,-329.143) (-491.152,-2062.941)     -3241.02315 129.71591 -2305.77350 -2973.77022 1621.40292 -3231.66433     (-684.371,-1352.367) (-1491.687,-1621.403) (-1619.620,-1610.261)      1785.58  1785.58  
2    -2241.81264 -869.95104 491.07034 -1282.91186 -840.18071 -1556.55235     (-1750.742,-378.881) (-791.842,-349.110) (-491.070,-2047.623)     -3208.99434 129.71377 -2305.85509 -2957.61555 1601.51687 -3216.42809     (-704.338,-1356.099) (-1471.803,-1601.517) (-1607.477,-1614.911)      1772.08  1772.08  
3    -2209.78384 -869.95317 490.98875 -1266.75719 -860.06676 -1541.31610     (-1718.795,-378.964) (-775.768,-369.078) (-490.989,-2032.305)     -3176.96554 129.71164 -2305.93668 -2941.46088 1581.63082 -3201.19184     (-724.306,-1359.830) (-1451.919,-1581.631) (-1595.335,-1619.561)      1759.25  1759.25  
4    -2177.75503 -869.95531 490.90715 -1250.60252 -879.95281 -1526.07985     (-1686.848,-379.048) (-759.695,-389.046) (-490.907,-2016.987)     -3144.93673 129.70951 -2306.01827 -2925.30621 1561.74477 -3185.95559     (-744.274,-1363.561) (-1432.035,-1561.745) (-1583.192,-1624.211)      1747.12  1747.12  
5    -2145.72622 -869.95744 490.82556 -1234.44785 -899.83887 -1510.84361     (-1654.901,-379.132) (-743.622,-409.013) (-490.826,-2001.669)     -3112.90793 129.70737 -2306.09987 -2909.15154 1541.85872 -3170.71935     (-764.241,-1367.293) (-1412.151,-1541.859) (-1571.049,-1628.861)      1735.69  1735.69  
6    -2113.69742 -869.95958 490.74397 -1218.29318 -919.72492 -1495.60736     (-1622.953,-379.216) (-727.549,-428.981) (-490.744,-1986.351)     -3080.87912 129.70524 -2306.18146 -2892.99687 1521.97267 -3155.48310     (-784.209,-1371.024) (-1392.267,-1521.973) (-1558.906,-1633.510)      1724.99  1724.99  
7    -2081.66861 -869.96171 490.66237 -1202.13850 -939.61097 -1480.37111     (-1591.006,-379.299) (-711.476,-448.949) (-490.662,-1971.033)     -3048.85031 129.70311 -2306.26305 -2876.84220 1502.08661 -3140.24685     (-804.176,-1374.756) (-1372.384,-1502.087) (-1546.764,-1638.160)      1715.01  1715.01  
8    -2049.63981 -869.96384 490.58078 -1185.98383 -959.49702 -1465.13487     (-1559.059,-379.383) (-695.403,-468.916) (-490.581,-1955.716)     -3016.82151 129.70097 -2306.34465 -2860.68752 1482.20056 -3125.01061     (-824.144,-1378.487) (-1352.500,-1482.201) (-1534.621,-1642.810)      1705.79  1705.79  
9    -2017.61100 -869.96598 490.49919 -1169.82916 -979.38307 -1449.89862     (-1527.112,-379.467) (-679.330,-488.884) (-490.499,-1940.398)     -2984.79270 129.69884 -2306.42624 -2844.53285 1462.31451 -3109.77436     (-844.112,-1382.218) (-1332.616,-1462.315) (-1522.478,-1647.460)      1697.32  1697.32  
10    -1985.58219 -869.96811 490.41759 -1153.67449 -999.26912 -1434.66237     (-1495.165,-379.551) (-663.257,-508.852) (-490.418,-1925.080)     -2952.76390 129.69670 -2306.50783 -2828.37818 1442.42846 -3094.53811     (-864.079,-1385.950) (-1312.732,-1442.428) (-1510.335,-1652.110)      1689.62  1689.62  
11    -1953.55339 -869.97024 490.33600 -1137.51982 -1019.15518 -1419.42613     (-1463.217,-379.634) (-647.184,-528.819) (-490.336,-1909.762)     -2920.73509 129.69457 -2306.58943 -2812.22351 1422.54241 -3079.30187     (-884.047,-1389.681) (-1292.848,-1422.542) (-1498.193,-1656.759)      1682.7  1682.7  
12    -1921.52458 -869.97238 490.25441 -1121.36515 -1039.04123 -1404.18988     (-1431.270,-379.718) (-631.111,-548.787) (-490.254,-1894.444)     -2888.70628 129.69244 -2306.67102 -2796.06884 1402.65636 -3064.06562     (-904.015,-1393.412) (-1272.964,-1402.656) (-1486.050,-1661.409)      1676.58  1676.58  
13    -1889.49578 -869.97451 490.17281 -1105.21048 -1058.92728 -1388.95363     (-1399.323,-379.802) (-615.038,-568.754) (-490.173,-1879.126)     -2856.67748 129.69030 -2306.75261 -2779.91417 1382.77031 -3048.82937     (-923.982,-1397.144) (-1253.080,-1382.770) (-1473.907,-1666.059)      1671.25  1671.25  
14    -1857.46697 -869.97665 490.09122 -1089.05580 -1078.81333 -1373.71739     (-1367.376,-379.885) (-598.965,-588.722) (-490.091,-1863.809)     -2824.64867 129.68817 -2306.83421 -2763.75950 1362.88425 -3033.59313     (-943.950,-1400.875) (-1233.196,-1362.884) (-1461.764,-1670.709)      1656.18  1656.18  
15    -1825.43816 -869.97878 490.00963 -1072.90113 -1098.69938 -1358.48114     (-1335.429,-379.969) (-582.892,-608.690) (-490.010,-1848.491)     -2792.61987 129.68604 -2306.91580 -2747.60482 1342.99820 -3018.35688     (-963.918,-1404.607) (-1213.312,-1342.998) (-1449.622,-1675.359)      1636.54  1636.54  
16    -1793.40936 -869.98091 489.92804 -1056.74646 -1118.58543 -1343.24489     (-1303.481,-380.053) (-566.818,-628.657) (-489.928,-1833.173)     -2760.59106 129.68390 -2306.99739 -2731.45015 1323.11215 -3003.12063     (-983.885,-1408.338) (-1193.428,-1323.112) (-1437.479,-1680.008)      1617.51  1617.51  
17    -1761.38055 -869.98305 489.84644 -1040.59179 -1138.47148 -1328.00865     (-1271.534,-380.137) (-550.745,-648.625) (-489.846,-1817.855)     -2728.56225 129.68177 -2307.07899 -2715.29548 1303.22610 -2987.88439     (-1003.853,-1412.069) (-1173.544,-1303.226) (-1425.336,-1684.658)      1599.1  1599.1  
18    -1729.35175 -869.98518 489.76485 -1024.43712 -1158.35754 -1312.77240     (-1239.587,-380.220) (-534.672,-668.593) (-489.765,-1802.537)     -2696.53345 129.67963 -2307.16058 -2699.14081 1283.34005 -2972.64814     (-1023.821,-1415.801) (-1153.660,-1283.340) (-1413.193,-1689.308)      1581.36  1581.36  
19    -1697.32294 -869.98731 489.68326 -1008.28245 -1178.24359 -1297.53615     (-1207.640,-380.304) (-518.599,-688.560) (-489.683,-1787.219)     -2664.50464 129.67750 -2307.24217 -2682.98614 1263.45400 -2957.41190     (-1043.788,-1419.532) (-1133.776,-1263.454) (-1401.051,-1693.958)      1564.28  1564.28  
20    -1665.29413 -869.98945 489.60166 -992.12778 -1198.12964 -1282.29991     (-1175.692,-380.388) (-502.526,-708.528) (-489.602,-1771.902)     -2632.47584 129.67537 -2307.32376 -2666.83147 1243.56795 -2942.17565     (-1063.756,-1423.264) (-1113.893,-1243.568) (-1388.908,-1698.608)      1547.91  1547.91  
21    -1633.26533 -869.99158 489.52007 -975.97310 -1218.01569 -1267.06366     (-1143.745,-380.472) (-486.453,-728.496) (-489.520,-1756.584)     -2600.44703 129.67323 -2307.40536 -2650.67680 1223.68189 -2926.93940     (-1083.723,-1426.995) (-1094.009,-1223.682) (-1376.765,-1703.258)      1532.26  1532.26  
22    -1601.23652 -869.99372 489.43848 -959.81843 -1237.90174 -1251.82741     (-1111.798,-380.555) (-470.380,-748.463) (-489.438,-1741.266)     -2568.41822 129.67110 -2307.48695 -2634.52212 1203.79584 -2911.70316     (-1103.691,-1430.726) (-1074.125,-1203.796) (-1364.622,-1707.907)      1517.35  1517.35  
23    -1569.20771 -869.99585 489.35688 -943.66376 -1257.78779 -1236.59117     (-1079.851,-380.639) (-454.307,-768.431) (-489.357,-1725.948)     -2536.38942 129.66896 -2307.56854 -2618.36745 1183.90979 -2896.46691     (-1123.659,-1434.458) (-1054.241,-1183.910) (-1352.480,-1712.557)      1503.21  1503.21  
24    -1537.17891 -869.99798 489.27529 -927.50909 -1277.67384 -1221.35492     (-1047.904,-380.723) (-438.234,-788.399) (-489.275,-1710.630)     -2504.36061 129.66683 -2307.65014 -2602.21278 1164.02374 -2881.23066     (-1143.626,-1438.189) (-1034.357,-1164.024) (-1340.337,-1717.207)      1489.85  1489.85  
25    -1505.15010 -870.00012 489.19370 -911.35442 -1297.55990 -1206.11868     (-1015.956,-380.806) (-422.161,-808.366) (-489.194,-1695.312)     -2472.33181 129.66470 -2307.73173 -2586.05811 1144.13769 -2865.99442     (-1163.594,-1441.920) (-1014.473,-1144.138) (-1328.194,-1721.857)      1477.3  1477.3  
26    -1473.12130 -870.00225 489.11210 -895.19975 -1317.44595 -1190.88243     (-984.009,-380.890) (-406.088,-828.334) (-489.112,-1679.995)     -2440.30300 129.66256 -2307.81332 -2569.90344 1124.25164 -2850.75817     (-1183.562,-1445.652) (-994.589,-1124.252) (-1316.051,-1726.507)      1465.58  1465.58  
27    -1441.09249 -870.00438 489.03051 -879.04508 -1337.33200 -1175.64618     (-952.062,-380.974) (-390.015,-848.301) (-489.031,-1664.677)     -2408.27419 129.66043 -2307.89492 -2553.74877 1104.36558 -2835.52192     (-1203.529,-1449.383) (-974.705,-1104.366) (-1303.909,-1731.156)      1454.71  1454.71  
28    -1409.06368 -870.00652 488.94892 -862.89040 -1357.21805 -1160.40994     (-920.115,-381.058) (-373.941,-868.269) (-488.949,-1649.359)     -2376.24539 129.65830 -2307.97651 -2537.59410 1084.47953 -2820.28568     (-1223.497,-1453.115) (-954.821,-1084.480) (-1291.766,-1735.806)      1444.71  1444.71  
29    -1377.03488 -870.00865 488.86733 -846.73573 -1377.10410 -1145.17369     (-888.168,-381.141) (-357.868,-888.237) (-488.867,-1634.041)     -2344.21658 129.65616 -2308.05810 -2521.43942 1064.59348 -2805.04943     (-1243.465,-1456.846) (-934.937,-1064.593) (-1279.623,-1740.456)      1435.6  1435.6  
30    -1345.00607 -870.01079 488.78573 -830.58106 -1396.99015 -1129.93744     (-856.220,-381.225) (-341.795,-908.204) (-488.786,-1618.723)     -2312.18778 129.65403 -2308.13970 -2505.28475 1044.70743 -2789.81318     (-1263.432,-1460.577) (-915.053,-1044.707) (-1267.480,-1745.106)      1427.39  1427.39  
31    -1312.97727 -870.01292 488.70414 -814.42639 -1416.87620 -1114.70120     (-824.273,-381.309) (-325.722,-928.172) (-488.704,-1603.405)     -2280.15897 129.65189 -2308.22129 -2489.13008 1024.82138 -2774.57694     (-1283.400,-1464.309) (-895.169,-1024.821) (-1255.338,-1749.756)      1420.1  1420.1  
32    -1280.94846 -870.01505 488.62255 -798.27172 -1436.76226 -1099.46495     (-792.326,-381.393) (-309.649,-948.140) (-488.623,-1588.087)     -2248.13016 129.64976 -2308.30288 -2472.97541 1004.93533 -2759.34069     (-1303.368,-1468.040) (-875.286,-1004.935) (-1243.195,-1754.405)      1413.74  1413.74  
33    -1248.91965 -870.01719 488.54095 -782.11705 -1456.64831 -1084.22870     (-760.379,-381.476) (-293.576,-968.107) (-488.541,-1572.770)     -2216.10136 129.64763 -2308.38447 -2456.82074 985.04928 -2744.10444     (-1323.335,-1471.771) (-855.402,-985.049) (-1231.052,-1759.055)      1408.33  1408.33  
34    -1216.89085 -870.01932 488.45936 -765.96238 -1476.53436 -1068.99246     (-728.431,-381.560) (-277.503,-988.075) (-488.459,-1557.452)     -2184.07255 129.64549 -2308.46607 -2440.66607 965.16322 -2728.86820     (-1343.303,-1475.503) (-835.518,-965.163) (-1218.909,-1763.705)      1403.88  1403.88  
35    -1184.86204 -870.02145 488.37777 -749.80770 -1496.42041 -1053.75621     (-696.484,-381.644) (-261.430,-1008.043) (-488.378,-1542.134)     -2152.04375 129.64336 -2308.54766 -2424.51140 945.27717 -2713.63195     (-1363.270,-1479.234) (-815.634,-945.277) (-1206.767,-1768.355)      1400.39  1400.39  
36    -1152.83324 -870.02359 488.29617 -733.65303 -1516.30646 -1038.51996     (-664.537,-381.727) (-245.357,-1028.010) (-488.296,-1526.816)     -2120.01494 129.64123 -2308.62925 -2408.35672 925.39112 -2698.39570     (-1383.238,-1482.966) (-795.750,-925.391) (-1194.624,-1773.005)      1397.87  1397.87  
37    -1120.80443 -870.02572 488.21458 -717.49836 -1536.19251 -1023.28372     (-632.590,-381.811) (-229.284,-1047.978) (-488.215,-1511.498)     -2087.98613 129.63909 -2308.71085 -2392.20205 905.50507 -2683.15946     (-1403.206,-1486.697) (-775.866,-905.505) (-1182.481,-1777.654)      1396.34  1396.34  
38    -1088.77562 -870.02786 488.13299 -701.34369 -1556.07856 -1008.04747     (-600.643,-381.895) (-213.211,-1067.946) (-488.133,-1496.180)     -2055.95733 129.63696 -2308.79244 -2376.04738 885.61902 -2667.92321     (-1423.173,-1490.428) (-755.982,-885.619) (-1170.338,-1782.304)      1395.78  1395.78  
39    -1056.74682 -870.02999 488.05139 -685.18902 -1575.96462 -992.81122     (-568.695,-381.979) (-197.138,-1087.913) (-488.051,-1480.863)     -2023.92852 129.63482 -2308.87403 -2359.89271 865.73297 -2652.68697     (-1443.141,-1494.160) (-736.098,-865.733) (-1158.196,-1786.954)      1396.21  1396.21  
40    -1024.71801 -870.03212 487.96980 -669.03435 -1595.85067 -977.57498     (-536.748,-382.062) (-181.065,-1107.881) (-487.970,-1465.545)     -1991.89972 129.63269 -2308.95563 -2343.73804 845.84692 -2637.45072     (-1463.109,-1497.891) (-716.214,-845.847) (-1146.053,-1791.604)      1397.63  1397.63  
41    -992.68921 -870.03426 487.88821 -652.87968 -1615.73672 -962.33873     (-504.801,-382.146) (-164.991,-1127.849) (-487.888,-1450.227)     -1959.87091 129.63056 -2309.03722 -2327.58337 825.96086 -2622.21447     (-1483.076,-1501.623) (-696.330,-825.961) (-1133.910,-1796.254)      1400.02  1400.02  
42    -960.66040 -870.03639 487.80661 -636.72500 -1635.62277 -947.10248     (-472.854,-382.230) (-148.918,-1147.816) (-487.807,-1434.909)     -1927.84210 129.62842 -2309.11881 -2311.42870 806.07481 -2606.97823     (-1503.044,-1505.354) (-676.446,-806.075) (-1121.767,-1800.903)      1403.38  1403.38  
43    -928.63159 -870.03853 487.72502 -620.57033 -1655.50882 -931.86624     (-440.907,-382.314) (-132.845,-1167.784) (-487.725,-1419.591)     -1895.81330 129.62629 -2309.20041 -2295.27402 786.18876 -2591.74198     (-1523.012,-1509.085) (-656.562,-786.189) (-1109.625,-1805.553)      1407.72  1407.72  
44    -896.60279 -870.04066 487.64343 -604.41566 -1675.39487 -916.62999     (-408.959,-382.397) (-116.772,-1187.751) (-487.643,-1404.273)     -1863.78449 129.62416 -2309.28200 -2279.11935 766.30271 -2576.50573     (-1542.979,-1512.817) (-636.679,-766.303) (-1097.482,-1810.203)      1413.01  1413.01  
45    -864.57398 -870.04279 487.56184 -588.26099 -1695.28093 -901.39374     (-377.012,-382.481) (-100.699,-1207.719) (-487.562,-1388.956)     -1831.75569 129.62202 -2309.36359 -2262.96468 746.41666 -2561.26949     (-1562.947,-1516.548) (-616.795,-746.417) (-1085.339,-1814.853)      1419.25  1419.25  
46    -832.54518 -870.04493 487.48024 -572.10632 -1715.16698 -886.15750     (-345.065,-382.565) (-84.626,-1227.687) (-487.480,-1373.638)     -1799.72688 129.61989 -2309.44519 -2246.81001 726.53061 -2546.03324     (-1582.915,-1520.279) (-596.911,-726.531) (-1073.196,-1819.503)      1410.05  1410.05  
47    -800.51637 -870.04706 487.39865 -555.95165 -1735.05303 -870.92125     (-313.118,-382.648) (-68.553,-1247.654) (-487.399,-1358.320)     -1767.69807 129.61775 -2309.52678 -2230.65534 706.64456 -2530.79699     (-1602.882,-1524.011) (-577.027,-706.645) (-1061.054,-1824.152)      1401.71  1401.71  
48    -768.48756 -870.04919 487.31706 -539.79698 -1754.93908 -855.68501     (-281.171,-382.732) (-52.480,-1267.622) (-487.317,-1343.002)     -1735.66927 129.61562 -2309.60837 -2214.50067 686.75850 -2515.56075     (-1622.850,-1527.742) (-557.143,-686.759) (-1048.911,-1828.802)      1394.29  1394.29  
49    -736.45876 -870.05133 487.23546 -523.64230 -1774.82513 -840.44876     (-249.223,-382.816) (-36.407,-1287.590) (-487.235,-1327.684)     -1703.64046 129.61349 -2309.68996 -2198.34600 666.87245 -2500.32450     (-1642.818,-1531.474) (-537.259,-666.872) (-1036.768,-1833.452)      1383.93  1383.93  
50    -704.42995 -870.05346 487.15387 -507.48763 -1794.71118 -825.21251     (-217.276,-382.900) (-20.334,-1307.557) (-487.154,-1312.366)     -1671.61166 129.61135 -2309.77156 -2182.19132 646.98640 -2485.08825     (-1662.785,-1535.205) (-517.375,-646.986) (-1024.625,-1838.102)      1374.18  1374.18  
51    -672.40115 -870.05560 487.07228 -491.33296 -1814.59723 -809.97627     (-185.329,-382.983) (-4.261,-1327.525) (-487.072,-1297.049)     -1639.58285 129.60922 -2309.85315 -2166.03665 627.10035 -2469.85201     (-1682.753,-1538.936) (-497.491,-627.100) (-1012.482,-1842.752)      1365.37  1365.37  
52    -640.37234 -870.05773 486.99068 -475.17829 -1834.48329 -794.74002     (-1269.918,-371.255) (-11.812,-1359.305) (-475.178,-141.569)     -1607.55404 129.60709 -2309.93474 -2149.88198 607.21430 -2454.61576     (-1702.720,-1542.668) (-477.607,-607.214) (-1000.340,-1847.401)      1357.51  1357.51  
53    -608.34353 -870.05986 486.90909 -459.02362 -1854.36934 -779.50377     (-1238.527,-355.265) (-27.885,-1395.346) (-459.024,-93.549)     -1575.52524 129.60495 -2310.01634 -2133.72731 587.32825 -2439.37951     (-1722.688,-1546.399) (-457.723,-587.328) (-988.197,-1852.051)      1350.63  1350.63  
54    -576.31473 -870.06200 486.82750 -442.86895 -1874.25539 -764.26753     (-1207.136,-339.276) (-43.959,-1431.386) (-442.869,-45.529)     -1543.49643 129.60282 -2310.09793 -2117.57264 567.44220 -2424.14327     (-1742.656,-1550.130) (-437.839,-567.442) (-976.054,-1856.701)      1344.73  1344.73  
55    -544.28592 -870.06413 486.74590 -426.71428 -1894.14144 -749.03128     (-57.540,-320.795) (-1173.254,-1464.936) (-429.206,-2.492)     -1511.46763 129.60068 -2310.17952 -2101.41797 547.55614 -2408.90702     (-1762.623,-1553.862) (-417.955,-547.556) (-963.911,-1861.351)      1339.83  1339.83  
56    -512.25712 -870.06626 486.66431 -410.55960 -1914.02749 -733.79503     (-25.593,-256.785) (-1093.843,-1452.956) (-461.072,-50.512)     -1479.43882 129.59855 -2310.26112 -2085.26330 527.67009 -2393.67077     (-1782.591,-1557.593) (-398.072,-527.670) (-951.769,-1866.001)      1335.93  1335.93  
57    -480.22831 -870.06840 486.58272 -394.40493 -1933.91354 -718.55879     (-6.354,-199.130) (-1008.077,-486.583) (-1434.622,-92.178)     -1447.41001 129.59642 -2310.34271 -2069.10862 507.78404 -2378.43453     (-1802.559,-1561.325) (-378.188,-507.784) (-939.626,-1870.650)      1333.06  1333.06  
58    -448.19950 -870.07053 486.50112 -378.25026 -1953.79959 -703.32254     (-38.302,-167.068) (-896.719,-486.501) (-1390.695,-108.251)     -1415.38121 129.59428 -2310.42430 -2052.95395 487.89799 -2363.19828     (-1822.526,-1565.056) (-358.304,-487.898) (-927.483,-1875.300)      1331.21  1331.21  
59    -416.17070 -870.07267 486.41953 -362.09559 -1973.68565 -688.08629     (-70.249,-135.005) (-785.360,-486.420) (-1346.768,-124.324)     -1383.35240 129.59215 -2310.50590 -2036.79928 468.01194 -2347.96203     (-1842.494,-1568.787) (-338.420,-468.012) (-915.340,-1879.950)      1330.39  1330.39  
60    -384.14189 -870.07480 486.33794 -345.94092 -1993.57170 -672.85005     (-102.196,-102.943) (-674.002,-486.338) (-1302.842,-140.397)     -1351.32360 129.59001 -2310.58749 -2020.64461 448.12589 -2332.72579     (-1862.462,-1572.519) (-318.536,-448.126) (-903.198,-1884.600)      1330.61  1330.61  
61    -352.11309 -870.07693 486.25635 -329.78625 -2013.45775 -657.61380     (-134.143,-70.880) (-562.643,-486.256) (-1258.915,-156.470)     -1319.29479 129.58788 -2310.66908 -2004.48994 428.23984 -2317.48954     (-1882.429,-1576.250) (-298.652,-428.240) (-891.055,-1889.250)      1331.85  1331.85  
62    -320.08428 -870.07907 486.17475 -313.63158 -2033.34380 -642.37755     (-166.090,-38.818) (-451.285,-486.175) (-1214.988,-172.543)     -1287.26598 129.58575 -2310.75068 -1988.33527 408.35378 -2302.25330     (-1902.397,-1579.981) (-278.768,-408.354) (-878.912,-1893.900)      1334.12  1334.12  
63    -288.05547 -870.08120 486.09316 -297.47690 -2053.22985 -627.14131     (-198.038,-6.756) (-339.927,-486.093) (-1171.061,-188.616)     -1255.23718 129.58361 -2310.83227 -1972.18060 388.46773 -2287.01705     (-1922.365,-1583.713) (-258.884,-388.468) (-866.769,-1898.549)      1337.42  1337.42  
64    -256.02667 -870.08333 486.01157 -281.32223 -2073.11590 -611.90506     (-255.292,-25.307) (-1101.828,-460.705) (-203.261,-179.382)     -1223.20837 129.58148 -2310.91386 -1956.02592 368.58168 -2271.78080     (-1942.332,-1587.444) (-239.000,-368.582) (-854.627,-1903.199)      1341.73  1341.73  
65    -223.99786 -870.08547 485.92997 -265.16756 -2093.00195 -596.66881     (-319.301,-57.369) (-1025.838,-428.561) (-59.840,-163.393)     -1191.17957 129.57935 -2310.99545 -1939.87125 348.69563 -2256.54456     (-1962.300,-1591.176) (-219.116,-348.696) (-842.484,-1907.849)      1347.04  1347.04  
66    -191.96906 -870.08760 485.84838 -249.01289 -2112.88801 -581.43257     (-299.731,-866.269) (-5.851,-312.836) (-83.580,-230.984)     -1159.15076 129.57721 -2311.07705 -1923.71658 328.80958 -2241.30831     (-1982.267,-1594.907) (-199.232,-328.810) (-830.341,-1912.499)      1353.35  1353.35  
67    -159.94025 -870.08974 485.76679 -232.85822 -2132.77406 -566.19632     (-252.909,-541.352) (-105.507,-242.778) (-121.494,-114.812)     -1127.12195 129.57508 -2311.15864 -1907.56191 308.92353 -2226.07206     (-2002.235,-1598.638) (-179.348,-308.924) (-818.198,-1917.149)      1360.64  1360.64  
68    -127.91144 -870.09187 485.68519 -216.70355 -2152.66011 -550.96008     (-134.626,-140.908) (-193.024,-102.615) (-75.957,-229.514)     -1095.09315 129.57294 -2311.24023 -1891.40724 289.03747 -2210.83582     (-2022.203,-1602.370) (-159.465,-289.037) (-806.056,-1921.798)      1368.89  1368.89  
69    -95.88264 -870.09400 485.60360 -200.54888 -2172.54616 -535.72383                            -1063.06434 129.57081 -2311.32183 -1875.25257 269.15142 -2195.59957     invalid  
70    -63.85383 -870.09614 485.52201 -184.39420 -2192.43221 -520.48758                            -1031.03554 129.56868 -2311.40342 -1859.09790 249.26537 -2180.36332     invalid  
71    -31.82503 -870.09827 485.44041 -168.23953 -2212.31826 -505.25134                            -999.00673 129.56654 -2311.48501 -1842.94322 229.37932 -2165.12708     invalid  
72      0.20378 -870.10040 485.35882 -152.08486 -2232.20431 -490.01509                            -966.97792 129.56441 -2311.56661 -1826.78855 209.49327 -2149.89083     invalid  
73     32.23259 -870.10254 485.27723 -135.93019 -2252.09037 -474.77884                            -934.94912 129.56228 -2311.64820 -1810.63388 189.60722 -2134.65458     invalid  
74     64.26139 -870.10467 485.19564 -119.77552 -2271.97642 -459.54260                            -902.92031 129.56014 -2311.72979 -1794.47921 169.72117 -2119.41834     invalid  
75     96.29020 -870.10681 485.11404 -103.62085 -2291.86247 -444.30635                            -870.89151 129.55801 -2311.81139 -1778.32454 149.83511 -2104.18209     invalid  
76    128.31900 -870.10894 485.03245 -87.46618 -2311.74852 -429.07010                            -838.86270 129.55587 -2311.89298 -1762.16987 129.94906 -2088.94584     invalid  
77    160.34781 -870.11107 484.95086 -71.31150 -2331.63457 -413.83386                            -806.83389 129.55374 -2311.97457 -1746.01520 110.06301 -2073.70960     invalid  
78    192.37662 -870.11321 484.86926 -55.15683 -2351.52062 -398.59761                            -774.80509 129.55161 -2312.05616 -1729.86052  90.17696 -2058.47335     invalid  
79    224.40542 -870.11534 484.78767 -39.00216 -2371.40667 -383.36136                            -742.77628 129.54947 -2312.13776 -1713.70585  70.29091 -2043.23710     invalid  
80    256.43423 -870.11748 484.70608 -22.84749 -2391.29273 -368.12512                            -710.74747 129.54734 -2312.21935 -1697.55118  50.40486 -2028.00086     invalid  
81    288.46303 -870.11961 484.62448  -6.69282 -2411.17878 -352.88887                            -678.71867 129.54521 -2312.30094 -1681.39651  30.51881 -2012.76461     invalid  
82    320.49184 -870.12174 484.54289   9.46185 -2431.06483 -337.65262                            -646.68986 129.54307 -2312.38254 -1665.24184  10.63275 -1997.52836     invalid  
83    352.52065 -870.12388 484.46130  25.61652 -2450.95088 -322.41638                            -614.66106 129.54094 -2312.46413 -1649.08717  -9.25330 -1982.29212     invalid  
84    384.54945 -870.12601 484.37970  41.77120 -2470.83693 -307.18013                            -582.63225 129.53880 -2312.54572 -1632.93250 -29.13935 -1967.05587     invalid  
85    416.57826 -870.12814 484.29811  57.92587 -2490.72298 -291.94388                            -550.60344 129.53667 -2312.62732 -1616.77782 -49.02540 -1951.81963     invalid  
86    448.60706 -870.13028 484.21652  74.08054 -2510.60904 -276.70764                            -518.57464 129.53454 -2312.70891 -1600.62315 -68.91145 -1936.58338     invalid  
87    480.63587 -870.13241 484.13492  90.23521 -2530.49509 -261.47139                            -486.54583 129.53240 -2312.79050 -1584.46848 -88.79750 -1921.34713     invalid  
88    512.66468 -870.13455 484.05333 106.38988 -2550.38114 -246.23514                            -454.51703 129.53027 -2312.87210 -1568.31381 -108.68355 -1906.11089     invalid  
89    544.69348 -870.13668 483.97174 122.54455 -2570.26719 -230.99890                            -422.48822 129.52814 -2312.95369 -1552.15914 -128.56961 -1890.87464     invalid  
90    576.72229 -870.13881 483.89015 138.69922 -2590.15324 -215.76265                            -390.45941 129.52600 -2313.03528 -1536.00447 -148.45566 -1875.63839     invalid  
91    608.75109 -870.14095 483.80855 154.85390 -2610.03929 -200.52641                            -358.43061 129.52387 -2313.11688 -1519.84980 -168.34171 -1860.40215     invalid  
92    640.77990 -870.14308 483.72696 171.00857 -2629.92534 -185.29016                            -326.40180 129.52173 -2313.19847 -1503.69512 -188.22776 -1845.16590     invalid  
93    672.80871 -870.14521 483.64537 187.16324 -2649.81140 -170.05391                            -294.37300 129.51960 -2313.28006 -1487.54045 -208.11381 -1829.92965     invalid  
94    704.83751 -870.14735 483.56377 203.31791 -2669.69745 -154.81767                            -262.34419 129.51747 -2313.36165 -1471.38578 -227.99986 -1814.69341     invalid  
95    736.86632 -870.14948 483.48218 219.47258 -2689.58350 -139.58142                            -230.31538 129.51533 -2313.44325 -1455.23111 -247.88591 -1799.45716     invalid  
96    768.89512 -870.15162 483.40059 235.62725 -2709.46955 -124.34517                            -198.28658 129.51320 -2313.52484 -1439.07644 -267.77197 -1784.22091     invalid  
97    800.92393 -870.15375 483.31899 251.78192 -2729.35560 -109.10893                            -166.25777 129.51106 -2313.60643 -1422.92177 -287.65802 -1768.98467     invalid  
98    832.95274 -870.15588 483.23740 267.93660 -2749.24165 -93.87268                            -134.22897 129.50893 -2313.68803 -1406.76710 -307.54407 -1753.74842     invalid  
99    864.98154 -870.15802 483.15581 284.09127 -2769.12770 -78.63643                            -102.20016 129.50680 -2313.76962 -1390.61242 -327.43012 -1738.51217     invalid  
